
-3.95595, -0.71185, 618.54004, 48.25495, -50.26077,  6.96812
-3.95595, -0.71185, 618.54004, 48.78523, -50.72188,  6.96812
-3.95595, -1.42370, 618.54004, 48.78523, -51.18299,  7.19752
-3.25267, -0.71185, 615.47797, 48.78523, -50.72188,  6.96812
-3.25267, -0.71185, 618.54004, 48.25495, -51.18299,  6.96812
-2.54939, -0.71185, 621.60212, 48.78523, -51.64410,  6.73872
-2.54939, -1.42370, 621.60212, 48.78523, -52.10520,  6.96812
-2.54939, -1.42370, 621.60212, 48.78523, -52.10520,  6.73872
-3.25267, -1.42370, 618.54004, 48.25495, -52.10520,  6.73872
-3.25267, -1.42370, 618.54004, 48.25495, -52.56631,  6.73872
-3.25267, -1.42370, 618.54004, 48.25495, -52.10520,  6.73872
-3.25267, -1.42370, 618.54004, 48.25495, -52.10520,  6.73872
-3.25267, -2.13555, 618.54004, 47.72468, -52.10520,  6.73872
-3.25267, -1.42370, 618.54004, 48.25495, -52.10520,  6.73872
-3.25267, -2.13555, 618.54004, 47.72468, -51.64410,  6.50931
-3.25267, -2.84740, 618.54004, 47.19440, -51.64410,  6.50931
-3.25267, -2.84740, 618.54004, 46.66413, -51.18299,  6.50931
-3.95595, -3.55925, 621.60212, 46.66413, -51.18299,  6.50931
-3.95595, -3.55925, 618.54004, 46.66413, -51.18299,  6.27991
-3.95595, -2.84740, 618.54004, 46.66413, -50.72188,  6.50931
-4.65923, -2.84740, 618.54004, 46.66413, -50.72188,  6.50931
-4.65923, -2.84740, 618.54004, 46.13386, -50.26077,  6.73872
-4.65923, -2.13555, 615.47797, 46.66413, -49.79966,  6.50931
-4.65923, -2.13555, 615.47797, 46.13386, -50.26077,  6.50931
-3.95595, -2.84740, 618.54004, 47.19440, -50.26077,  6.50931
-3.95595, -2.84740, 618.54004, 46.66413, -50.26077,  6.50931
-3.95595, -2.13555, 621.60212, 47.19440, -50.26077,  6.50931
-5.36250, -1.42370, 618.54004, 46.66413, -50.26077,  6.73872
-4.65923, -1.42370, 618.54004, 47.19440, -49.79966,  6.73872
-4.65923, -2.13555, 618.54004, 47.19440, -50.26077,  6.73872
-4.65923, -1.42370, 618.54004, 46.66413, -50.26077,  6.73872
-4.65923, -1.42370, 618.54004, 47.19440, -50.26077,  6.96812
-4.65923, -1.42370, 618.54004, 47.19440, -50.26077,  6.96812
-4.65923, -1.42370, 618.54004, 47.19440, -50.72188,  6.96812
-3.25267, -2.13555, 618.54004, 47.19440, -50.72188,  6.73872
-3.95595, -1.42370, 618.54004, 47.72468, -51.64410,  6.73872
-4.65923, -2.13555, 618.54004, 47.72468, -51.18299,  6.73872
-4.65923, -2.13555, 618.54004, 47.72468, -51.18299,  6.73872
-3.95595, -2.13555, 618.54004, 47.72468, -51.64410,  6.73872
-3.95595, -2.13555, 618.54004, 47.72468, -51.64410,  6.50931
-3.25267, -2.84740, 618.54004, 47.72468, -52.10520,  6.50931
-3.25267, -2.84740, 615.47797, 47.72468, -51.64410,  6.50931
-3.95595, -2.13555, 618.54004, 47.72468, -52.10520,  6.73872
-3.25267, -2.84740, 618.54004, 47.19440, -52.10520,  6.96812
-3.25267, -2.84740, 618.54004, 47.19440, -52.56631,  6.50931
-3.25267, -2.84740, 618.54004, 47.19440, -52.10520,  6.50931
-3.25267, -2.84740, 618.54004, 46.13386, -52.56631,  6.50931
-2.54939, -3.55925, 618.54004, 46.13386, -53.02742,  6.50931
-2.54939, -4.27110, 618.54004, 45.60358, -53.48853,  6.27991
-1.84611, -4.27110, 621.60212, 45.60358, -53.48853,  6.27991
-1.84611, -4.27110, 618.54004, 45.07331, -53.48853,  6.50931
-1.84611, -3.55925, 618.54004, 45.60358, -53.48853,  6.50931
-1.84611, -3.55925, 618.54004, 46.13386, -53.48853,  6.50931
-2.54939, -2.84740, 615.47797, 46.13386, -53.02742,  6.73872
-2.54939, -2.84740, 615.47797, 46.66413, -53.02742,  6.50931
-2.54939, -2.84740, 618.54004, 47.19440, -53.02742,  6.50931
-2.54939, -2.13555, 618.54004, 47.19440, -53.02742,  6.50931
-1.84611, -2.84740, 618.54004, 47.19440, -53.48853,  6.50931
-2.54939, -2.13555, 618.54004, 47.19440, -53.02742,  6.73872
-2.54939, -2.13555, 618.54004, 47.72468, -52.56631,  6.73872
-2.54939, -1.42370, 618.54004, 48.25495, -52.56631,  6.50931
-2.54939, -1.42370, 618.54004, 48.25495, -52.56631,  6.73872
-2.54939, -2.13555, 618.54004, 48.25495, -52.56631,  6.50931
-3.25267, -2.13555, 615.47797, 48.25495, -51.64410,  6.50931
-3.95595, -1.42370, 615.47797, 48.25495, -51.64410,  6.50931
-3.95595, -1.42370, 618.54004, 48.78523, -50.72188,  6.73872
-3.95595, -1.42370, 618.54004, 48.78523, -50.72188,  6.73872
-3.25267, -2.13555, 621.60212, 48.25495, -50.72188,  6.73872
-3.95595, -2.13555, 618.54004, 48.78523, -50.72188,  6.73872
-4.65923, -2.13555, 621.60212, 48.78523, -50.26077,  6.73872
-4.65923, -2.13555, 621.60212, 49.31550, -50.26077,  6.73872
-5.36250, -2.13555, 618.54004, 49.31550, -49.79966,  6.73872
-5.36250, -1.42370, 618.54004, 49.31550, -49.79966,  6.96812
-4.65923, -1.42370, 618.54004, 49.84577, -49.33856,  6.96812
-5.36250, -2.13555, 621.60212, 49.84577, -49.33856,  6.96812
-5.36250, -1.42370, 618.54004, 50.37605, -49.79966,  6.96812
-5.36250, -1.42370, 618.54004, 49.84577, -49.79966,  6.96812
-4.65923, -1.42370, 621.60212, 50.37605, -49.79966,  6.96812
-5.36250, -0.71185, 618.54004, 50.90632, -49.79966,  6.96812
-4.65923, -0.71185, 621.60212, 50.37605, -49.79966,  6.96812
-5.36250, -0.71185, 618.54004, 50.90632, -49.79966,  6.96812
-5.36250, -0.71185, 618.54004, 50.90632, -49.79966,  6.73872
-5.36250, -1.42370, 621.60212, 50.90632, -49.33856,  6.96812
-5.36250, -1.42370, 618.54004, 50.37605, -49.79966,  6.96812
-5.36250, -1.42370, 615.47797, 50.37605, -49.33856,  6.96812
-4.65923, -0.71185, 618.54004, 50.90632, -49.79966,  6.73872
-4.65923, -0.71185, 618.54004, 50.37605, -49.33856,  6.73872
-5.36250, -1.42370, 618.54004, 50.37605, -49.33856,  6.73872
-3.95595, -1.42370, 615.47797, 50.37605, -49.79966,  6.73872
-3.95595, -1.42370, 618.54004, 50.37605, -49.79966,  6.73872
-4.65923, -1.42370, 618.54004, 49.84577, -49.79966,  6.50931
-4.65923, -1.42370, 618.54004, 49.84577, -49.79966,  6.50931
-4.65923, -1.42370, 618.54004, 49.31550, -49.79966,  6.73872
-4.65923, -1.42370, 618.54004, 49.31550, -50.26077,  6.73872
-4.65923, -1.42370, 618.54004, 49.84577, -50.72188,  6.73872
-4.65923, -1.42370, 618.54004, 49.31550, -50.72188,  6.73872
-5.36250, -1.42370, 618.54004, 49.31550, -50.72188,  6.73872
-4.65923, -2.13555, 618.54004, 48.78523, -51.18299,  6.73872
-3.95595, -2.13555, 621.60212, 48.25495, -51.64410,  6.73872
-3.95595, -2.84740, 618.54004, 48.25495, -51.64410,  6.73872
-3.95595, -2.13555, 618.54004, 47.72468, -51.64410,  6.73872
-3.95595, -2.84740, 621.60212, 47.72468, -51.64410,  6.50931
-4.65923, -2.84740, 618.54004, 47.72468, -51.64410,  6.73872
-3.95595, -2.84740, 618.54004, 47.19440, -51.64410,  6.73872
-3.25267, -3.55925, 618.54004, 46.66413, -52.10520,  6.73872
-3.25267, -3.55925, 618.54004, 46.66413, -52.10520,  6.73872
-3.95595, -2.84740, 618.54004, 46.66413, -52.56631,  6.73872
-3.25267, -3.55925, 618.54004, 46.66413, -52.56631,  6.96812
-3.25267, -3.55925, 618.54004, 46.66413, -53.02742,  6.96812
-3.25267, -3.55925, 618.54004, 46.66413, -53.02742,  6.73872
-2.54939, -2.84740, 618.54004, 46.66413, -53.02742,  6.50931
-3.25267, -3.55925, 621.60212, 46.66413, -53.48853,  6.50931
-3.25267, -2.84740, 618.54004, 46.66413, -53.02742,  6.73872
-3.95595, -3.55925, 618.54004, 47.19440, -53.48853,  6.73872
-3.25267, -2.84740, 618.54004, 46.66413, -53.48853,  6.73872
-2.54939, -2.84740, 618.54004, 47.19440, -53.94964,  6.73872
-1.84611, -2.84740, 618.54004, 47.19440, -53.94964,  6.50931
-2.54939, -2.84740, 621.60212, 47.19440, -54.41074,  6.50931
-2.54939, -3.55925, 618.54004, 47.19440, -53.94964,  6.50931
-3.25267, -2.84740, 618.54004, 47.72468, -54.41074,  6.27991
-2.54939, -2.84740, 621.60212, 47.72468, -53.94964,  6.27991
-2.54939, -2.84740, 618.54004, 48.25495, -54.41074,  6.27991
-3.25267, -2.13555, 618.54004, 48.25495, -53.48853,  6.50931
-3.25267, -2.13555, 615.47797, 48.25495, -53.48853,  6.50931
-3.25267, -2.13555, 618.54004, 48.78523, -53.02742,  6.50931
-3.25267, -2.84740, 618.54004, 48.78523, -53.02742,  6.50931
-3.95595, -2.13555, 618.54004, 49.31550, -53.02742,  6.50931
-3.95595, -2.13555, 618.54004, 49.31550, -52.56631,  6.50931
-3.95595, -1.42370, 618.54004, 49.84577, -53.02742,  6.50931
-3.95595, -1.42370, 618.54004, 50.37605, -53.02742,  6.50931
-3.95595, -1.42370, 618.54004, 50.37605, -53.48853,  6.73872
-3.95595, -0.71185, 621.60212, 50.90632, -53.48853,  6.50931
-3.95595, -1.42370, 618.54004, 50.90632, -53.48853,  6.50931
-3.95595, -1.42370, 621.60212, 50.90632, -53.94964,  6.50931
-3.95595, -1.42370, 618.54004, 50.90632, -53.94964,  6.50931
-3.25267, -1.42370, 621.60212, 51.43660, -53.94964,  6.73872
-3.25267, -1.42370, 618.54004, 50.90632, -53.94964,  6.73872
-3.25267, -1.42370, 618.54004, 50.90632, -53.94964,  6.73872
-3.25267, -1.42370, 618.54004, 50.90632, -53.48853,  6.73872
-3.95595, -1.42370, 618.54004, 50.90632, -53.48853,  6.73872
-3.95595, -1.42370, 618.54004, 50.90632, -53.48853,  6.73872
-3.95595, -1.42370, 618.54004, 50.90632, -53.48853,  6.73872
-3.95595, -2.13555, 618.54004, 50.90632, -53.94964,  6.73872
-3.25267, -2.13555, 618.54004, 50.37605, -53.94964,  6.73872
-3.25267, -2.13555, 618.54004, 50.90632, -53.94964,  6.73872
-3.95595, -1.42370, 618.54004, 50.90632, -53.48853,  6.73872
-3.95595, -1.42370, 618.54004, 50.37605, -53.02742,  6.96812
-3.95595, -1.42370, 615.47797, 50.90632, -53.48853,  6.96812
-3.95595, -1.42370, 615.47797, 50.37605, -53.02742,  6.96812
-4.65923, -1.42370, 615.47797, 50.37605, -53.02742,  6.73872
-3.95595, -2.13555, 618.54004, 50.37605, -53.02742,  6.73872
-3.95595, -1.42370, 618.54004, 49.84577, -53.48853,  6.73872
-3.95595, -1.42370, 618.54004, 49.84577, -53.48853,  6.73872
-3.95595, -2.13555, 618.54004, 49.84577, -53.94964,  6.73872
-3.95595, -1.42370, 618.54004, 49.84577, -53.48853,  6.96812
-4.65923, -1.42370, 621.60212, 50.37605, -53.48853,  6.73872
-3.95595, -1.42370, 618.54004, 50.37605, -53.94964,  6.73872
-3.95595, -2.13555, 618.54004, 50.37605, -53.94964,  6.73872
-3.95595, -1.42370, 618.54004, 50.37605, -53.94964,  6.73872
-3.95595, -1.42370, 621.60212, 50.37605, -54.41074,  6.73872
-3.95595, -1.42370, 621.60212, 50.37605, -54.87185,  6.50931
-3.25267, -1.42370, 618.54004, 50.37605, -54.87185,  6.73872
-2.54939, -1.42370, 618.54004, 49.31550, -54.87185,  6.73872
-2.54939, -1.42370, 618.54004, 48.78523, -54.87185,  6.50931
-2.54939, -2.13555, 618.54004, 49.31550, -54.41074,  6.50931
-3.25267, -2.84740, 615.47797, 49.31550, -54.87185,  6.50931
-3.25267, -2.84740, 618.54004, 48.78523, -54.87185,  6.27991
-2.54939, -2.84740, 618.54004, 48.78523, -54.87185,  6.50931
-3.25267, -2.13555, 618.54004, 48.78523, -54.87185,  6.50931
-3.95595, -2.84740, 618.54004, 47.72468, -54.41074,  6.50931
-3.25267, -2.84740, 621.60212, 48.25495, -54.41074,  6.73872
-3.25267, -3.55925, 621.60212, 47.72468, -54.41074,  6.73872
-3.25267, -3.55925, 618.54004, 47.72468, -54.41074,  6.50931
-3.95595, -4.27110, 618.54004, 47.72468, -53.94964,  6.50931
-3.25267, -3.55925, 621.60212, 47.19440, -54.41074,  6.50931
-3.95595, -3.55925, 618.54004, 47.72468, -53.94964,  6.73872
-3.95595, -3.55925, 618.54004, 47.19440, -53.94964,  6.73872
-4.65923, -4.27110, 618.54004, 47.72468, -53.94964,  6.50931
-4.65923, -3.55925, 618.54004, 47.72468, -53.48853,  6.73872
-4.65923, -3.55925, 618.54004, 47.72468, -53.48853,  6.50931
-3.95595, -3.55925, 615.47797, 47.72468, -53.48853,  6.50931
-4.65923, -3.55925, 615.47797, 48.25495, -53.48853,  6.50931
-3.95595, -2.84740, 618.54004, 48.25495, -53.48853,  6.50931
-3.95595, -3.55925, 618.54004, 48.78523, -53.48853,  6.73872
-3.95595, -2.84740, 618.54004, 48.78523, -52.56631,  6.73872
-3.95595, -2.84740, 615.47797, 48.78523, -53.02742,  6.73872
-4.65923, -2.84740, 618.54004, 49.84577, -53.02742,  6.73872
-4.65923, -1.42370, 618.54004, 50.37605, -53.02742,  6.73872
-4.65923, -1.42370, 618.54004, 50.90632, -53.02742,  6.96812
-4.65923, -0.71185, 618.54004, 51.43660, -53.48853,  6.73872
-3.95595, -1.42370, 618.54004, 51.43660, -53.48853,  6.73872
-4.65923, -0.71185, 618.54004, 51.96687, -53.48853,  6.73872
-5.36250,  0.00000, 618.54004, 52.49715, -53.48853,  6.96812
-4.65923, -0.71185, 618.54004, 52.49715, -53.48853,  6.73872
-4.65923,  0.00000, 618.54004, 52.49715, -53.94964,  6.73872
-3.95595,  0.00000, 618.54004, 52.49715, -53.94964,  6.73872
-3.95595,  0.00000, 621.60212, 51.96687, -54.41074,  6.50931
-4.65923, -0.71185, 621.60212, 52.49715, -54.41074,  6.73872
-3.95595, -0.71185, 621.60212, 52.49715, -54.41074,  6.73872
-3.95595, -0.71185, 618.54004, 52.49715, -54.87185,  6.73872
-3.25267, -0.71185, 618.54004, 52.49715, -54.87185,  6.73872
-3.95595, -0.71185, 618.54004, 51.43660, -54.87185,  6.73872
-3.95595, -0.71185, 618.54004, 51.96687, -54.87185,  6.73872
-3.95595, -1.42370, 615.47797, 51.43660, -54.87185,  6.73872
-3.95595, -1.42370, 618.54004, 51.43660, -54.87185,  6.73872
-3.95595, -2.13555, 618.54004, 50.90632, -54.87185,  6.73872
-3.95595, -2.13555, 618.54004, 50.90632, -54.87185,  6.50931
-3.95595, -2.84740, 618.54004, 50.37605, -54.87185,  6.73872
-3.95595, -2.13555, 618.54004, 49.84577, -54.41074,  6.73872
-4.65923, -2.13555, 618.54004, 50.37605, -54.41074,  6.73872
-5.36250, -2.13555, 618.54004, 50.37605, -54.41074,  6.73872
-4.65923, -2.84740, 615.47797, 49.84577, -53.94964,  6.50931
-4.65923, -2.84740, 618.54004, 49.84577, -54.41074,  6.73872
-4.65923, -2.84740, 618.54004, 49.31550, -54.41074,  6.50931
-3.95595, -2.84740, 618.54004, 49.31550, -54.41074,  6.73872
-3.95595, -2.84740, 618.54004, 49.31550, -54.41074,  6.50931
-3.95595, -2.84740, 618.54004, 49.31550, -54.41074,  6.50931
-3.95595, -2.13555, 618.54004, 49.84577, -54.87185,  6.73872
-3.95595, -2.84740, 618.54004, 49.84577, -54.87185,  6.73872
-3.25267, -2.13555, 618.54004, 49.31550, -55.33296,  6.50931
-3.95595, -2.13555, 618.54004, 50.37605, -55.33296,  6.73872
-3.95595, -2.13555, 618.54004, 50.90632, -55.33296,  6.73872
-4.65923, -2.13555, 618.54004, 50.90632, -55.33296,  6.50931
-4.65923, -1.42370, 621.60212, 51.43660, -55.33296,  6.73872
-4.65923, -0.71185, 615.47797, 51.43660, -55.33296,  6.73872
-4.65923, -1.42370, 615.47797, 51.43660, -55.33296,  6.73872
-3.95595, -0.71185, 615.47797, 51.96687, -55.79407,  6.73872
-3.95595, -0.71185, 618.54004, 51.96687, -56.71628,  6.73872
-3.25267, -0.71185, 618.54004, 51.96687, -56.71628,  6.96812
-3.95595,  0.00000, 618.54004, 51.96687, -57.17739,  6.73872
-3.95595,  0.00000, 618.54004, 51.43660, -57.17739,  6.73872
-3.95595,  0.71185, 618.54004, 51.96687, -57.63850,  6.50931
-3.25267,  0.00000, 618.54004, 51.43660, -57.63850,  6.73872
-3.95595, -0.71185, 621.60212, 51.43660, -58.09961,  6.73872
-3.25267, -0.71185, 621.60212, 50.90632, -58.56072,  6.50931
-2.54939, -1.42370, 621.60212, 50.37605, -58.56072,  6.50931
-2.54939, -1.42370, 621.60212, 49.31550, -59.02182,  6.50931
-1.84611, -2.13555, 621.60212, 49.31550, -59.02182,  6.27991
-1.84611, -3.55925, 621.60212, 48.25495, -58.56072,  6.05051
-2.54939, -4.27110, 618.54004, 47.72468, -58.56072,  6.05051
-1.84611, -2.84740, 618.54004, 47.19440, -58.56072,  6.05051
-2.54939, -3.55925, 618.54004, 46.66413, -58.56072,  6.05051
-2.54939, -4.27110, 615.47797, 46.66413, -58.56072,  6.05051
-2.54939, -4.98295, 615.47797, 46.13386, -58.56072,  6.05051
-2.54939, -4.27110, 618.54004, 46.13386, -59.02182,  6.27991
-3.25267, -4.98295, 618.54004, 46.13386, -59.02182,  6.05051
-3.25267, -4.98295, 618.54004, 46.13386, -58.56072,  6.05051
-2.54939, -4.98295, 618.54004, 45.60358, -58.56072,  6.05051
-2.54939, -4.27110, 618.54004, 46.13386, -58.56072,  6.05051
-3.25267, -4.27110, 618.54004, 46.66413, -58.56072,  6.27991
-3.95595, -3.55925, 618.54004, 46.13386, -58.56072,  6.27991
-3.25267, -4.27110, 618.54004, 46.66413, -58.56072,  6.05051
-3.25267, -3.55925, 618.54004, 46.66413, -58.56072,  6.27991
-3.25267, -3.55925, 618.54004, 47.19440, -58.56072,  6.50931
-3.25267, -2.84740, 618.54004, 47.19440, -59.02182,  6.73872
-3.25267, -2.84740, 618.54004, 47.72468, -59.02182,  6.73872
-3.25267, -2.13555, 618.54004, 48.25495, -58.56072,  6.73872
-3.95595, -2.13555, 615.47797, 48.25495, -58.56072,  6.50931
-3.95595, -2.13555, 615.47797, 48.78523, -58.09961,  6.50931
-3.95595, -1.42370, 618.54004, 49.31550, -58.09961,  6.73872
-4.65923, -1.42370, 618.54004, 49.31550, -58.09961,  6.73872
-5.36250, -1.42370, 618.54004, 49.31550, -58.09961,  6.73872
-3.95595, -1.42370, 618.54004, 49.84577, -58.09961,  6.73872
-4.65923, -1.42370, 618.54004, 49.31550, -58.09961,  6.50931
-4.65923, -2.13555, 621.60212, 49.84577, -58.09961,  6.50931
-4.65923, -2.13555, 618.54004, 50.37605, -58.09961,  6.50931
-3.95595, -1.42370, 621.60212, 49.84577, -57.63850,  6.50931
-4.65923, -1.42370, 618.54004, 49.84577, -58.09961,  6.50931
-3.95595, -2.13555, 618.54004, 49.84577, -58.56072,  6.27991
-3.95595, -1.42370, 618.54004, 49.84577, -58.09961,  6.27991
-3.95595, -2.13555, 618.54004, 49.31550, -58.56072,  6.27991
-3.25267, -2.84740, 618.54004, 49.31550, -59.02182,  6.27991
-3.95595, -1.42370, 615.47797, 49.31550, -58.56072,  6.27991
-3.95595, -2.13555, 618.54004, 49.31550, -59.02182,  6.50931
-3.95595, -2.84740, 618.54004, 48.78523, -59.02182,  6.27991
-2.54939, -2.13555, 618.54004, 49.31550, -59.02182,  6.27991
-3.25267, -2.13555, 618.54004, 48.78523, -59.02182,  6.27991
-3.25267, -2.84740, 618.54004, 48.25495, -59.02182,  6.27991
-3.25267, -2.84740, 618.54004, 48.78523, -59.02182,  6.27991
-3.95595, -2.84740, 618.54004, 49.31550, -59.02182,  6.05051
-3.25267, -2.13555, 618.54004, 49.31550, -59.02182,  6.05051
-3.25267, -2.84740, 621.60212, 48.78523, -59.02182,  6.27991
-3.95595, -2.13555, 618.54004, 48.78523, -59.02182,  6.27991
-3.25267, -2.84740, 621.60212, 48.78523, -59.02182,  6.27991
-3.25267, -2.84740, 618.54004, 49.31550, -59.02182,  6.27991
-3.25267, -2.13555, 618.54004, 49.31550, -59.02182,  6.27991
-3.95595, -2.13555, 618.54004, 48.78523, -59.02182,  6.50931
-3.95595, -2.13555, 618.54004, 49.31550, -58.56072,  6.50931
-3.25267, -2.13555, 618.54004, 49.84577, -59.02182,  6.50931
-3.25267, -2.13555, 618.54004, 49.31550, -59.02182,  6.50931
-3.25267, -2.84740, 615.47797, 49.31550, -59.48293,  6.27991
-2.54939, -1.42370, 618.54004, 49.84577, -59.48293,  6.27991
-2.54939, -1.42370, 618.54004, 49.84577, -59.48293,  6.50931
-3.25267, -2.13555, 618.54004, 49.84577, -59.02182,  6.50931
-3.95595, -2.13555, 618.54004, 49.31550, -59.02182,  6.50931
-3.95595, -1.42370, 618.54004, 49.84577, -59.48293,  6.50931
-3.25267, -2.13555, 618.54004, 49.84577, -59.48293,  6.50931
-3.25267, -2.13555, 621.60212, 49.84577, -59.48293,  6.50931
-3.25267, -2.13555, 618.54004, 49.84577, -59.48293,  6.50931
-3.25267, -1.42370, 618.54004, 50.37605, -59.48293,  6.50931
-3.95595, -1.42370, 618.54004, 49.84577, -59.48293,  6.50931
-3.95595, -2.13555, 621.60212, 49.84577, -59.48293,  6.50931
-3.95595, -2.13555, 618.54004, 49.84577, -59.48293,  6.50931
-3.95595, -1.42370, 618.54004, 49.84577, -59.02182,  6.27991
-3.25267, -2.13555, 618.54004, 50.37605, -59.02182,  6.27991
-3.95595, -2.13555, 618.54004, 49.84577, -59.02182,  6.50931
-3.95595, -2.13555, 621.60212, 49.84577, -58.56072,  6.50931
-3.95595, -2.13555, 618.54004, 49.84577, -59.02182,  6.50931
-3.95595, -2.84740, 618.54004, 49.84577, -58.56072,  6.27991
-3.95595, -2.84740, 618.54004, 49.31550, -58.56072,  6.50931
-3.95595, -2.84740, 618.54004, 49.31550, -58.56072,  6.50931
-3.95595, -2.84740, 615.47797, 49.84577, -58.56072,  6.50931
-4.65923, -2.84740, 615.47797, 49.31550, -58.56072,  6.27991
-3.95595, -2.84740, 621.60212, 49.84577, -58.56072,  6.50931
-3.95595, -2.84740, 618.54004, 49.84577, -58.56072,  6.27991
-3.95595, -2.13555, 621.60212, 50.37605, -59.02182,  6.50931
-3.95595, -2.13555, 618.54004, 50.37605, -59.02182,  6.27991
-3.25267, -2.13555, 618.54004, 50.37605, -59.48293,  6.05051
-3.25267, -2.84740, 621.60212, 50.90632, -59.48293,  6.27991
-3.95595, -2.13555, 618.54004, 50.37605, -59.94404,  6.05051
-3.25267, -2.13555, 618.54004, 50.90632, -59.48293,  6.27991
-3.95595, -1.42370, 618.54004, 50.37605, -59.48293,  6.27991
-3.95595, -1.42370, 615.47797, 50.90632, -59.02182,  6.27991
-3.95595, -1.42370, 615.47797, 50.90632, -59.02182,  6.27991
-3.95595, -2.13555, 618.54004, 50.90632, -59.48293,  6.05051
-3.25267, -2.13555, 618.54004, 51.43660, -59.94404,  6.27991
-3.25267, -2.13555, 618.54004, 50.90632, -59.94404,  6.50931
-3.25267, -1.42370, 618.54004, 50.90632, -59.94404,  6.27991
-3.25267, -2.13555, 618.54004, 50.90632, -59.94404,  6.50931
-3.25267, -2.13555, 621.60212, 50.37605, -59.48293,  6.27991
-3.95595, -2.13555, 618.54004, 50.90632, -59.48293,  6.27991
-3.95595, -2.13555, 618.54004, 51.43660, -59.48293,  6.27991
-3.25267, -1.42370, 618.54004, 50.90632, -59.48293,  6.27991
-3.95595, -1.42370, 618.54004, 50.90632, -59.48293,  6.50931
-3.95595, -2.13555, 621.60212, 50.90632, -59.94404,  6.50931
-3.95595, -2.13555, 621.60212, 50.90632, -59.94404,  6.27991
-3.25267, -2.13555, 618.54004, 50.37605, -59.48293,  6.27991
-3.25267, -2.13555, 618.54004, 50.37605, -59.94404,  6.27991
-3.95595, -2.13555, 618.54004, 50.37605, -59.94404,  6.27991
-3.95595, -2.13555, 621.60212, 50.37605, -59.48293,  6.50931
-3.95595, -2.13555, 621.60212, 50.37605, -59.02182,  6.73872
-3.95595, -2.84740, 618.54004, 50.37605, -59.02182,  6.50931
-3.95595, -2.84740, 621.60212, 50.37605, -59.02182,  6.50931
-3.95595, -2.84740, 615.47797, 49.84577, -58.56072,  6.27991
-4.65923, -2.84740, 618.54004, 50.37605, -58.56072,  6.50931
-4.65923, -2.84740, 618.54004, 49.84577, -58.56072,  6.73872
-5.36250, -2.84740, 621.60212, 50.37605, -58.56072,  6.73872
-4.65923, -2.84740, 621.60212, 50.37605, -58.56072,  6.50931
-4.65923, -2.84740, 618.54004, 50.37605, -58.56072,  6.50931
-3.95595, -2.84740, 618.54004, 50.90632, -59.02182,  6.50931
-4.65923, -2.84740, 618.54004, 50.90632, -59.02182,  6.50931
-4.65923, -2.13555, 618.54004, 51.43660, -59.02182,  6.73872
-4.65923, -2.13555, 621.60212, 51.43660, -59.48293,  6.73872
-4.65923, -2.13555, 621.60212, 51.43660, -59.48293,  6.50931
-4.65923, -1.42370, 621.60212, 50.90632, -59.48293,  6.50931
-3.95595, -2.13555, 621.60212, 51.43660, -59.94404,  6.50931
-3.95595, -2.13555, 621.60212, 51.43660, -59.94404,  6.50931
-3.95595, -1.42370, 618.54004, 51.43660, -59.94404,  6.50931
-4.65923, -1.42370, 615.47797, 51.96687, -59.94404,  6.50931
-3.95595, -1.42370, 618.54004, 51.96687, -59.94404,  6.50931
-3.95595, -2.13555, 618.54004, 51.96687, -60.40515,  6.50931
-3.95595, -2.13555, 618.54004, 51.96687, -60.86626,  6.27991
-3.95595, -1.42370, 618.54004, 51.96687, -60.40515,  6.27991
-3.95595, -2.13555, 618.54004, 51.96687, -60.40515,  6.50931
-3.25267, -2.13555, 618.54004, 51.96687, -60.40515,  6.27991
-3.95595, -2.13555, 618.54004, 51.96687, -60.40515,  6.50931
-3.25267, -2.13555, 618.54004, 51.96687, -60.40515,  6.27991
-3.25267, -1.42370, 618.54004, 51.96687, -60.86626,  6.27991
-3.95595, -1.42370, 618.54004, 51.96687, -60.86626,  6.50931
-3.95595, -1.42370, 621.60212, 51.96687, -60.86626,  6.27991
-3.95595, -1.42370, 618.54004, 51.96687, -60.86626,  6.50931
-3.25267, -1.42370, 618.54004, 51.96687, -61.78847,  6.27991
-3.95595, -1.42370, 618.54004, 51.96687, -61.32736,  6.27991
-3.25267, -1.42370, 621.60212, 51.96687, -61.32736,  6.27991
-3.25267, -1.42370, 618.54004, 51.96687, -61.78847,  6.27991
-3.25267, -1.42370, 618.54004, 51.96687, -61.78847,  6.27991
-3.95595, -2.13555, 621.60212, 51.96687, -61.78847,  6.05051
-3.95595, -2.13555, 618.54004, 51.43660, -61.78847,  6.27991
-3.95595, -2.13555, 618.54004, 51.43660, -61.32736,  6.27991
-3.95595, -2.13555, 618.54004, 51.43660, -61.78847,  6.27991
-3.95595, -2.84740, 618.54004, 50.90632, -61.78847,  6.50931
-3.95595, -2.13555, 618.54004, 50.90632, -61.78847,  6.50931
-3.95595, -2.84740, 621.60212, 50.37605, -61.32736,  6.50931
-3.95595, -2.84740, 615.47797, 50.90632, -61.78847,  6.27991
-3.95595, -2.84740, 615.47797, 50.90632, -61.32736,  6.50931
-3.95595, -2.84740, 615.47797, 51.43660, -61.78847,  6.27991
-3.95595, -2.84740, 621.60212, 50.90632, -62.24958,  6.27991
-3.95595, -2.84740, 618.54004, 51.43660, -62.24958,  6.27991
-3.95595, -2.13555, 618.54004, 50.90632, -62.71069,  6.50931
-3.95595, -1.42370, 618.54004, 51.43660, -62.71069,  6.50931
-3.95595, -2.13555, 618.54004, 51.43660, -62.71069,  6.50931
-3.25267, -2.13555, 618.54004, 51.43660, -63.17180,  6.50931
-3.25267, -2.13555, 618.54004, 51.43660, -62.71069,  6.27991
-3.25267, -2.13555, 618.54004, 50.90632, -63.17180,  6.05051
-2.54939, -2.13555, 615.47797, 51.43660, -63.17180,  5.82110
-2.54939, -2.13555, 618.54004, 50.90632, -63.63290,  6.05051
-2.54939, -2.13555, 618.54004, 50.90632, -63.63290,  5.82110
-2.54939, -2.84740, 618.54004, 50.37605, -63.63290,  5.82110
-2.54939, -2.84740, 621.60212, 50.37605, -63.63290,  6.05051
-3.25267, -2.13555, 618.54004, 50.37605, -63.63290,  6.05051
-2.54939, -2.13555, 618.54004, 50.90632, -63.63290,  6.05051
-2.54939, -2.13555, 618.54004, 50.37605, -64.09401,  6.05051
-3.25267, -2.13555, 618.54004, 50.90632, -63.63290,  6.05051
-3.25267, -2.13555, 618.54004, 50.90632, -63.63290,  6.27991
-3.95595, -2.13555, 621.60212, 50.90632, -63.17180,  6.27991
-3.25267, -2.13555, 618.54004, 50.90632, -63.63290,  6.50931
-3.95595, -1.42370, 618.54004, 50.90632, -62.71069,  6.50931
-3.95595, -1.42370, 618.54004, 50.90632, -63.17180,  6.50931
-3.95595, -2.13555, 621.60212, 51.43660, -63.17180,  6.50931
-4.65923, -2.13555, 618.54004, 51.43660, -63.17180,  6.50931
-4.65923, -0.71185, 618.54004, 51.43660, -63.17180,  6.50931
-4.65923, -1.42370, 618.54004, 51.43660, -63.17180,  6.50931
-4.65923, -2.13555, 621.60212, 50.90632, -63.17180,  6.50931
-3.95595, -1.42370, 618.54004, 50.90632, -63.17180,  6.27991
-3.95595, -2.13555, 621.60212, 50.90632, -64.09401,  6.27991
-3.95595, -2.13555, 618.54004, 50.90632, -63.63290,  6.27991
-3.95595, -2.13555, 621.60212, 50.37605, -64.09401,  6.27991
-3.25267, -2.13555, 621.60212, 50.90632, -64.09401,  6.05051
-3.25267, -2.84740, 618.54004, 49.84577, -64.09401,  6.05051
-3.95595, -2.13555, 621.60212, 49.84577, -64.55512,  6.05051
-3.95595, -2.13555, 618.54004, 49.84577, -64.09401,  6.05051
-3.95595, -3.55925, 618.54004, 49.84577, -64.55512,  6.05051
-3.25267, -3.55925, 618.54004, 49.31550, -64.55512,  6.05051
-3.25267, -3.55925, 618.54004, 49.84577, -64.55512,  5.82110
-2.54939, -3.55925, 618.54004, 49.84577, -65.01623,  5.82110
-2.54939, -3.55925, 615.47797, 49.31550, -65.47734,  5.82110
-2.54939, -2.84740, 618.54004, 49.31550, -65.47734,  6.05051
-3.25267, -2.84740, 618.54004, 49.84577, -65.93844,  5.82110
-2.54939, -2.84740, 618.54004, 49.84577, -65.93844,  5.82110
-1.84611, -2.84740, 618.54004, 49.84577, -65.93844,  5.82110
-1.84611, -2.13555, 618.54004, 49.84577, -66.39955,  5.82110
-1.14283, -2.84740, 618.54004, 49.84577, -66.39955,  5.59170
-1.14283, -2.13555, 618.54004, 49.84577, -66.86066,  5.82110
-1.84611, -2.13555, 621.60212, 50.37605, -66.86066,  6.05051
-1.84611, -2.13555, 618.54004, 50.37605, -66.86066,  6.05051
-1.84611, -2.13555, 621.60212, 50.90632, -66.86066,  6.05051
-1.84611, -2.13555, 621.60212, 50.90632, -66.39955,  5.82110
-1.84611, -2.13555, 618.54004, 50.90632, -66.39955,  5.82110
-1.84611, -1.42370, 618.54004, 50.90632, -66.39955,  6.05051
-2.54939, -1.42370, 618.54004, 50.90632, -65.93844,  6.27991
-3.25267, -1.42370, 621.60212, 50.37605, -65.93844,  6.27991
-2.54939, -2.13555, 618.54004, 50.90632, -65.93844,  6.27991
-2.54939, -2.13555, 618.54004, 50.37605, -66.39955,  6.27991
-1.84611, -2.13555, 618.54004, 50.37605, -65.93844,  6.27991
-2.54939, -2.13555, 618.54004, 49.84577, -65.47734,  6.05051
-2.54939, -2.13555, 618.54004, 49.84577, -65.47734,  6.05051
-3.25267, -2.13555, 618.54004, 49.84577, -65.47734,  6.27991
-2.54939, -2.13555, 618.54004, 49.84577, -65.01623,  6.27991
-2.54939, -3.55925, 618.54004, 49.31550, -65.47734,  6.05051
-2.54939, -2.84740, 621.60212, 49.84577, -65.01623,  6.05051
-2.54939, -2.84740, 618.54004, 49.84577, -64.55512,  6.05051
-3.25267, -3.55925, 618.54004, 49.84577, -64.09401,  6.05051
-3.95595, -3.55925, 618.54004, 49.84577, -64.09401,  6.05051
-3.95595, -2.84740, 618.54004, 49.84577, -63.63290,  6.05051
-3.95595, -2.84740, 621.60212, 49.84577, -63.17180,  6.05051
-3.95595, -3.55925, 618.54004, 49.84577, -63.17180,  6.05051
-3.95595, -2.84740, 618.54004, 49.31550, -62.71069,  6.27991
-4.65923, -3.55925, 618.54004, 49.31550, -62.24958,  6.27991
-4.65923, -3.55925, 618.54004, 49.84577, -62.24958,  6.05051
-5.36250, -2.84740, 618.54004, 49.84577, -62.24958,  6.27991
-4.65923, -2.13555, 615.47797, 50.37605, -62.24958,  6.05051
-3.95595, -2.13555, 615.47797, 50.37605, -62.24958,  6.05051
-3.25267, -2.13555, 615.47797, 50.90632, -62.71069,  6.05051
-3.95595, -2.13555, 618.54004, 50.90632, -62.71069,  6.05051
-3.25267, -2.13555, 621.60212, 50.90632, -62.71069,  6.05051
-3.25267, -2.13555, 618.54004, 51.43660, -62.71069,  6.27991
-3.95595, -2.13555, 618.54004, 50.90632, -62.24958,  6.27991
-3.95595, -2.13555, 618.54004, 50.90632, -62.24958,  6.05051
-3.25267, -1.42370, 618.54004, 50.90632, -61.78847,  6.27991
-3.95595, -1.42370, 618.54004, 51.43660, -61.78847,  6.27991
-3.95595, -1.42370, 618.54004, 51.96687, -61.78847,  6.27991
-3.95595, -1.42370, 618.54004, 51.43660, -61.78847,  6.27991
-4.65923, -1.42370, 618.54004, 51.43660, -61.78847,  6.27991
-4.65923, -2.13555, 618.54004, 51.43660, -61.32736,  6.27991
-4.65923, -2.13555, 618.54004, 51.43660, -60.86626,  6.27991
-3.95595, -2.13555, 618.54004, 50.90632, -61.32736,  6.50931
-3.95595, -2.84740, 618.54004, 50.90632, -60.86626,  6.50931
-4.65923, -2.84740, 618.54004, 50.37605, -60.86626,  6.50931
-5.36250, -2.84740, 618.54004, 50.90632, -60.40515,  6.27991
-4.65923, -2.84740, 618.54004, 50.90632, -60.40515,  6.27991
-4.65923, -2.13555, 618.54004, 50.90632, -60.40515,  6.50931
-4.65923, -2.84740, 618.54004, 51.43660, -60.40515,  6.27991
-4.65923, -2.84740, 618.54004, 50.90632, -60.40515,  6.27991
-4.65923, -2.84740, 618.54004, 51.43660, -60.86626,  6.50931
-4.65923, -2.84740, 621.60212, 51.43660, -60.86626,  6.50931
-4.65923, -2.84740, 618.54004, 51.43660, -61.32736,  6.50931
-3.95595, -2.84740, 618.54004, 50.90632, -60.86626,  6.27991
-4.65923, -2.13555, 618.54004, 51.43660, -60.86626,  6.27991
-4.65923, -2.84740, 621.60212, 51.43660, -60.86626,  6.27991
-3.95595, -2.13555, 618.54004, 51.96687, -60.86626,  6.50931
-4.65923, -2.13555, 618.54004, 52.49715, -60.86626,  6.50931
-3.95595, -2.13555, 621.60212, 52.49715, -60.86626,  6.27991
-3.95595, -2.13555, 618.54004, 52.49715, -60.86626,  6.27991
-3.95595, -2.13555, 618.54004, 53.02742, -60.86626,  6.50931
-3.95595, -1.42370, 618.54004, 53.02742, -60.86626,  6.27991
-4.65923, -1.42370, 618.54004, 53.02742, -60.40515,  6.50931
-4.65923, -1.42370, 618.54004, 53.55769, -60.86626,  6.27991
-4.65923, -1.42370, 615.47797, 54.08797, -60.40515,  6.27991
-3.95595, -1.42370, 618.54004, 53.55769, -60.86626,  6.27991
-3.95595, -1.42370, 621.60212, 53.55769, -60.86626,  6.27991
-3.95595, -0.71185, 621.60212, 54.08797, -60.40515,  6.50931
-4.65923, -0.71185, 618.54004, 53.55769, -60.40515,  6.50931
-4.65923, -0.71185, 618.54004, 54.08797, -60.40515,  6.50931
-4.65923, -0.71185, 618.54004, 53.55769, -60.40515,  6.73872
-3.95595, -1.42370, 618.54004, 54.08797, -60.40515,  6.73872
-4.65923, -1.42370, 618.54004, 54.08797, -60.40515,  6.73872
-4.65923, -1.42370, 618.54004, 54.08797, -60.86626,  6.73872
-4.65923, -0.71185, 618.54004, 54.08797, -60.86626,  6.73872
-4.65923, -0.71185, 615.47797, 53.55769, -61.32736,  6.73872
-5.36250, -1.42370, 618.54004, 53.55769, -60.86626,  6.73872
-5.36250, -1.42370, 621.60212, 53.55769, -60.86626,  6.50931
-4.65923, -1.42370, 618.54004, 53.55769, -61.32736,  6.50931
-3.95595, -1.42370, 618.54004, 53.02742, -61.78847,  6.50931
-3.95595, -1.42370, 618.54004, 53.02742, -61.78847,  6.50931
-4.65923, -1.42370, 618.54004, 53.02742, -61.78847,  6.27991
-3.95595, -2.13555, 618.54004, 53.02742, -62.24958,  6.27991
-3.25267, -2.13555, 618.54004, 53.02742, -62.71069,  6.27991
-3.25267, -2.13555, 618.54004, 53.02742, -63.17180,  6.27991
-3.25267, -2.13555, 618.54004, 52.49715, -63.17180,  6.05051
-2.54939, -2.84740, 618.54004, 51.96687, -63.63290,  6.05051
-2.54939, -2.84740, 615.47797, 51.96687, -64.09401,  5.82110
-3.25267, -3.55925, 618.54004, 51.96687, -64.09401,  6.05051
-3.25267, -2.84740, 618.54004, 51.43660, -63.63290,  6.05051
-3.25267, -3.55925, 621.60212, 50.90632, -64.09401,  6.05051
-3.25267, -2.84740, 621.60212, 51.43660, -64.09401,  6.05051
-2.54939, -3.55925, 618.54004, 51.96687, -63.63290,  6.05051
-3.25267, -2.84740, 621.60212, 51.43660, -63.63290,  6.27991
-3.25267, -2.13555, 618.54004, 51.43660, -63.63290,  6.05051
-3.25267, -2.84740, 621.60212, 51.43660, -63.63290,  6.27991
-3.95595, -2.84740, 618.54004, 51.96687, -63.63290,  6.05051
-3.95595, -2.84740, 618.54004, 52.49715, -63.63290,  6.05051
-3.25267, -2.13555, 615.47797, 52.49715, -63.63290,  6.27991
-3.25267, -2.13555, 615.47797, 51.96687, -63.63290,  6.27991
-3.95595, -2.84740, 618.54004, 51.96687, -63.63290,  6.27991
-3.25267, -2.84740, 621.60212, 51.96687, -64.09401,  6.50931
-3.25267, -2.13555, 618.54004, 51.96687, -63.63290,  6.50931
-3.25267, -1.42370, 618.54004, 52.49715, -63.63290,  6.27991
-3.95595, -1.42370, 618.54004, 52.49715, -63.17180,  6.27991
-3.95595, -1.42370, 618.54004, 53.02742, -63.63290,  6.27991
-3.95595, -1.42370, 618.54004, 53.02742, -63.63290,  6.50931
-3.95595, -1.42370, 621.60212, 53.02742, -64.09401,  6.50931
-3.95595, -1.42370, 618.54004, 52.49715, -64.09401,  6.50931
-3.25267, -1.42370, 618.54004, 52.49715, -64.55512,  6.27991
-2.54939, -1.42370, 618.54004, 52.49715, -64.55512,  6.27991
-3.25267, -1.42370, 618.54004, 52.49715, -64.55512,  6.27991
-3.25267, -1.42370, 618.54004, 51.96687, -64.55512,  6.27991
-3.25267, -2.13555, 621.60212, 51.96687, -65.01623,  6.05051
-3.95595, -2.13555, 621.60212, 52.49715, -64.55512,  6.27991
-3.25267, -1.42370, 618.54004, 51.96687, -64.55512,  6.05051
-3.25267, -2.13555, 618.54004, 51.43660, -65.01623,  6.05051
-3.25267, -2.13555, 621.60212, 50.90632, -65.47734,  6.05051
-2.54939, -2.84740, 618.54004, 50.90632, -65.01623,  6.05051
-3.25267, -2.84740, 621.60212, 50.90632, -65.01623,  6.05051
-3.95595, -2.84740, 618.54004, 50.90632, -65.01623,  5.82110
-3.25267, -3.55925, 618.54004, 50.37605, -65.01623,  5.82110
-2.54939, -3.55925, 618.54004, 50.90632, -65.47734,  5.82110
-3.25267, -3.55925, 618.54004, 50.37605, -65.47734,  5.82110
-2.54939, -3.55925, 618.54004, 50.37605, -65.47734,  5.82110
-3.25267, -3.55925, 621.60212, 50.90632, -65.47734,  5.82110
-3.25267, -3.55925, 621.60212, 50.37605, -65.47734,  6.05051
-3.25267, -3.55925, 618.54004, 49.84577, -65.01623,  6.05051
-3.25267, -3.55925, 618.54004, 50.37605, -65.01623,  5.82110
-3.25267, -3.55925, 618.54004, 50.37605, -65.01623,  6.05051
-3.25267, -3.55925, 618.54004, 50.37605, -64.55512,  5.82110
-3.95595, -2.84740, 618.54004, 50.37605, -65.01623,  6.05051
-3.25267, -3.55925, 618.54004, 50.37605, -65.01623,  6.05051
-4.65923, -2.84740, 618.54004, 50.90632, -64.55512,  6.05051
-4.65923, -2.84740, 615.47797, 50.90632, -64.09401,  6.05051
-3.25267, -2.84740, 618.54004, 51.43660, -64.09401,  6.27991
-3.95595, -2.84740, 618.54004, 51.43660, -64.55512,  6.27991
-3.95595, -2.84740, 621.60212, 51.43660, -64.55512,  6.27991
-3.95595, -2.13555, 618.54004, 51.96687, -64.55512,  6.27991
-3.95595, -1.42370, 618.54004, 51.96687, -64.55512,  6.50931
-3.95595, -1.42370, 618.54004, 52.49715, -64.55512,  6.50931
-4.65923, -1.42370, 621.60212, 52.49715, -65.01623,  6.27991
-4.65923, -2.13555, 621.60212, 52.49715, -65.01623,  6.50931
-3.95595, -1.42370, 618.54004, 52.49715, -64.55512,  6.27991
-3.95595, -1.42370, 621.60212, 52.49715, -65.01623,  6.27991
-3.95595, -2.13555, 618.54004, 52.49715, -65.01623,  6.27991
-3.95595, -1.42370, 618.54004, 53.02742, -65.47734,  6.27991
-3.95595, -1.42370, 618.54004, 52.49715, -65.47734,  6.27991
-3.95595, -1.42370, 618.54004, 52.49715, -65.47734,  6.27991
-3.95595, -1.42370, 618.54004, 52.49715, -65.47734,  6.27991
-3.95595, -2.13555, 618.54004, 52.49715, -65.93844,  6.05051
-3.25267, -2.13555, 621.60212, 52.49715, -66.39955,  6.05051
-2.54939, -2.13555, 621.60212, 51.96687, -66.39955,  5.82110
-2.54939, -2.13555, 618.54004, 51.96687, -66.39955,  5.82110
-2.54939, -2.84740, 621.60212, 51.96687, -66.39955,  5.82110
-3.25267, -2.13555, 621.60212, 51.96687, -66.86066,  6.05051
-2.54939, -2.84740, 618.54004, 51.43660, -66.86066,  6.05051
-2.54939, -3.55925, 618.54004, 51.96687, -66.86066,  6.05051
-2.54939, -2.84740, 615.47797, 51.43660, -66.86066,  6.05051
-3.25267, -2.13555, 618.54004, 51.43660, -66.86066,  6.05051
-2.54939, -2.84740, 618.54004, 51.43660, -67.32177,  5.82110
-3.25267, -2.84740, 618.54004, 51.43660, -66.86066,  5.59170
-3.25267, -2.84740, 618.54004, 51.43660, -66.86066,  5.82110
-2.54939, -2.84740, 618.54004, 51.43660, -67.32177,  5.82110
-3.25267, -2.84740, 618.54004, 51.43660, -67.32177,  6.05051
-2.54939, -2.84740, 621.60212, 51.43660, -67.78288,  6.05051
-3.25267, -2.84740, 621.60212, 51.43660, -67.32177,  6.05051
-3.25267, -2.84740, 618.54004, 51.96687, -67.78288,  5.82110
-3.25267, -2.13555, 618.54004, 51.96687, -67.78288,  5.82110
-2.54939, -2.84740, 618.54004, 51.96687, -67.32177,  5.82110
-3.95595, -2.13555, 618.54004, 52.49715, -66.86066,  5.82110
-2.54939, -2.84740, 618.54004, 51.96687, -66.86066,  5.59170
-2.54939, -2.84740, 618.54004, 51.96687, -66.39955,  5.82110
-2.54939, -2.13555, 618.54004, 52.49715, -66.86066,  5.82110
-1.84611, -2.84740, 618.54004, 52.49715, -66.86066,  5.82110
-3.25267, -2.13555, 618.54004, 52.49715, -66.86066,  6.05051
-3.25267, -2.13555, 618.54004, 53.02742, -65.93844,  6.05051
-3.25267, -1.42370, 618.54004, 53.02742, -65.93844,  6.05051
-3.25267, -2.13555, 618.54004, 53.55769, -66.39955,  6.05051
-3.25267, -2.13555, 618.54004, 53.02742, -66.39955,  6.05051
-3.95595, -2.13555, 618.54004, 53.55769, -65.47734,  6.05051
-3.95595, -1.42370, 618.54004, 53.55769, -65.93844,  6.05051
-3.95595, -2.13555, 618.54004, 53.55769, -65.47734,  6.05051
-3.95595, -2.13555, 618.54004, 53.55769, -65.47734,  6.05051
-4.65923, -2.13555, 618.54004, 53.02742, -65.01623,  6.27991
-3.95595, -2.13555, 621.60212, 53.02742, -65.01623,  6.05051
-5.36250, -2.13555, 618.54004, 52.49715, -64.55512,  6.27991
-4.65923, -2.13555, 618.54004, 53.02742, -64.55512,  6.27991
-3.95595, -2.84740, 618.54004, 52.49715, -64.55512,  6.05051
-3.95595, -2.84740, 618.54004, 52.49715, -64.55512,  6.27991
-3.95595, -2.84740, 618.54004, 52.49715, -64.55512,  6.27991
-3.95595, -2.84740, 618.54004, 52.49715, -65.01623,  6.05051
-3.95595, -3.55925, 618.54004, 52.49715, -65.01623,  6.05051
-3.95595, -3.55925, 618.54004, 52.49715, -65.01623,  6.27991
-3.95595, -2.84740, 618.54004, 52.49715, -65.01623,  6.27991
-3.25267, -3.55925, 618.54004, 53.02742, -65.47734,  6.05051
-3.25267, -3.55925, 618.54004, 52.49715, -65.47734,  5.82110
-3.25267, -3.55925, 618.54004, 53.02742, -65.93844,  5.82110
-2.54939, -3.55925, 618.54004, 53.02742, -65.93844,  6.05051
-1.84611, -2.84740, 618.54004, 53.02742, -65.93844,  5.82110
-2.54939, -2.84740, 621.60212, 53.02742, -65.93844,  6.05051
-2.54939, -3.55925, 618.54004, 53.55769, -65.93844,  5.82110
-3.25267, -2.84740, 615.47797, 53.55769, -65.47734,  6.05051
-2.54939, -2.13555, 621.60212, 53.55769, -65.47734,  6.05051
-2.54939, -2.13555, 618.54004, 54.08797, -65.47734,  6.05051
-2.54939, -1.42370, 615.47797, 54.08797, -65.47734,  6.05051
-2.54939, -2.13555, 618.54004, 55.14852, -65.47734,  6.05051
-3.95595, -1.42370, 618.54004, 55.14852, -65.47734,  6.05051
-3.25267, -1.42370, 621.60212, 55.14852, -65.47734,  6.05051
-3.25267, -1.42370, 621.60212, 55.67879, -65.93844,  6.27991
-3.95595, -0.71185, 621.60212, 55.67879, -65.47734,  6.27991
-3.95595, -1.42370, 618.54004, 55.67879, -65.47734,  6.27991
-3.25267, -1.42370, 621.60212, 56.20907, -65.01623,  6.27991
-3.25267, -1.42370, 618.54004, 56.20907, -65.01623,  6.27991
-3.25267, -0.71185, 618.54004, 56.20907, -65.01623,  6.50931
-3.95595, -0.71185, 618.54004, 56.20907, -64.55512,  6.50931
-4.65923,  0.00000, 621.60212, 56.73934, -64.55512,  6.50931
-4.65923, -0.71185, 618.54004, 56.73934, -64.55512,  6.27991
-4.65923, -0.71185, 618.54004, 56.73934, -64.55512,  6.27991
-3.95595, -0.71185, 618.54004, 56.73934, -64.09401,  6.50931
-4.65923, -1.42370, 621.60212, 56.73934, -64.55512,  6.50931
-4.65923, -1.42370, 618.54004, 56.73934, -64.09401,  6.50931
-4.65923, -1.42370, 618.54004, 56.73934, -64.09401,  6.73872
-4.65923, -1.42370, 618.54004, 56.73934, -64.09401,  6.50931
-4.65923, -1.42370, 618.54004, 56.20907, -63.63290,  6.50931
-5.36250, -1.42370, 618.54004, 56.20907, -63.17180,  6.50931
-4.65923, -1.42370, 615.47797, 56.20907, -63.63290,  6.50931
-4.65923, -1.42370, 618.54004, 56.20907, -63.63290,  6.50931
-4.65923, -1.42370, 618.54004, 56.20907, -63.63290,  6.50931
-4.65923, -1.42370, 618.54004, 56.20907, -64.09401,  6.27991
-4.65923, -1.42370, 618.54004, 56.20907, -63.63290,  6.27991
-3.95595, -2.13555, 618.54004, 56.20907, -64.09401,  6.50931
-3.95595, -1.42370, 618.54004, 55.67879, -63.63290,  6.27991
-4.65923, -1.42370, 618.54004, 55.67879, -63.63290,  6.27991
-5.36250, -1.42370, 618.54004, 55.67879, -63.63290,  6.50931
-5.36250, -1.42370, 618.54004, 55.67879, -64.09401,  6.27991
-4.65923, -1.42370, 618.54004, 55.67879, -64.09401,  6.27991
-4.65923, -1.42370, 618.54004, 55.14852, -64.55512,  6.05051
-3.95595, -1.42370, 618.54004, 55.14852, -64.09401,  6.27991
-3.95595, -1.42370, 618.54004, 55.14852, -64.55512,  6.27991
-3.95595, -1.42370, 618.54004, 54.61824, -64.55512,  6.05051
-3.95595, -2.13555, 621.60212, 54.08797, -65.01623,  6.05051
-3.25267, -2.13555, 621.60212, 54.08797, -65.47734,  6.05051
-3.25267, -2.13555, 621.60212, 54.08797, -65.47734,  5.82110
-3.25267, -2.13555, 621.60212, 53.55769, -65.93844,  6.05051
-3.25267, -2.13555, 618.54004, 54.08797, -65.47734,  6.05051
-2.54939, -2.84740, 615.47797, 53.55769, -66.39955,  5.82110
-1.84611, -2.84740, 621.60212, 53.55769, -66.86066,  5.82110
-2.54939, -3.55925, 621.60212, 52.49715, -66.86066,  5.59170
-1.84611, -3.55925, 618.54004, 52.49715, -66.86066,  5.59170
-2.54939, -3.55925, 618.54004, 52.49715, -66.86066,  5.59170
-2.54939, -3.55925, 618.54004, 52.49715, -66.86066,  5.59170
-2.54939, -3.55925, 618.54004, 51.96687, -66.86066,  5.59170
-1.84611, -3.55925, 618.54004, 51.96687, -66.86066,  5.59170
-3.25267, -3.55925, 615.47797, 51.96687, -66.86066,  5.82110
-2.54939, -2.84740, 618.54004, 52.49715, -66.86066,  5.82110
-2.54939, -3.55925, 618.54004, 53.02742, -66.86066,  5.82110
-3.25267, -3.55925, 621.60212, 53.55769, -66.39955,  6.05051
-3.25267, -2.13555, 618.54004, 53.02742, -66.39955,  5.82110
-3.95595, -2.13555, 621.60212, 53.55769, -66.39955,  6.05051
-3.95595, -2.13555, 618.54004, 53.55769, -66.86066,  6.27991
-3.25267, -2.84740, 621.60212, 53.02742, -66.86066,  6.05051
-2.54939, -2.84740, 618.54004, 53.55769, -66.86066,  6.05051
-2.54939, -2.13555, 618.54004, 53.02742, -66.86066,  6.05051
-2.54939, -2.84740, 618.54004, 53.55769, -66.86066,  6.05051
-3.25267, -2.84740, 621.60212, 53.02742, -66.86066,  6.05051
-3.25267, -2.13555, 621.60212, 53.55769, -66.39955,  6.27991
-3.25267, -2.13555, 621.60212, 53.55769, -66.86066,  6.05051
-3.25267, -2.84740, 621.60212, 53.55769, -66.39955,  6.05051
-3.25267, -2.13555, 618.54004, 53.55769, -65.93844,  6.05051
-3.95595, -2.13555, 618.54004, 53.55769, -65.93844,  6.05051
-3.95595, -2.13555, 618.54004, 53.55769, -65.93844,  6.05051
-3.25267, -2.13555, 615.47797, 53.55769, -65.93844,  5.82110
-2.54939, -2.13555, 615.47797, 53.02742, -66.39955,  6.05051
-2.54939, -2.13555, 618.54004, 53.55769, -66.39955,  5.82110
-2.54939, -2.84740, 618.54004, 53.02742, -66.86066,  5.82110
-3.25267, -2.84740, 618.54004, 53.02742, -66.86066,  5.82110
-3.25267, -2.13555, 618.54004, 53.02742, -66.86066,  6.05051
-3.25267, -2.13555, 618.54004, 53.02742, -66.86066,  6.05051
-3.25267, -2.84740, 618.54004, 53.02742, -66.39955,  6.05051
-2.54939, -2.84740, 618.54004, 53.55769, -66.39955,  5.82110
-2.54939, -2.84740, 621.60212, 53.02742, -66.86066,  6.05051
-3.25267, -2.84740, 618.54004, 53.55769, -65.93844,  6.05051
-3.95595, -2.13555, 618.54004, 53.02742, -65.93844,  6.05051
-3.25267, -2.84740, 621.60212, 53.02742, -66.39955,  6.05051
-3.25267, -2.13555, 621.60212, 53.55769, -66.39955,  6.27991
-3.25267, -2.84740, 621.60212, 53.55769, -66.39955,  6.05051
-3.25267, -2.13555, 618.54004, 53.55769, -65.93844,  6.05051
-3.25267, -2.13555, 621.60212, 53.55769, -65.93844,  6.27991
-3.95595, -2.13555, 618.54004, 53.55769, -65.93844,  6.27991
-3.25267, -2.84740, 621.60212, 54.08797, -65.47734,  6.27991
-2.54939, -2.84740, 618.54004, 54.08797, -65.93844,  6.27991
-2.54939, -2.13555, 615.47797, 53.55769, -65.47734,  6.27991
-3.25267, -2.13555, 618.54004, 53.55769, -65.47734,  6.27991
-3.95595, -2.13555, 618.54004, 53.55769, -65.47734,  6.27991
-3.95595, -1.42370, 621.60212, 54.08797, -65.47734,  6.50931
-3.95595, -2.13555, 618.54004, 53.55769, -65.47734,  6.27991
-3.95595, -2.13555, 621.60212, 54.08797, -65.47734,  6.27991
-2.54939, -2.13555, 621.60212, 53.55769, -65.47734,  6.27991
-3.25267, -2.84740, 621.60212, 53.55769, -65.47734,  6.27991
-3.95595, -2.13555, 621.60212, 54.08797, -65.01623,  6.27991
-3.95595, -2.13555, 621.60212, 54.08797, -65.01623,  6.27991
-4.65923, -2.13555, 621.60212, 54.08797, -64.55512,  6.27991
-3.95595, -2.13555, 621.60212, 54.08797, -65.01623,  6.27991
-3.95595, -2.13555, 615.47797, 54.08797, -64.55512,  6.27991
-3.95595, -2.13555, 618.54004, 54.08797, -64.55512,  6.05051
-3.25267, -2.13555, 618.54004, 54.08797, -64.09401,  6.05051
-3.25267, -2.13555, 618.54004, 54.08797, -64.55512,  6.05051
-3.95595, -2.84740, 621.60212, 54.08797, -64.55512,  6.05051
-3.95595, -2.13555, 621.60212, 54.08797, -64.55512,  6.05051
-3.95595, -2.13555, 621.60212, 54.08797, -64.55512,  6.05051
-3.95595, -1.42370, 618.54004, 54.08797, -64.09401,  6.05051
-4.65923, -2.13555, 618.54004, 54.08797, -64.55512,  6.05051
-3.95595, -2.13555, 621.60212, 54.08797, -64.55512,  6.27991
-3.95595, -2.13555, 621.60212, 54.08797, -65.01623,  6.05051
-3.95595, -1.42370, 618.54004, 54.08797, -65.01623,  6.27991
-3.95595, -2.13555, 618.54004, 54.61824, -65.01623,  6.27991
-3.25267, -1.42370, 618.54004, 54.08797, -65.01623,  6.05051
-3.95595, -2.13555, 621.60212, 54.08797, -65.01623,  6.05051
-3.25267, -2.84740, 621.60212, 54.08797, -65.47734,  5.82110
-3.25267, -2.84740, 621.60212, 54.08797, -65.47734,  5.82110
-3.25267, -2.84740, 618.54004, 54.08797, -65.47734,  5.82110
-3.25267, -2.84740, 618.54004, 53.55769, -65.93844,  6.05051
-2.54939, -2.84740, 618.54004, 53.55769, -66.39955,  6.05051
-2.54939, -2.84740, 621.60212, 54.08797, -65.93844,  5.82110
-2.54939, -3.55925, 618.54004, 53.55769, -66.39955,  6.05051
-1.84611, -3.55925, 618.54004, 53.55769, -66.39955,  6.05051
-2.54939, -2.84740, 621.60212, 54.08797, -66.39955,  5.82110
-2.54939, -2.84740, 618.54004, 53.55769, -66.39955,  6.05051
-2.54939, -2.84740, 618.54004, 53.55769, -65.93844,  6.05051
-2.54939, -2.84740, 618.54004, 53.55769, -66.39955,  6.05051
-2.54939, -2.84740, 621.60212, 53.55769, -66.39955,  6.27991
-1.84611, -2.84740, 621.60212, 54.08797, -66.39955,  6.05051
-2.54939, -2.84740, 621.60212, 54.61824, -66.86066,  6.27991
-3.25267, -2.13555, 621.60212, 54.61824, -66.39955,  6.50931
-3.25267, -2.13555, 621.60212, 54.61824, -66.39955,  6.27991
-3.25267, -2.13555, 618.54004, 54.61824, -65.93844,  6.27991
-3.25267, -1.42370, 621.60212, 55.14852, -65.93844,  6.05051
-2.54939, -2.13555, 621.60212, 54.61824, -66.39955,  6.05051
-2.54939, -2.13555, 618.54004, 55.14852, -66.39955,  6.05051
-2.54939, -2.13555, 621.60212, 54.61824, -66.86066,  6.05051
-2.54939, -2.13555, 624.66420, 55.14852, -66.39955,  6.05051
-3.25267, -2.13555, 621.60212, 55.14852, -65.93844,  6.27991
-3.25267, -2.84740, 618.54004, 54.61824, -65.93844,  6.05051
-2.54939, -2.13555, 618.54004, 55.14852, -65.93844,  6.05051
-2.54939, -2.13555, 618.54004, 54.61824, -65.93844,  6.27991
-2.54939, -2.13555, 621.60212, 54.61824, -65.93844,  6.05051
-3.25267, -2.84740, 621.60212, 55.14852, -65.47734,  6.05051
-3.95595, -2.84740, 618.54004, 55.14852, -65.47734,  6.05051
-3.25267, -2.13555, 618.54004, 55.67879, -65.01623,  6.05051
-3.25267, -2.13555, 618.54004, 55.67879, -65.01623,  6.05051
-3.25267, -2.13555, 618.54004, 55.67879, -65.01623,  6.05051
-3.25267, -1.42370, 621.60212, 55.67879, -65.01623,  6.05051
-3.25267, -1.42370, 618.54004, 55.14852, -65.01623,  6.27991
-3.25267, -1.42370, 621.60212, 55.67879, -65.01623,  6.27991
-3.25267, -2.13555, 618.54004, 55.67879, -65.01623,  6.05051
-2.54939, -2.13555, 621.60212, 56.20907, -65.01623,  6.27991
-2.54939, -2.13555, 621.60212, 55.67879, -65.01623,  6.05051
-3.25267, -1.42370, 621.60212, 56.20907, -65.01623,  6.05051
-3.95595, -1.42370, 621.60212, 56.20907, -65.47734,  6.27991
-3.25267, -1.42370, 621.60212, 55.67879, -65.01623,  6.27991
-2.54939, -2.13555, 621.60212, 55.67879, -65.01623,  6.05051
-3.25267, -2.13555, 621.60212, 55.67879, -65.01623,  6.05051
-2.54939, -1.42370, 621.60212, 55.67879, -65.01623,  6.27991
-3.25267, -2.13555, 621.60212, 55.67879, -65.01623,  6.27991
-3.25267, -2.13555, 621.60212, 55.67879, -65.01623,  6.27991
-3.25267, -2.13555, 621.60212, 55.67879, -65.01623,  6.27991
-3.25267, -2.13555, 621.60212, 55.67879, -65.47734,  6.27991
-2.54939, -2.13555, 621.60212, 55.67879, -64.55512,  6.05051
-2.54939, -1.42370, 618.54004, 55.67879, -64.55512,  6.05051
-3.25267, -2.13555, 615.47797, 55.67879, -64.55512,  6.05051
-2.54939, -2.13555, 621.60212, 55.67879, -64.55512,  6.05051
-3.25267, -2.13555, 621.60212, 55.67879, -65.01623,  6.05051
-2.54939, -1.42370, 621.60212, 55.14852, -64.55512,  6.05051
-1.84611, -2.13555, 624.66420, 54.61824, -65.01623,  6.27991
-2.54939, -2.13555, 621.60212, 55.14852, -65.01623,  6.27991
-3.25267, -2.13555, 621.60212, 55.14852, -65.01623,  6.27991
-3.25267, -2.13555, 621.60212, 55.14852, -65.01623,  6.05051
-3.25267, -2.13555, 621.60212, 55.14852, -64.55512,  6.27991
-3.25267, -2.13555, 618.54004, 55.67879, -64.09401,  6.27991
-3.95595, -2.13555, 618.54004, 55.14852, -64.09401,  6.27991
-4.65923, -1.42370, 621.60212, 55.14852, -64.09401,  6.27991
-3.95595, -2.13555, 621.60212, 54.61824, -64.09401,  6.27991
-3.25267, -2.13555, 621.60212, 54.08797, -64.55512,  6.27991
-3.25267, -2.84740, 621.60212, 54.61824, -64.55512,  6.27991
-3.25267, -2.84740, 621.60212, 54.08797, -64.55512,  6.27991
-3.25267, -2.84740, 621.60212, 54.08797, -64.09401,  6.05051
-3.95595, -2.84740, 618.54004, 54.08797, -64.09401,  6.27991
-3.95595, -2.84740, 621.60212, 54.08797, -64.09401,  6.05051
-3.25267, -2.84740, 621.60212, 54.08797, -64.55512,  5.82110
-3.25267, -3.55925, 621.60212, 54.08797, -64.55512,  6.05051
-3.25267, -2.84740, 618.54004, 53.55769, -64.55512,  6.05051
-2.54939, -2.84740, 621.60212, 53.55769, -65.01623,  6.05051
-3.25267, -3.55925, 621.60212, 53.55769, -65.01623,  6.05051
-2.54939, -3.55925, 618.54004, 54.08797, -65.01623,  5.82110
-3.25267, -2.84740, 621.60212, 53.55769, -65.01623,  5.82110
-2.54939, -2.84740, 621.60212, 53.55769, -65.01623,  6.05051
-3.25267, -2.13555, 618.54004, 54.08797, -65.01623,  6.05051
-3.25267, -2.84740, 621.60212, 54.08797, -64.55512,  6.05051
-3.25267, -2.84740, 621.60212, 54.08797, -65.47734,  6.05051
-3.25267, -2.84740, 621.60212, 54.08797, -65.01623,  6.05051
-1.84611, -2.84740, 621.60212, 54.08797, -65.47734,  5.82110
-2.54939, -2.13555, 618.54004, 54.08797, -65.01623,  6.05051
-3.25267, -2.13555, 618.54004, 54.08797, -65.01623,  6.05051
-2.54939, -2.13555, 621.60212, 54.61824, -65.01623,  6.05051
-2.54939, -2.84740, 618.54004, 54.61824, -65.47734,  6.05051
-1.84611, -2.13555, 621.60212, 54.61824, -65.93844,  6.05051
-1.84611, -3.55925, 621.60212, 54.08797, -65.93844,  6.05051
-2.54939, -2.84740, 621.60212, 54.61824, -65.47734,  6.05051
-3.25267, -2.13555, 621.60212, 54.08797, -65.01623,  6.05051
-3.25267, -2.13555, 621.60212, 54.61824, -65.01623,  6.27991
-2.54939, -2.84740, 621.60212, 54.61824, -65.47734,  6.27991
-3.25267, -2.84740, 618.54004, 54.61824, -65.47734,  6.05051
-2.54939, -2.13555, 618.54004, 54.61824, -65.01623,  6.27991
-2.54939, -2.13555, 621.60212, 55.14852, -65.47734,  6.27991
-3.25267, -2.13555, 621.60212, 55.14852, -65.01623,  6.50931
-3.25267, -2.13555, 621.60212, 55.14852, -65.01623,  6.50931
-3.25267, -2.13555, 621.60212, 55.14852, -65.47734,  6.27991
-2.54939, -2.13555, 621.60212, 55.14852, -65.01623,  6.27991
-3.25267, -2.13555, 621.60212, 55.14852, -65.01623,  6.27991
-3.95595, -2.13555, 621.60212, 55.14852, -65.01623,  6.27991
-3.95595, -2.13555, 621.60212, 55.14852, -64.55512,  6.27991
-3.95595, -1.42370, 621.60212, 55.14852, -64.55512,  6.27991
-3.25267, -2.13555, 621.60212, 55.14852, -64.55512,  6.27991
-3.25267, -2.13555, 621.60212, 55.14852, -65.01623,  6.27991
-3.25267, -2.13555, 621.60212, 55.14852, -65.01623,  6.27991
-3.25267, -2.13555, 621.60212, 55.14852, -65.01623,  6.27991
-3.95595, -2.13555, 621.60212, 55.14852, -65.47734,  6.05051
-2.54939, -2.13555, 621.60212, 55.14852, -65.01623,  6.05051
-2.54939, -2.84740, 621.60212, 55.14852, -65.47734,  6.05051
-2.54939, -2.13555, 618.54004, 55.14852, -65.47734,  6.05051
-3.25267, -2.13555, 621.60212, 54.61824, -65.47734,  5.82110
-2.54939, -2.84740, 621.60212, 54.61824, -65.93844,  5.82110
-2.54939, -2.13555, 621.60212, 55.14852, -65.93844,  5.82110
-2.54939, -2.84740, 618.54004, 54.61824, -65.93844,  5.82110
-1.84611, -2.13555, 621.60212, 54.61824, -65.93844,  6.05051
-1.84611, -2.13555, 618.54004, 55.14852, -65.93844,  6.05051
-2.54939, -2.13555, 621.60212, 55.14852, -65.93844,  5.82110
-2.54939, -2.84740, 621.60212, 55.14852, -66.39955,  6.05051
-2.54939, -2.84740, 621.60212, 55.67879, -66.39955,  6.05051
-1.84611, -2.13555, 621.60212, 55.67879, -66.86066,  6.05051
-2.54939, -2.13555, 621.60212, 55.67879, -66.39955,  6.05051
-2.54939, -1.42370, 618.54004, 55.14852, -66.39955,  6.05051
-2.54939, -2.13555, 621.60212, 55.14852, -66.39955,  6.05051
-2.54939, -2.13555, 621.60212, 55.14852, -66.39955,  6.27991
-2.54939, -2.13555, 621.60212, 55.14852, -66.86066,  6.27991
-2.54939, -2.13555, 621.60212, 55.14852, -66.39955,  6.27991
-2.54939, -2.13555, 621.60212, 55.14852, -66.39955,  6.27991
-1.84611, -2.13555, 618.54004, 55.14852, -66.39955,  6.05051
-2.54939, -2.13555, 621.60212, 55.14852, -66.86066,  6.27991
-2.54939, -2.13555, 621.60212, 55.14852, -66.39955,  6.27991
-1.84611, -2.13555, 621.60212, 55.14852, -66.39955,  6.27991
-2.54939, -2.13555, 621.60212, 54.61824, -66.39955,  6.05051
-2.54939, -2.84740, 621.60212, 54.61824, -66.39955,  6.05051
-1.84611, -3.55925, 618.54004, 54.08797, -66.39955,  6.05051
-1.84611, -2.84740, 621.60212, 54.61824, -66.86066,  5.82110
-1.84611, -3.55925, 618.54004, 54.08797, -66.39955,  6.05051
-2.54939, -2.84740, 618.54004, 54.08797, -66.39955,  6.05051
-2.54939, -3.55925, 621.60212, 54.61824, -66.86066,  5.82110
-1.84611, -2.84740, 621.60212, 54.08797, -66.86066,  5.82110
-1.84611, -2.84740, 621.60212, 54.08797, -66.39955,  5.82110
-2.54939, -2.84740, 621.60212, 54.61824, -65.93844,  5.82110
-3.25267, -3.55925, 621.60212, 54.61824, -66.39955,  6.05051
-2.54939, -3.55925, 624.66420, 55.14852, -66.39955,  6.05051
-2.54939, -2.84740, 621.60212, 54.61824, -66.39955,  6.05051
-2.54939, -2.13555, 621.60212, 54.61824, -65.93844,  6.27991
-2.54939, -2.84740, 618.54004, 55.14852, -65.93844,  6.05051
-2.54939, -2.13555, 621.60212, 55.14852, -65.47734,  6.27991
-2.54939, -2.84740, 618.54004, 55.67879, -65.93844,  6.05051
-2.54939, -2.13555, 621.60212, 55.67879, -65.93844,  6.27991
-2.54939, -2.84740, 621.60212, 55.67879, -65.93844,  6.05051
-2.54939, -2.13555, 624.66420, 56.20907, -65.47734,  6.27991
-3.25267, -2.13555, 621.60212, 56.20907, -65.47734,  6.50931
-2.54939, -2.13555, 618.54004, 56.20907, -65.47734,  6.50931
-2.54939, -1.42370, 621.60212, 56.20907, -65.47734,  6.50931
-3.25267, -1.42370, 618.54004, 56.73934, -65.47734,  6.50931
-3.25267, -1.42370, 621.60212, 57.26961, -65.47734,  6.50931
-2.54939, -1.42370, 621.60212, 57.26961, -65.47734,  6.27991
-3.25267, -1.42370, 621.60212, 57.26961, -65.93844,  6.27991
-3.25267, -0.71185, 621.60212, 57.26961, -65.47734,  6.27991
-2.54939, -0.71185, 618.54004, 57.79989, -65.93844,  6.27991
-3.25267, -0.71185, 621.60212, 57.26961, -65.93844,  6.27991
-3.25267, -1.42370, 621.60212, 57.26961, -65.47734,  6.05051
-2.54939, -1.42370, 621.60212, 57.26961, -65.47734,  6.05051
-3.25267, -0.71185, 621.60212, 57.26961, -65.47734,  6.05051
-3.25267, -0.71185, 618.54004, 57.26961, -65.47734,  6.05051
-3.25267, -0.71185, 621.60212, 57.26961, -65.47734,  6.27991
-3.25267, -0.71185, 624.66420, 56.73934, -65.93844,  6.05051
-2.54939, -2.13555, 621.60212, 56.73934, -65.93844,  6.05051
-1.84611, -2.13555, 621.60212, 57.26961, -65.93844,  6.05051
-1.84611, -2.13555, 621.60212, 56.73934, -65.93844,  5.82110
-2.54939, -2.13555, 621.60212, 56.20907, -65.93844,  6.05051
-3.25267, -1.42370, 621.60212, 56.20907, -65.93844,  6.27991
-3.25267, -2.13555, 621.60212, 56.20907, -65.47734,  6.05051
-3.25267, -2.84740, 621.60212, 55.67879, -65.47734,  6.05051
-3.25267, -2.84740, 621.60212, 55.67879, -65.47734,  6.05051
-3.25267, -2.13555, 618.54004, 55.67879, -65.47734,  6.05051
-2.54939, -2.13555, 618.54004, 55.67879, -65.47734,  6.27991
-2.54939, -2.84740, 618.54004, 55.14852, -65.47734,  6.05051
-3.25267, -2.84740, 618.54004, 55.14852, -65.47734,  6.27991
-3.25267, -2.84740, 618.54004, 55.14852, -65.01623,  6.05051
-3.25267, -3.55925, 618.54004, 54.61824, -65.01623,  6.27991
-3.25267, -2.84740, 621.60212, 55.14852, -65.01623,  6.27991
-3.25267, -2.84740, 618.54004, 55.14852, -65.47734,  6.27991
-3.25267, -2.13555, 618.54004, 55.14852, -65.47734,  6.27991
-3.25267, -2.13555, 621.60212, 55.14852, -65.47734,  6.50931
-3.25267, -2.84740, 621.60212, 55.67879, -65.47734,  6.27991
-2.54939, -2.13555, 621.60212, 55.67879, -65.93844,  6.05051
-3.25267, -2.13555, 621.60212, 55.67879, -65.47734,  6.27991
-3.25267, -1.42370, 621.60212, 56.20907, -65.47734,  6.27991
-3.95595, -1.42370, 618.54004, 55.67879, -65.47734,  6.27991
-3.25267, -1.42370, 621.60212, 55.67879, -65.47734,  6.27991
-2.54939, -2.13555, 621.60212, 55.67879, -65.93844,  6.27991
-3.25267, -1.42370, 624.66420, 55.67879, -65.47734,  6.27991
-3.25267, -1.42370, 621.60212, 55.67879, -65.93844,  6.27991
-3.95595, -1.42370, 621.60212, 55.67879, -65.47734,  6.27991
-3.25267, -1.42370, 618.54004, 55.67879, -65.47734,  6.27991
-3.25267, -2.13555, 621.60212, 55.67879, -65.47734,  6.05051
-3.25267, -2.13555, 621.60212, 55.14852, -65.93844,  6.05051
-3.25267, -2.13555, 618.54004, 54.61824, -65.93844,  6.05051
-3.25267, -2.13555, 621.60212, 54.61824, -65.93844,  6.27991
-3.95595, -2.13555, 621.60212, 54.61824, -65.93844,  6.05051
-3.25267, -2.84740, 621.60212, 54.08797, -66.39955,  6.27991
-3.25267, -2.13555, 621.60212, 54.08797, -66.39955,  5.82110
-3.25267, -2.13555, 618.54004, 53.55769, -66.39955,  6.05051
-3.25267, -2.84740, 618.54004, 53.55769, -66.39955,  6.05051
-3.25267, -2.84740, 621.60212, 53.55769, -66.39955,  5.82110
-3.95595, -2.84740, 621.60212, 53.55769, -66.39955,  6.05051
-3.25267, -2.84740, 618.54004, 53.02742, -66.39955,  6.05051
-2.54939, -3.55925, 618.54004, 53.02742, -66.39955,  5.82110
-2.54939, -3.55925, 618.54004, 52.49715, -66.86066,  5.82110
-2.54939, -3.55925, 621.60212, 52.49715, -66.86066,  5.82110
-2.54939, -3.55925, 621.60212, 51.96687, -67.78288,  5.82110
-2.54939, -4.27110, 621.60212, 52.49715, -67.78288,  5.82110
-1.84611, -3.55925, 621.60212, 53.02742, -67.78288,  5.82110
-1.84611, -3.55925, 621.60212, 52.49715, -67.78288,  5.82110
-1.84611, -3.55925, 618.54004, 52.49715, -67.78288,  5.82110
-1.84611, -3.55925, 621.60212, 53.02742, -68.24398,  5.82110
-1.84611, -3.55925, 621.60212, 53.02742, -68.70509,  5.82110
-1.84611, -3.55925, 621.60212, 52.49715, -68.70509,  6.05051
-1.84611, -3.55925, 621.60212, 53.02742, -68.70509,  6.05051
-1.84611, -3.55925, 621.60212, 53.55769, -68.70509,  6.05051
-1.84611, -2.84740, 621.60212, 53.55769, -69.16620,  6.05051
-1.84611, -2.84740, 621.60212, 53.55769, -69.16620,  6.05051
-1.84611, -2.84740, 621.60212, 53.55769, -69.16620,  6.05051
-1.84611, -2.13555, 621.60212, 54.08797, -69.62731,  6.05051
-1.84611, -2.84740, 621.60212, 54.08797, -69.62731,  6.05051
-1.84611, -2.13555, 621.60212, 54.08797, -69.62731,  5.82110
-1.84611, -1.42370, 621.60212, 54.08797, -69.62731,  5.82110
-1.84611, -1.42370, 621.60212, 54.08797, -69.16620,  5.82110
-1.84611, -2.13555, 621.60212, 54.61824, -69.16620,  6.05051
-2.54939, -2.13555, 621.60212, 54.08797, -69.16620,  6.05051
-2.54939, -2.13555, 621.60212, 54.61824, -69.16620,  5.82110
-1.84611, -2.13555, 621.60212, 54.61824, -69.16620,  6.05051
-1.84611, -2.84740, 621.60212, 54.08797, -69.16620,  5.82110
-1.84611, -2.84740, 621.60212, 54.08797, -69.16620,  5.82110
-2.54939, -2.13555, 621.60212, 54.61824, -69.16620,  5.82110
-2.54939, -2.84740, 618.54004, 54.61824, -69.62731,  5.82110
-2.54939, -2.84740, 621.60212, 54.08797, -69.16620,  5.82110
-1.84611, -2.13555, 618.54004, 54.61824, -69.16620,  6.05051
-1.84611, -2.84740, 621.60212, 54.61824, -69.16620,  5.82110
-1.84611, -2.13555, 618.54004, 54.61824, -68.70509,  5.82110
-1.84611, -2.13555, 618.54004, 54.61824, -69.16620,  5.82110
-1.84611, -2.84740, 621.60212, 54.61824, -69.16620,  5.82110
-1.14283, -2.84740, 621.60212, 54.61824, -69.16620,  5.82110
-1.14283, -2.84740, 621.60212, 54.61824, -69.62731,  5.82110
-1.84611, -2.84740, 624.66420, 55.14852, -70.08842,  5.82110
-2.54939, -2.13555, 618.54004, 55.14852, -69.16620,  5.82110
-1.84611, -2.13555, 618.54004, 55.67879, -69.16620,  5.59170
-1.84611, -2.13555, 618.54004, 55.67879, -69.16620,  5.82110
-1.14283, -2.13555, 621.60212, 55.14852, -69.62731,  5.82110
-1.14283, -2.13555, 621.60212, 55.67879, -69.16620,  6.05051
-1.14283, -1.42370, 621.60212, 55.67879, -69.16620,  5.82110
-1.84611, -2.13555, 621.60212, 56.20907, -69.16620,  6.05051
-1.84611, -1.42370, 621.60212, 56.20907, -69.16620,  6.05051
-1.84611, -1.42370, 621.60212, 55.67879, -68.70509,  5.82110
-1.14283, -1.42370, 621.60212, 55.67879, -68.70509,  6.05051
-1.84611, -2.13555, 621.60212, 55.67879, -68.70509,  6.05051
-2.54939, -1.42370, 621.60212, 55.67879, -68.70509,  6.27991
-2.54939, -1.42370, 621.60212, 55.67879, -68.24398,  6.27991
-2.54939, -1.42370, 621.60212, 55.14852, -67.78288,  6.27991
-2.54939, -2.13555, 621.60212, 55.67879, -67.78288,  6.27991
-2.54939, -2.84740, 621.60212, 55.67879, -67.78288,  6.27991
-1.84611, -2.84740, 621.60212, 55.14852, -67.78288,  6.27991
-1.84611, -2.84740, 621.60212, 55.14852, -68.24398,  6.05051
-2.54939, -2.13555, 621.60212, 55.14852, -67.78288,  6.50931
-2.54939, -2.84740, 621.60212, 55.14852, -67.78288,  6.05051
-2.54939, -2.84740, 621.60212, 55.14852, -67.32177,  6.05051
-2.54939, -2.84740, 621.60212, 55.14852, -67.78288,  6.05051
-2.54939, -2.84740, 624.66420, 55.14852, -67.32177,  6.05051
-2.54939, -2.13555, 618.54004, 55.14852, -67.32177,  6.05051
-2.54939, -2.84740, 618.54004, 55.14852, -66.86066,  6.05051
-2.54939, -2.84740, 621.60212, 55.67879, -66.39955,  6.05051
-2.54939, -2.84740, 618.54004, 55.67879, -66.39955,  6.05051
-2.54939, -2.13555, 621.60212, 55.67879, -66.86066,  5.82110
-1.84611, -2.13555, 621.60212, 55.67879, -67.32177,  5.82110
-1.84611, -2.84740, 621.60212, 56.20907, -66.86066,  6.05051
-2.54939, -2.84740, 621.60212, 55.67879, -66.39955,  6.05051
-3.25267, -2.13555, 618.54004, 56.20907, -66.39955,  6.05051
-2.54939, -2.13555, 621.60212, 56.20907, -66.39955,  6.27991
-2.54939, -1.42370, 621.60212, 56.20907, -65.93844,  6.27991
-3.25267, -0.71185, 618.54004, 56.73934, -66.39955,  6.27991
-3.25267, -1.42370, 618.54004, 56.20907, -65.93844,  6.27991
-3.25267, -1.42370, 618.54004, 57.26961, -65.93844,  6.27991
-3.25267, -1.42370, 621.60212, 57.26961, -65.47734,  6.05051
-3.25267, -0.71185, 618.54004, 57.26961, -65.47734,  6.27991
-3.25267, -1.42370, 621.60212, 57.26961, -65.47734,  6.27991
-3.95595, -1.42370, 621.60212, 57.26961, -65.47734,  6.27991
-3.95595, -0.71185, 621.60212, 57.26961, -65.47734,  6.27991
-3.25267, -1.42370, 621.60212, 56.73934, -65.47734,  6.27991
-3.25267, -1.42370, 621.60212, 56.73934, -65.47734,  6.27991
-3.95595, -1.42370, 621.60212, 56.73934, -65.47734,  6.27991
-3.25267, -1.42370, 621.60212, 57.26961, -65.47734,  6.27991
-3.25267, -2.13555, 624.66420, 56.73934, -65.93844,  6.05051
-3.25267, -2.13555, 621.60212, 56.73934, -65.93844,  6.05051
-3.25267, -2.13555, 621.60212, 56.20907, -65.47734,  6.27991
-2.54939, -2.13555, 621.60212, 55.67879, -65.93844,  6.05051
-2.54939, -2.84740, 621.60212, 55.67879, -65.47734,  6.05051
-3.25267, -2.84740, 624.66420, 55.67879, -65.01623,  6.27991
-3.25267, -3.55925, 621.60212, 55.14852, -65.47734,  6.05051
-3.25267, -2.84740, 621.60212, 55.67879, -65.01623,  6.27991
-3.25267, -3.55925, 621.60212, 55.14852, -65.01623,  6.05051
-3.25267, -3.55925, 621.60212, 55.14852, -65.01623,  6.05051
-3.25267, -2.84740, 621.60212, 55.14852, -64.55512,  6.27991
-3.95595, -2.84740, 618.54004, 54.61824, -65.01623,  6.05051
-3.25267, -3.55925, 621.60212, 55.14852, -64.55512,  6.05051
-2.54939, -3.55925, 621.60212, 55.14852, -65.01623,  6.05051
-2.54939, -2.84740, 621.60212, 54.61824, -65.01623,  6.27991
-3.25267, -2.84740, 621.60212, 55.67879, -65.01623,  6.27991
-3.25267, -2.84740, 621.60212, 55.14852, -65.01623,  6.27991
-3.95595, -2.84740, 618.54004, 55.67879, -65.01623,  6.27991
-3.95595, -2.13555, 618.54004, 56.20907, -65.01623,  6.27991
-3.95595, -2.84740, 618.54004, 56.20907, -65.01623,  6.27991
-3.25267, -2.13555, 618.54004, 56.20907, -65.01623,  6.27991
-3.25267, -2.13555, 621.60212, 56.20907, -65.47734,  6.27991
-3.25267, -1.42370, 621.60212, 56.73934, -65.47734,  6.50931
-3.25267, -1.42370, 621.60212, 57.26961, -65.93844,  6.27991
-2.54939, -1.42370, 621.60212, 56.73934, -66.39955,  6.27991
-2.54939, -1.42370, 618.54004, 56.73934, -66.39955,  6.27991
-2.54939, -0.71185, 621.60212, 56.73934, -66.39955,  6.27991
-2.54939, -0.71185, 621.60212, 56.73934, -66.86066,  6.05051
-1.84611, -0.71185, 621.60212, 57.26961, -66.86066,  6.05051
-2.54939, -1.42370, 618.54004, 57.26961, -66.86066,  6.05051
-2.54939, -0.71185, 621.60212, 56.73934, -66.86066,  6.27991
-2.54939, -1.42370, 621.60212, 56.20907, -67.32177,  6.27991
-1.84611, -1.42370, 621.60212, 55.67879, -67.32177,  6.05051
-1.84611, -2.13555, 621.60212, 55.67879, -67.32177,  6.05051
-1.84611, -2.13555, 621.60212, 55.67879, -67.32177,  5.82110
-1.84611, -2.13555, 621.60212, 55.14852, -67.32177,  6.05051
-2.54939, -2.13555, 621.60212, 55.14852, -67.78288,  6.05051
-2.54939, -2.84740, 621.60212, 55.14852, -67.32177,  5.82110
-1.84611, -2.13555, 621.60212, 54.61824, -67.78288,  5.82110
-1.84611, -2.84740, 618.54004, 54.61824, -68.24398,  5.82110
-1.14283, -3.55925, 618.54004, 53.55769, -67.78288,  5.59170
-1.14283, -2.84740, 621.60212, 54.08797, -67.78288,  5.82110
-1.14283, -4.27110, 618.54004, 53.55769, -68.24398,  5.59170
-1.14283, -4.27110, 621.60212, 53.55769, -68.24398,  5.59170
-1.14283, -3.55925, 621.60212, 53.02742, -67.78288,  5.59170
-1.14283, -4.27110, 618.54004, 53.02742, -68.24398,  5.59170
-1.14283, -4.27110, 621.60212, 53.02742, -67.78288,  5.82110
-1.14283, -4.27110, 618.54004, 53.02742, -67.78288,  5.59170
-1.84611, -4.27110, 618.54004, 53.02742, -67.78288,  5.82110
-1.84611, -3.55925, 621.60212, 53.02742, -67.78288,  5.82110
-1.84611, -4.27110, 621.60212, 53.02742, -67.78288,  5.82110
-1.84611, -4.27110, 618.54004, 53.02742, -67.32177,  5.82110
-1.84611, -3.55925, 618.54004, 53.55769, -67.32177,  5.82110
-1.84611, -2.84740, 618.54004, 53.55769, -67.32177,  6.05051
-1.84611, -3.55925, 621.60212, 53.55769, -66.86066,  6.05051
-2.54939, -3.55925, 621.60212, 54.61824, -66.86066,  6.05051
-2.54939, -2.84740, 621.60212, 54.61824, -66.39955,  6.05051
-3.25267, -2.13555, 621.60212, 55.14852, -66.39955,  6.05051
-3.25267, -2.13555, 621.60212, 54.61824, -65.93844,  6.05051
-2.54939, -2.13555, 621.60212, 55.14852, -66.39955,  6.05051
-2.54939, -2.13555, 621.60212, 55.14852, -65.93844,  6.05051
-2.54939, -2.13555, 621.60212, 55.14852, -65.93844,  6.05051
-3.25267, -2.13555, 624.66420, 55.67879, -65.93844,  6.27991
-2.54939, -2.13555, 621.60212, 55.67879, -65.93844,  6.27991
-2.54939, -1.42370, 624.66420, 56.20907, -65.93844,  6.27991
-2.54939, -2.84740, 621.60212, 56.20907, -65.47734,  6.27991
-2.54939, -2.13555, 621.60212, 56.20907, -65.47734,  6.27991
-3.25267, -2.13555, 621.60212, 56.20907, -65.47734,  6.27991
-3.25267, -2.13555, 618.54004, 56.73934, -65.47734,  6.27991
-3.25267, -2.13555, 618.54004, 56.20907, -65.01623,  6.27991
-2.54939, -2.13555, 621.60212, 56.20907, -65.01623,  6.05051
-1.84611, -2.13555, 621.60212, 56.73934, -65.01623,  6.05051
-2.54939, -2.13555, 621.60212, 56.73934, -65.01623,  6.05051
-1.84611, -2.13555, 621.60212, 56.73934, -65.47734,  6.05051
-1.84611, -2.13555, 618.54004, 56.20907, -65.47734,  5.82110
-1.84611, -2.84740, 618.54004, 56.73934, -65.01623,  5.82110
-1.84611, -2.13555, 621.60212, 56.20907, -65.01623,  6.05051
-2.54939, -2.13555, 618.54004, 56.73934, -65.01623,  6.27991
-2.54939, -2.13555, 621.60212, 57.26961, -65.01623,  6.05051
-2.54939, -2.84740, 621.60212, 56.20907, -64.55512,  6.27991
-2.54939, -2.13555, 621.60212, 56.20907, -64.55512,  6.05051
-3.25267, -2.13555, 618.54004, 56.20907, -64.55512,  6.27991
-2.54939, -2.13555, 621.60212, 56.73934, -64.09401,  6.27991
-2.54939, -2.84740, 621.60212, 56.20907, -64.55512,  6.05051
-3.25267, -2.84740, 621.60212, 56.73934, -64.09401,  6.27991
-3.25267, -2.84740, 621.60212, 56.20907, -64.09401,  6.27991
-3.25267, -2.84740, 621.60212, 56.20907, -64.09401,  6.27991
-3.25267, -2.84740, 621.60212, 56.73934, -64.09401,  6.27991
-3.25267, -2.84740, 621.60212, 56.73934, -64.09401,  6.27991
-2.54939, -2.13555, 621.60212, 56.73934, -63.63290,  6.50931
-2.54939, -2.13555, 621.60212, 56.73934, -63.63290,  6.27991
-2.54939, -2.13555, 621.60212, 56.73934, -63.63290,  6.27991
-3.25267, -2.84740, 621.60212, 57.26961, -63.63290,  6.27991
-3.25267, -2.13555, 621.60212, 57.26961, -63.63290,  6.50931
-3.25267, -2.84740, 621.60212, 56.73934, -63.63290,  6.50931
-3.25267, -2.84740, 621.60212, 56.73934, -63.17180,  6.50931
-3.25267, -2.13555, 624.66420, 57.26961, -63.17180,  6.50931
-3.25267, -2.84740, 621.60212, 57.26961, -63.17180,  6.50931
-3.25267, -2.84740, 621.60212, 57.79989, -62.71069,  6.73872
-3.95595, -2.84740, 618.54004, 57.79989, -62.71069,  6.73872
-3.95595, -2.13555, 618.54004, 57.79989, -62.71069,  6.50931
-3.95595, -1.42370, 618.54004, 58.33016, -62.24958,  6.50931
-3.95595, -1.42370, 618.54004, 58.33016, -62.71069,  6.50931
-3.95595, -2.13555, 621.60212, 58.86044, -62.71069,  6.50931
-3.25267, -2.13555, 621.60212, 59.39071, -62.71069,  6.50931
-3.95595, -1.42370, 618.54004, 59.39071, -62.71069,  6.50931
-3.95595, -0.71185, 618.54004, 59.39071, -62.71069,  6.50931
-3.95595, -0.71185, 618.54004, 59.39071, -62.71069,  6.27991
-3.25267, -0.71185, 621.60212, 59.39071, -62.71069,  6.50931
-3.25267, -0.71185, 621.60212, 59.39071, -63.17180,  6.50931
-3.25267, -0.71185, 621.60212, 59.92098, -63.17180,  6.27991
-3.25267,  0.00000, 621.60212, 59.39071, -62.71069,  6.27991
-3.95595, -0.71185, 621.60212, 59.92098, -63.17180,  6.27991
-3.95595, -0.71185, 624.66420, 59.39071, -63.17180,  6.50931
-3.95595,  0.00000, 621.60212, 59.39071, -63.17180,  6.50931
-3.95595,  0.00000, 621.60212, 59.92098, -63.17180,  6.50931
-3.25267, -0.71185, 621.60212, 58.86044, -63.17180,  6.27991
-3.25267, -0.71185, 621.60212, 58.86044, -64.09401,  6.27991
-3.25267, -1.42370, 621.60212, 58.86044, -63.63290,  6.27991
-3.25267, -1.42370, 621.60212, 58.33016, -63.63290,  6.27991
-3.25267, -1.42370, 618.54004, 57.79989, -64.55512,  6.27991
-2.54939, -2.13555, 621.60212, 57.79989, -64.55512,  6.05051
-2.54939, -2.13555, 621.60212, 57.26961, -64.55512,  5.82110
-1.84611, -2.13555, 621.60212, 56.73934, -65.01623,  5.82110
-1.84611, -2.13555, 621.60212, 56.73934, -65.01623,  6.05051
-1.84611, -2.84740, 621.60212, 56.20907, -65.47734,  6.05051
-1.84611, -3.55925, 621.60212, 56.20907, -65.47734,  6.05051
-1.84611, -3.55925, 621.60212, 55.67879, -65.93844,  6.05051
-1.14283, -2.84740, 621.60212, 55.67879, -65.93844,  5.82110
-1.84611, -3.55925, 618.54004, 55.14852, -65.93844,  5.82110
-1.84611, -3.55925, 618.54004, 55.14852, -65.93844,  5.82110
-1.14283, -3.55925, 618.54004, 55.14852, -65.93844,  6.05051
-1.14283, -3.55925, 621.60212, 55.14852, -65.93844,  5.82110
-1.84611, -4.27110, 621.60212, 55.14852, -66.39955,  5.82110
-1.84611, -4.27110, 624.66420, 55.14852, -65.93844,  5.82110
-1.14283, -4.27110, 621.60212, 55.14852, -66.39955,  6.05051
-1.84611, -3.55925, 618.54004, 55.14852, -65.93844,  5.82110
-1.84611, -3.55925, 618.54004, 55.14852, -66.39955,  6.05051
-1.84611, -3.55925, 618.54004, 55.14852, -66.39955,  6.05051
-2.54939, -2.84740, 621.60212, 55.67879, -65.93844,  6.05051
-1.84611, -2.84740, 621.60212, 55.67879, -65.93844,  6.05051
-2.54939, -2.84740, 621.60212, 55.67879, -65.47734,  6.05051
-2.54939, -2.84740, 621.60212, 56.20907, -65.93844,  6.05051
-2.54939, -2.84740, 618.54004, 56.20907, -65.47734,  6.05051
-2.54939, -2.13555, 621.60212, 56.20907, -65.47734,  6.27991
-2.54939, -2.13555, 624.66420, 56.20907, -65.47734,  6.05051
-2.54939, -2.84740, 624.66420, 56.20907, -65.01623,  6.27991
-2.54939, -2.13555, 621.60212, 56.73934, -65.01623,  6.27991
-2.54939, -2.13555, 621.60212, 56.20907, -65.01623,  6.27991
-2.54939, -2.13555, 621.60212, 56.20907, -64.55512,  6.27991
-3.25267, -2.13555, 621.60212, 56.73934, -64.55512,  6.27991
-3.25267, -2.13555, 621.60212, 56.73934, -64.55512,  6.27991
-3.95595, -2.13555, 621.60212, 56.73934, -64.09401,  6.27991
-3.25267, -2.84740, 621.60212, 56.20907, -64.09401,  6.27991
-2.54939, -2.84740, 621.60212, 56.20907, -64.09401,  6.27991
-3.25267, -2.84740, 621.60212, 56.20907, -64.55512,  6.27991
-3.95595, -2.84740, 621.60212, 56.20907, -64.55512,  6.27991
-3.95595, -2.13555, 621.60212, 56.73934, -64.55512,  6.27991
-3.95595, -2.13555, 621.60212, 56.20907, -64.09401,  6.27991
-3.95595, -2.13555, 618.54004, 56.20907, -64.09401,  6.27991
-3.95595, -2.13555, 615.47797, 56.73934, -64.09401,  6.27991
-3.25267, -2.13555, 618.54004, 56.73934, -64.55512,  6.05051
-2.54939, -2.13555, 624.66420, 57.26961, -65.01623,  6.05051
-3.25267, -2.13555, 621.60212, 57.26961, -65.01623,  6.05051
-2.54939, -1.42370, 624.66420, 57.26961, -65.47734,  6.27991
-2.54939, -2.13555, 621.60212, 57.26961, -65.47734,  6.05051
-2.54939, -1.42370, 618.54004, 57.79989, -65.47734,  6.05051
-2.54939, -1.42370, 621.60212, 57.79989, -65.47734,  6.27991
-3.25267, -1.42370, 621.60212, 57.26961, -65.93844,  6.27991
-2.54939, -1.42370, 621.60212, 57.79989, -65.93844,  6.27991
-2.54939, -1.42370, 621.60212, 57.79989, -65.93844,  6.27991
-2.54939, -1.42370, 621.60212, 57.79989, -66.39955,  6.05051
-1.84611, -1.42370, 621.60212, 57.79989, -66.39955,  6.05051
-1.84611, -2.13555, 621.60212, 57.26961, -66.39955,  6.27991
-1.84611, -2.13555, 621.60212, 57.26961, -66.86066,  6.27991
-2.54939, -1.42370, 621.60212, 57.26961, -66.86066,  6.05051
-2.54939, -1.42370, 618.54004, 57.26961, -67.32177,  6.27991
-2.54939, -2.13555, 621.60212, 56.73934, -66.86066,  6.27991
-1.84611, -2.13555, 621.60212, 56.73934, -66.86066,  6.05051
-1.84611, -2.84740, 618.54004, 56.20907, -67.32177,  6.05051
-1.84611, -2.84740, 621.60212, 55.67879, -67.32177,  6.05051
-1.84611, -2.84740, 618.54004, 55.14852, -67.32177,  6.05051
-2.54939, -4.27110, 621.60212, 55.14852, -67.32177,  6.05051
-1.84611, -4.27110, 624.66420, 54.61824, -66.86066,  5.82110
-1.84611, -4.27110, 621.60212, 55.14852, -66.86066,  5.82110
-1.84611, -3.55925, 621.60212, 55.14852, -66.86066,  6.05051
-1.84611, -4.27110, 621.60212, 54.61824, -66.86066,  5.82110
-1.84611, -4.27110, 621.60212, 55.14852, -66.39955,  5.82110
-2.54939, -3.55925, 618.54004, 55.14852, -66.39955,  6.05051
-2.54939, -3.55925, 618.54004, 55.14852, -66.39955,  6.05051
-1.84611, -3.55925, 615.47797, 55.14852, -66.86066,  6.05051
-1.84611, -3.55925, 621.60212, 55.67879, -66.86066,  6.05051
-2.54939, -3.55925, 618.54004, 55.67879, -66.39955,  6.05051
-2.54939, -3.55925, 621.60212, 56.20907, -66.39955,  6.05051
-2.54939, -2.84740, 621.60212, 56.73934, -65.93844,  6.27991
-3.25267, -2.13555, 618.54004, 57.26961, -65.93844,  6.27991
-3.25267, -2.13555, 621.60212, 57.79989, -66.39955,  6.27991
-3.25267, -1.42370, 621.60212, 57.26961, -66.86066,  6.27991
-3.25267, -1.42370, 621.60212, 57.79989, -66.39955,  6.27991
-3.95595, -0.71185, 621.60212, 58.33016, -66.39955,  6.27991
-3.25267, -0.71185, 621.60212, 58.33016, -66.39955,  6.50931
-2.54939, -0.71185, 621.60212, 58.33016, -66.86066,  6.50931
-2.54939, -0.71185, 621.60212, 58.33016, -66.39955,  6.27991
-2.54939, -0.71185, 621.60212, 58.33016, -66.86066,  6.27991
-2.54939, -0.71185, 624.66420, 58.33016, -66.86066,  6.27991
-3.25267, -0.71185, 621.60212, 58.33016, -66.39955,  6.50931
-3.25267, -1.42370, 618.54004, 58.33016, -66.86066,  6.27991
-2.54939, -2.13555, 621.60212, 58.33016, -66.39955,  6.27991
-3.25267, -0.71185, 621.60212, 57.79989, -66.86066,  6.27991
-3.25267, -1.42370, 621.60212, 57.79989, -66.86066,  6.27991
-2.54939, -2.13555, 621.60212, 57.26961, -66.86066,  6.05051
-2.54939, -2.13555, 621.60212, 57.26961, -67.32177,  6.05051
-2.54939, -2.84740, 621.60212, 56.73934, -67.32177,  6.05051
-2.54939, -2.84740, 618.54004, 57.26961, -67.32177,  6.05051
-2.54939, -2.13555, 621.60212, 56.73934, -66.86066,  6.05051
-3.25267, -2.13555, 621.60212, 56.20907, -66.86066,  6.05051
-3.25267, -2.84740, 621.60212, 56.20907, -66.86066,  5.82110
-3.25267, -2.84740, 618.54004, 56.20907, -66.86066,  5.82110
-2.54939, -3.55925, 621.60212, 55.67879, -67.32177,  5.82110
-1.84611, -3.55925, 621.60212, 55.67879, -67.32177,  5.82110
-2.54939, -3.55925, 618.54004, 55.14852, -67.32177,  5.59170
-2.54939, -2.84740, 618.54004, 55.67879, -67.32177,  5.82110
-2.54939, -3.55925, 621.60212, 55.67879, -67.32177,  5.82110
-2.54939, -3.55925, 621.60212, 55.14852, -67.32177,  6.05051
-2.54939, -4.27110, 621.60212, 55.14852, -67.32177,  5.82110
-2.54939, -3.55925, 621.60212, 55.67879, -67.32177,  5.82110
-2.54939, -2.84740, 618.54004, 56.20907, -67.32177,  5.82110
-2.54939, -2.84740, 618.54004, 55.67879, -67.32177,  5.82110
-3.25267, -2.84740, 621.60212, 56.20907, -67.32177,  6.05051
-3.95595, -2.84740, 618.54004, 56.20907, -67.32177,  6.27991
-3.25267, -2.13555, 621.60212, 56.20907, -67.32177,  6.05051
-3.25267, -2.13555, 618.54004, 56.73934, -67.32177,  6.05051
-2.54939, -2.13555, 621.60212, 56.73934, -67.32177,  6.27991
-2.54939, -2.13555, 618.54004, 57.26961, -67.32177,  6.27991
-3.25267, -2.13555, 621.60212, 56.73934, -67.32177,  6.27991
-2.54939, -2.13555, 621.60212, 57.26961, -67.32177,  6.50931
-3.25267, -2.13555, 621.60212, 57.26961, -67.32177,  6.50931
-2.54939, -2.13555, 621.60212, 56.73934, -67.78288,  6.27991
-2.54939, -2.13555, 621.60212, 57.26961, -67.78288,  6.27991
-3.25267, -2.13555, 621.60212, 57.26961, -67.78288,  6.27991
-2.54939, -2.13555, 621.60212, 56.73934, -67.78288,  6.27991
-2.54939, -2.13555, 621.60212, 56.73934, -67.78288,  6.27991
-3.25267, -2.84740, 621.60212, 56.73934, -67.78288,  6.05051
-2.54939, -2.13555, 624.66420, 56.73934, -67.78288,  6.05051
-2.54939, -2.84740, 624.66420, 56.73934, -67.78288,  6.27991
-2.54939, -2.84740, 621.60212, 56.73934, -67.78288,  6.05051
-2.54939, -2.13555, 618.54004, 56.20907, -67.78288,  6.05051
-2.54939, -2.84740, 618.54004, 56.20907, -67.32177,  6.05051
-2.54939, -2.84740, 618.54004, 56.73934, -67.78288,  5.82110
-2.54939, -2.84740, 621.60212, 56.73934, -68.24398,  5.82110
-2.54939, -2.84740, 621.60212, 56.73934, -68.24398,  5.82110
-2.54939, -2.84740, 621.60212, 57.26961, -68.24398,  6.05051
-2.54939, -2.84740, 618.54004, 56.73934, -67.78288,  5.82110
-1.84611, -2.84740, 621.60212, 57.26961, -67.78288,  6.05051
-2.54939, -2.84740, 621.60212, 57.26961, -68.24398,  5.59170
-3.25267, -2.84740, 621.60212, 57.79989, -67.78288,  6.05051
-3.25267, -2.13555, 621.60212, 57.79989, -67.78288,  6.05051
-3.25267, -2.13555, 618.54004, 58.33016, -67.78288,  6.27991
-3.25267, -1.42370, 621.60212, 58.33016, -67.78288,  6.05051
-3.25267, -2.13555, 621.60212, 59.39071, -68.24398,  6.27991
-3.25267, -2.13555, 621.60212, 59.39071, -68.24398,  6.05051
-3.25267, -1.42370, 621.60212, 59.39071, -68.24398,  6.27991
-3.25267, -1.42370, 624.66420, 59.92098, -68.70509,  6.27991
-3.25267, -0.71185, 621.60212, 59.39071, -68.24398,  6.27991
-3.25267, -0.71185, 618.54004, 59.92098, -68.70509,  6.27991
-2.54939, -0.71185, 618.54004, 59.92098, -68.70509,  6.27991
-2.54939, -0.71185, 618.54004, 60.45126, -69.16620,  6.27991
-2.54939, -0.71185, 618.54004, 60.45126, -69.62731,  6.27991
-2.54939,  0.00000, 621.60212, 60.45126, -69.62731,  6.27991
-2.54939, -0.71185, 621.60212, 59.92098, -70.08842,  6.05051
-1.84611, -0.71185, 621.60212, 59.39071, -70.08842,  6.05051
-1.14283, -1.42370, 621.60212, 59.39071, -70.54952,  6.05051
-1.14283, -1.42370, 621.60212, 59.39071, -70.54952,  6.05051
-1.14283, -1.42370, 621.60212, 59.39071, -70.08842,  6.05051
-1.14283, -1.42370, 621.60212, 58.33016, -70.54952,  6.05051
-1.14283, -1.42370, 618.54004, 58.33016, -70.08842,  5.82110
-1.14283, -2.13555, 618.54004, 57.79989, -70.54952,  5.82110
-1.14283, -2.13555, 624.66420, 58.33016, -70.54952,  5.82110
-0.43955, -2.84740, 621.60212, 57.79989, -70.54952,  5.59170
-0.43955, -2.13555, 621.60212, 57.26961, -70.08842,  5.59170
-0.43955, -2.84740, 621.60212, 57.26961, -70.08842,  5.82110
-1.14283, -3.55925, 618.54004, 56.73934, -70.08842,  5.82110
-2.54939, -2.84740, 621.60212, 56.73934, -69.62731,  5.82110
-2.54939, -3.55925, 621.60212, 56.73934, -69.16620,  6.05051
-1.14283, -3.55925, 621.60212, 56.73934, -69.62731,  5.82110
-1.84611, -3.55925, 618.54004, 56.20907, -69.16620,  5.82110
-2.54939, -3.55925, 618.54004, 56.20907, -68.70509,  6.05051
-3.25267, -2.84740, 618.54004, 56.20907, -68.70509,  6.05051
-3.25267, -3.55925, 621.60212, 56.20907, -68.70509,  6.27991
-3.25267, -3.55925, 621.60212, 56.20907, -68.24398,  6.05051
-3.25267, -2.84740, 618.54004, 56.20907, -67.78288,  6.05051
-3.25267, -2.84740, 621.60212, 56.20907, -68.70509,  6.05051
-3.25267, -2.84740, 621.60212, 56.20907, -67.78288,  6.05051
-3.25267, -2.84740, 621.60212, 56.20907, -67.78288,  6.05051
-3.25267, -2.84740, 621.60212, 56.20907, -67.78288,  6.05051
-3.25267, -2.84740, 621.60212, 56.73934, -67.78288,  6.27991
-3.95595, -2.84740, 621.60212, 56.73934, -67.32177,  6.27991
-3.95595, -2.84740, 621.60212, 56.73934, -67.32177,  6.27991
-3.25267, -2.84740, 621.60212, 56.73934, -67.32177,  6.27991
-3.25267, -2.13555, 618.54004, 56.20907, -67.32177,  6.27991
-3.25267, -3.55925, 621.60212, 57.26961, -67.32177,  6.05051
-3.25267, -2.84740, 621.60212, 56.73934, -67.78288,  6.05051
-3.95595, -2.84740, 621.60212, 57.26961, -66.86066,  5.82110
-3.95595, -2.13555, 618.54004, 56.73934, -66.86066,  5.82110
-3.25267, -2.13555, 615.47797, 57.26961, -66.86066,  5.82110
-2.54939, -2.13555, 618.54004, 57.26961, -66.86066,  5.82110
-2.54939, -2.84740, 618.54004, 57.26961, -66.86066,  5.82110
-2.54939, -2.13555, 621.60212, 57.26961, -67.32177,  5.82110
-2.54939, -2.13555, 621.60212, 57.26961, -67.32177,  5.82110
-3.25267, -2.13555, 621.60212, 57.26961, -67.32177,  6.05051
-3.25267, -2.13555, 621.60212, 57.26961, -67.32177,  5.82110
-2.54939, -1.42370, 618.54004, 57.79989, -66.86066,  6.05051
-2.54939, -2.13555, 621.60212, 57.26961, -67.32177,  6.05051
-1.84611, -2.13555, 621.60212, 57.26961, -67.32177,  6.05051
-2.54939, -2.13555, 621.60212, 57.26961, -67.78288,  6.27991
-3.25267, -2.13555, 621.60212, 57.79989, -67.32177,  6.27991
-3.95595, -1.42370, 618.54004, 57.79989, -66.86066,  6.27991
-3.25267, -2.13555, 618.54004, 57.79989, -67.78288,  6.27991
-3.25267, -2.13555, 621.60212, 57.26961, -67.78288,  6.27991
-3.25267, -2.13555, 621.60212, 57.26961, -67.78288,  6.05051
-2.54939, -2.13555, 621.60212, 57.26961, -68.24398,  6.05051
-1.84611, -2.84740, 621.60212, 57.26961, -68.24398,  6.27991
-2.54939, -2.84740, 621.60212, 56.73934, -68.24398,  6.27991
-3.25267, -2.84740, 621.60212, 57.26961, -68.24398,  6.05051
-2.54939, -2.13555, 618.54004, 57.26961, -67.78288,  5.82110
-1.84611, -2.84740, 618.54004, 57.26961, -68.24398,  5.82110
-1.84611, -2.84740, 621.60212, 57.26961, -68.24398,  6.05051
-1.84611, -3.55925, 618.54004, 57.26961, -68.24398,  6.05051
-1.84611, -3.55925, 621.60212, 57.26961, -67.78288,  5.82110
-2.54939, -2.84740, 621.60212, 57.26961, -67.78288,  6.05051
-3.25267, -2.84740, 621.60212, 57.79989, -67.78288,  6.05051
-3.25267, -2.84740, 621.60212, 57.26961, -67.78288,  6.05051
-2.54939, -2.84740, 621.60212, 57.26961, -67.78288,  6.05051
-2.54939, -2.84740, 618.54004, 57.26961, -67.32177,  5.82110
-2.54939, -2.13555, 618.54004, 57.26961, -67.32177,  6.05051
-2.54939, -2.13555, 621.60212, 57.79989, -67.32177,  5.82110
-2.54939, -2.84740, 618.54004, 57.79989, -67.32177,  5.82110
-1.84611, -2.13555, 621.60212, 57.79989, -67.32177,  6.05051
-1.84611, -2.13555, 621.60212, 57.79989, -66.86066,  6.05051
-2.54939, -1.42370, 618.54004, 58.33016, -67.32177,  6.05051
-2.54939, -1.42370, 621.60212, 58.33016, -67.32177,  6.05051
-2.54939, -1.42370, 618.54004, 58.86044, -67.32177,  6.05051
-1.84611, -1.42370, 621.60212, 58.33016, -67.32177,  6.05051
-1.84611, -0.71185, 618.54004, 58.33016, -66.86066,  6.05051
-3.25267, -0.71185, 621.60212, 58.33016, -66.86066,  6.27991
-3.25267, -1.42370, 618.54004, 58.33016, -66.39955,  6.27991
-2.54939, -2.13555, 621.60212, 58.33016, -66.86066,  6.27991
-1.84611, -2.84740, 621.60212, 58.33016, -67.32177,  6.27991
-1.84611, -2.13555, 621.60212, 57.79989, -66.86066,  6.27991
-2.54939, -1.42370, 621.60212, 57.26961, -66.39955,  6.27991
-2.54939, -2.13555, 621.60212, 57.79989, -66.39955,  6.05051
-3.25267, -2.84740, 621.60212, 57.26961, -66.39955,  6.05051
-3.25267, -2.13555, 618.54004, 57.26961, -66.39955,  6.05051
-1.84611, -2.84740, 618.54004, 56.73934, -66.39955,  5.82110
-1.84611, -2.84740, 621.60212, 56.73934, -66.39955,  5.82110
-1.84611, -3.55925, 621.60212, 56.20907, -65.93844,  5.82110
-1.84611, -3.55925, 621.60212, 56.20907, -65.93844,  6.05051
-2.54939, -3.55925, 621.60212, 56.20907, -65.93844,  6.05051
-2.54939, -3.55925, 621.60212, 56.20907, -65.47734,  6.05051
-2.54939, -3.55925, 621.60212, 56.20907, -65.93844,  5.82110
-2.54939, -3.55925, 621.60212, 56.73934, -65.93844,  5.82110
-1.84611, -3.55925, 618.54004, 56.73934, -65.93844,  5.82110
-1.84611, -3.55925, 618.54004, 56.20907, -65.47734,  5.82110
-2.54939, -3.55925, 618.54004, 56.20907, -65.47734,  6.05051
-1.84611, -3.55925, 618.54004, 56.73934, -65.47734,  6.05051
-1.84611, -3.55925, 621.60212, 56.73934, -65.47734,  6.05051
-1.14283, -3.55925, 621.60212, 56.73934, -65.47734,  5.82110
-1.84611, -2.84740, 621.60212, 57.26961, -65.01623,  6.05051
-2.54939, -2.84740, 618.54004, 57.79989, -64.55512,  6.05051
-2.54939, -2.13555, 618.54004, 57.79989, -64.55512,  6.27991
-2.54939, -2.13555, 618.54004, 57.79989, -64.09401,  6.27991
-2.54939, -2.13555, 621.60212, 57.79989, -63.63290,  6.27991
-3.25267, -2.13555, 618.54004, 58.33016, -63.63290,  6.27991
-3.25267, -2.13555, 618.54004, 57.79989, -63.63290,  6.50931
-3.95595, -1.42370, 618.54004, 58.33016, -63.17180,  6.50931
-3.25267, -1.42370, 618.54004, 58.33016, -63.17180,  6.50931
-3.25267, -1.42370, 618.54004, 58.86044, -63.17180,  6.27991
-3.25267, -2.13555, 618.54004, 58.33016, -63.17180,  6.27991
-3.25267, -2.13555, 624.66420, 58.86044, -63.17180,  6.27991
-3.95595, -1.42370, 621.60212, 58.86044, -62.71069,  6.27991
-3.25267, -2.13555, 621.60212, 58.86044, -62.71069,  6.27991
-3.25267, -1.42370, 621.60212, 58.86044, -62.71069,  6.27991
-3.25267, -1.42370, 618.54004, 58.86044, -62.71069,  6.27991
-3.95595, -1.42370, 618.54004, 58.33016, -62.24958,  6.27991
-3.95595, -2.13555, 621.60212, 58.33016, -62.24958,  6.27991
-3.25267, -2.84740, 621.60212, 58.86044, -62.24958,  6.05051
-3.25267, -2.13555, 618.54004, 58.33016, -62.24958,  6.05051
-2.54939, -2.13555, 618.54004, 58.33016, -61.78847,  6.27991
-3.25267, -2.84740, 621.60212, 58.86044, -61.78847,  6.05051
-3.95595, -2.13555, 618.54004, 58.33016, -61.32736,  6.05051
-3.25267, -2.84740, 618.54004, 58.86044, -61.78847,  6.27991
-3.25267, -2.84740, 618.54004, 57.79989, -61.32736,  6.05051
-3.25267, -2.13555, 618.54004, 57.79989, -60.86626,  6.27991
-3.25267, -2.13555, 615.47797, 58.33016, -61.32736,  6.27991
-3.25267, -2.84740, 618.54004, 58.33016, -61.32736,  6.27991
-2.54939, -2.84740, 621.60212, 58.86044, -61.32736,  6.27991
-2.54939, -2.84740, 624.66420, 58.33016, -60.86626,  6.27991
-2.54939, -2.84740, 621.60212, 58.33016, -60.86626,  6.05051
-3.25267, -2.13555, 618.54004, 58.86044, -60.40515,  6.27991
-3.95595, -2.13555, 618.54004, 58.33016, -59.94404,  6.27991
-3.95595, -2.13555, 621.60212, 58.86044, -59.94404,  6.27991
-3.95595, -2.13555, 621.60212, 58.86044, -59.94404,  6.50931
-4.65923, -2.13555, 621.60212, 58.33016, -59.94404,  6.50931
-3.95595, -2.13555, 621.60212, 58.86044, -59.94404,  6.50931
-3.95595, -2.13555, 621.60212, 58.86044, -59.94404,  6.27991
-3.95595, -2.13555, 621.60212, 58.86044, -59.94404,  6.50931
-3.95595, -1.42370, 621.60212, 58.86044, -59.94404,  6.50931
-3.95595, -2.13555, 621.60212, 59.39071, -59.48293,  6.50931
-3.95595, -1.42370, 621.60212, 58.86044, -59.94404,  6.50931
-3.95595, -1.42370, 621.60212, 59.39071, -59.48293,  6.27991
-3.95595, -2.84740, 621.60212, 59.39071, -59.94404,  6.27991
-3.95595, -1.42370, 621.60212, 59.39071, -59.94404,  6.27991
-3.25267, -2.13555, 621.60212, 59.39071, -60.40515,  6.27991
-3.25267, -1.42370, 621.60212, 58.86044, -60.40515,  6.27991
-2.54939, -1.42370, 621.60212, 58.86044, -60.40515,  6.27991
-2.54939, -2.13555, 621.60212, 59.39071, -60.86626,  6.50931
-3.25267, -2.13555, 621.60212, 59.39071, -60.40515,  6.27991
-3.25267, -2.13555, 618.54004, 58.86044, -60.40515,  6.50931
-3.95595, -1.42370, 618.54004, 59.39071, -60.40515,  6.50931
-3.95595, -2.13555, 618.54004, 58.86044, -59.94404,  6.50931
-3.25267, -1.42370, 618.54004, 58.86044, -59.48293,  6.50931
-3.95595, -2.13555, 618.54004, 58.86044, -59.48293,  6.50931
-3.95595, -2.13555, 618.54004, 59.39071, -59.02182,  6.27991
-3.95595, -2.13555, 615.47797, 58.86044, -59.02182,  6.50931
-3.25267, -2.13555, 618.54004, 58.33016, -59.48293,  6.50931
-3.95595, -2.13555, 621.60212, 58.33016, -59.48293,  6.50931
-3.25267, -2.84740, 618.54004, 58.33016, -59.94404,  6.27991
-3.95595, -2.84740, 618.54004, 58.33016, -59.48293,  6.50931
-4.65923, -2.13555, 618.54004, 58.33016, -59.02182,  6.50931
-3.95595, -2.13555, 621.60212, 58.33016, -59.02182,  6.27991
-3.95595, -2.13555, 618.54004, 58.33016, -59.48293,  6.50931
-3.95595, -2.13555, 621.60212, 57.79989, -59.48293,  6.50931
-3.95595, -2.13555, 621.60212, 57.79989, -59.94404,  6.50931
-3.25267, -2.84740, 621.60212, 57.79989, -59.94404,  6.50931
-3.25267, -2.84740, 621.60212, 57.79989, -60.40515,  6.50931
-3.25267, -2.84740, 618.54004, 57.26961, -60.40515,  6.27991
-3.25267, -2.84740, 621.60212, 57.79989, -60.86626,  6.27991
-3.95595, -2.84740, 621.60212, 57.26961, -60.86626,  6.27991
-3.95595, -2.13555, 621.60212, 57.79989, -60.86626,  6.27991
-3.25267, -2.13555, 621.60212, 57.79989, -61.32736,  6.27991
-2.54939, -2.84740, 624.66420, 57.26961, -61.78847,  6.27991
-1.84611, -2.84740, 621.60212, 57.79989, -62.24958,  6.05051
-1.84611, -2.84740, 621.60212, 57.79989, -62.71069,  6.05051
-1.84611, -2.84740, 618.54004, 57.79989, -62.71069,  6.05051
-1.14283, -3.55925, 621.60212, 57.79989, -62.71069,  6.05051
-1.14283, -3.55925, 624.66420, 57.26961, -63.17180,  5.82110
-1.84611, -3.55925, 621.60212, 57.79989, -63.17180,  5.82110
-1.14283, -2.84740, 618.54004, 57.79989, -63.17180,  6.05051
-1.84611, -2.84740, 621.60212, 57.79989, -63.17180,  5.82110
-1.14283, -2.84740, 618.54004, 57.79989, -63.17180,  5.82110
-0.43955, -2.84740, 618.54004, 57.79989, -63.63290,  5.82110
-1.14283, -2.13555, 618.54004, 57.79989, -63.17180,  6.05051
-1.14283, -2.84740, 618.54004, 57.79989, -63.17180,  6.05051
-1.14283, -2.84740, 618.54004, 58.33016, -63.17180,  5.82110
