
-4.21968, -2.84740, 721.50247, 92.46656, -9.68327, 10.15109
-4.21968, -2.84740, 721.50247, 92.46656, -9.68327,  9.92169
-2.81312, -2.84740, 721.50247, 92.46656, -10.14438,  9.92169
-2.81312, -2.84740, 724.56454, 92.99684, -10.14438,  9.69228
-3.51640, -2.84740, 721.50247, 92.99684, -10.14438,  9.92169
-4.21968, -2.13555, 721.50247, 92.99684, -10.14438, 10.15109
-4.21968, -2.13555, 721.50247, 93.52711, -10.60548, 10.15109
-3.51640, -2.13555, 721.50247, 93.52711, -11.06659,  9.92169
-2.81312, -2.84740, 724.56454, 93.52711, -11.52770,  9.69228
-2.10984, -2.84740, 724.56454, 93.52711, -11.52770,  9.69228
-2.10984, -2.13555, 724.56454, 93.52711, -11.52770,  9.92169
-2.81312, -2.13555, 724.56454, 93.52711, -11.98881,  9.69228
-2.81312, -2.13555, 721.50247, 93.52711, -11.98881,  9.92169
-2.81312, -2.13555, 721.50247, 93.52711, -11.98881,  9.69228
-2.81312, -2.84740, 721.50247, 93.52711, -11.98881,  9.92169
-2.10984, -2.13555, 724.56454, 93.52711, -12.44992,  9.46288
-2.10984, -2.84740, 721.50247, 93.52711, -12.44992,  9.46288
-3.51640, -2.84740, 721.50247, 93.52711, -11.98881,  9.69228
-3.51640, -2.13555, 721.50247, 93.52711, -11.98881,  9.69228
-3.51640, -2.13555, 724.56454, 94.05739, -12.44992,  9.69228
-2.81312, -2.13555, 721.50247, 93.52711, -12.44992,  9.69228
-2.10984, -2.13555, 724.56454, 93.52711, -12.44992,  9.69228
-2.10984, -2.84740, 721.50247, 93.52711, -12.91102,  9.92169
-2.81312, -2.13555, 721.50247, 94.05739, -12.44992,  9.92169
-2.81312, -2.13555, 724.56454, 93.52711, -12.44992,  9.92169
-2.81312, -2.13555, 724.56454, 93.52711, -12.44992,  9.92169
-2.81312, -2.13555, 721.50247, 93.52711, -12.91102,  9.92169
-2.10984, -2.13555, 721.50247, 93.52711, -12.91102,  9.92169
-2.81312, -2.13555, 721.50247, 93.52711, -12.91102,  9.92169
-2.81312, -2.84740, 724.56454, 92.99684, -12.44992, 10.15109
-2.81312, -2.84740, 724.56454, 93.52711, -12.91102,  9.92169
-2.81312, -2.13555, 724.56454, 92.99684, -12.91102,  9.92169
-2.81312, -2.13555, 724.56454, 93.52711, -13.37213,  9.92169
-3.51640, -2.13555, 724.56454, 94.05739, -12.91102,  9.92169
-2.81312, -2.13555, 724.56454, 94.05739, -12.91102,  9.92169
-2.81312, -1.42370, 721.50247, 94.05739, -13.37213,  9.92169
-2.81312, -1.42370, 724.56454, 94.05739, -13.37213,  9.92169
-2.81312, -1.42370, 721.50247, 94.05739, -13.37213,  9.92169
-2.10984, -1.42370, 721.50247, 93.52711, -13.83324,  9.92169
-2.10984, -2.13555, 721.50247, 94.05739, -13.83324,  9.69228
-1.40656, -2.13555, 721.50247, 94.58766, -14.29435,  9.92169
-1.40656, -2.84740, 724.56454, 94.05739, -14.29435,  9.92169
-1.40656, -2.13555, 724.56454, 94.05739, -14.29435,  9.69228
-2.10984, -2.84740, 721.50247, 94.05739, -14.29435,  9.92169
-2.10984, -2.13555, 721.50247, 94.05739, -13.83324,  9.69228
-2.10984, -2.13555, 721.50247, 93.52711, -13.83324,  9.69228
-2.81312, -2.84740, 721.50247, 94.05739, -13.83324,  9.69228
-2.81312, -2.84740, 721.50247, 94.05739, -13.83324,  9.69228
-2.81312, -2.13555, 721.50247, 94.05739, -13.83324,  9.69228
-2.10984, -2.84740, 724.56454, 94.05739, -13.37213,  9.69228
-2.81312, -2.13555, 724.56454, 94.05739, -13.83324,  9.69228
-3.51640, -2.13555, 721.50247, 93.52711, -13.37213,  9.69228
-3.51640, -2.13555, 721.50247, 94.05739, -12.91102,  9.92169
-3.51640, -2.13555, 721.50247, 93.52711, -12.91102,  9.92169
-3.51640, -2.13555, 721.50247, 93.52711, -12.91102,  9.92169
-2.81312, -2.13555, 724.56454, 94.05739, -12.44992,  9.92169
-2.81312, -2.13555, 721.50247, 94.05739, -12.91102,  9.92169
-2.81312, -2.13555, 721.50247, 94.05739, -11.98881,  9.92169
-4.21968, -1.42370, 721.50247, 94.05739, -11.98881,  9.92169
-4.21968, -2.13555, 721.50247, 94.05739, -11.98881,  9.92169
-4.21968, -2.13555, 721.50247, 93.52711, -11.98881, 10.15109
-3.51640, -2.84740, 721.50247, 93.52711, -11.98881,  9.92169
-3.51640, -2.13555, 724.56454, 92.99684, -11.98881,  9.69228
-3.51640, -2.13555, 724.56454, 92.99684, -12.44992,  9.92169
-3.51640, -2.13555, 721.50247, 92.99684, -12.44992,  9.69228
-3.51640, -2.13555, 721.50247, 92.46656, -12.44992,  9.92169
-3.51640, -2.13555, 721.50247, 92.99684, -12.44992,  9.92169
-2.81312, -2.84740, 724.56454, 92.99684, -12.44992,  9.92169
-2.81312, -2.13555, 724.56454, 92.99684, -12.44992,  9.92169
-2.81312, -2.13555, 721.50247, 92.99684, -12.91102,  9.92169
-2.81312, -2.13555, 721.50247, 92.99684, -12.91102,  9.92169
-2.81312, -2.84740, 724.56454, 92.99684, -12.91102,  9.92169
-2.81312, -2.13555, 721.50247, 93.52711, -12.44992, 10.15109
-2.81312, -2.13555, 721.50247, 93.52711, -12.91102,  9.92169
-2.81312, -2.84740, 724.56454, 93.52711, -12.91102,  9.92169
-2.81312, -2.84740, 721.50247, 93.52711, -12.91102,  9.69228
-2.10984, -2.13555, 721.50247, 92.99684, -12.91102,  9.92169
-2.10984, -2.84740, 721.50247, 93.52711, -12.91102,  9.92169
-3.51640, -2.13555, 718.44039, 93.52711, -12.44992, 10.15109
-3.51640, -2.13555, 721.50247, 93.52711, -11.98881, 10.15109
-2.81312, -2.13555, 721.50247, 92.99684, -11.98881,  9.92169
-2.81312, -2.13555, 721.50247, 94.05739, -11.98881,  9.69228
-2.81312, -2.84740, 721.50247, 93.52711, -11.52770,  9.69228
-3.51640, -2.13555, 724.56454, 93.52711, -11.98881,  9.69228
-3.51640, -2.13555, 724.56454, 93.52711, -11.52770,  9.69228
-3.51640, -2.13555, 724.56454, 93.52711, -11.52770,  9.69228
-4.21968, -2.13555, 721.50247, 94.05739, -10.60548,  9.92169
-4.21968, -2.13555, 721.50247, 93.52711, -10.60548,  9.69228
-3.51640, -2.84740, 724.56454, 92.99684, -10.60548,  9.46288
-3.51640, -3.55925, 721.50247, 92.99684, -10.60548,  9.46288
-4.21968, -2.84740, 724.56454, 92.99684, -10.14438,  9.69228
-4.21968, -2.84740, 721.50247, 92.99684, -10.14438, 10.15109
-4.92295, -2.84740, 721.50247, 92.99684, -9.68327, 10.15109
-4.92295, -2.84740, 721.50247, 92.46656, -9.22216,  9.92169
-4.92295, -3.55925, 724.56454, 91.93629, -9.22216,  9.92169
-4.92295, -3.55925, 721.50247, 91.93629, -8.76105,  9.92169
-5.62623, -3.55925, 721.50247, 91.93629, -8.76105,  9.92169
-5.62623, -3.55925, 721.50247, 91.93629, -8.76105, 10.15109
-4.92295, -2.84740, 724.56454, 92.46656, -9.22216, 10.15109
-4.92295, -3.55925, 721.50247, 91.93629, -9.22216, 10.15109
-4.92295, -3.55925, 721.50247, 91.93629, -9.68327, 10.15109
-4.21968, -3.55925, 721.50247, 91.93629, -10.14438, 10.15109
-4.21968, -3.55925, 721.50247, 91.93629, -10.14438, 10.15109
-3.51640, -2.84740, 721.50247, 91.93629, -10.14438, 10.38049
-3.51640, -3.55925, 721.50247, 92.46656, -10.60548, 10.15109
-2.81312, -2.84740, 721.50247, 92.46656, -11.06659, 10.15109
-3.51640, -2.84740, 721.50247, 92.99684, -11.06659, 10.15109
-3.51640, -2.84740, 721.50247, 92.99684, -11.06659,  9.92169
-2.81312, -2.13555, 721.50247, 92.99684, -11.52770, 10.15109
-3.51640, -2.13555, 721.50247, 93.52711, -11.52770, 10.15109
-2.81312, -2.13555, 721.50247, 93.52711, -11.52770, 10.38049
-2.81312, -2.13555, 724.56454, 93.52711, -11.98881, 10.15109
-2.81312, -2.13555, 721.50247, 93.52711, -11.98881,  9.92169
-2.10984, -2.13555, 724.56454, 94.05739, -12.44992,  9.92169
-2.10984, -2.13555, 721.50247, 95.11793, -12.44992,  9.92169
-2.81312, -1.42370, 721.50247, 94.58766, -11.98881,  9.92169
-2.81312, -1.42370, 721.50247, 95.11793, -11.98881,  9.92169
-2.81312, -1.42370, 724.56454, 95.11793, -11.52770,  9.92169
-2.81312, -1.42370, 724.56454, 95.64821, -11.52770,  9.69228
-3.51640, -1.42370, 721.50247, 95.11793, -11.52770,  9.69228
-2.81312, -1.42370, 721.50247, 95.11793, -11.06659,  9.69228
-2.81312, -1.42370, 721.50247, 95.11793, -11.06659,  9.92169
-3.51640, -1.42370, 721.50247, 94.58766, -10.60548,  9.92169
-3.51640, -2.13555, 721.50247, 95.11793, -10.60548,  9.69228
-2.81312, -2.13555, 724.56454, 95.11793, -11.06659,  9.46288
-2.81312, -2.13555, 724.56454, 95.11793, -11.52770,  9.46288
-2.81312, -2.13555, 724.56454, 94.58766, -10.60548,  9.69228
-3.51640, -2.84740, 721.50247, 94.58766, -10.60548,  9.69228
-3.51640, -2.84740, 721.50247, 94.58766, -10.14438,  9.69228
-3.51640, -2.13555, 721.50247, 94.05739, -10.14438,  9.92169
-3.51640, -2.84740, 721.50247, 94.05739, -10.14438,  9.69228
-3.51640, -2.84740, 724.56454, 94.05739, -10.14438,  9.46288
-4.21968, -2.84740, 724.56454, 94.05739, -10.14438,  9.69228
-4.21968, -2.84740, 724.56454, 94.05739, -9.22216,  9.92169
-4.92295, -2.84740, 721.50247, 94.05739, -9.22216,  9.92169
-4.92295, -2.13555, 721.50247, 94.05739, -9.22216,  9.92169
-4.21968, -2.13555, 721.50247, 94.05739, -9.22216,  9.92169
-4.21968, -2.84740, 721.50247, 93.52711, -9.68327,  9.92169
-4.92295, -2.13555, 721.50247, 94.58766, -9.68327,  9.92169
-4.92295, -2.84740, 724.56454, 94.58766, -9.68327, 10.15109
-4.21968, -2.13555, 721.50247, 94.58766, -9.68327, 10.15109
-4.21968, -2.84740, 721.50247, 94.05739, -9.68327, 10.15109
-4.21968, -2.84740, 721.50247, 93.52711, -9.68327, 10.15109
-4.21968, -3.55925, 721.50247, 94.05739, -9.68327,  9.92169
-3.51640, -3.55925, 724.56454, 94.05739, -10.14438,  9.92169
-3.51640, -3.55925, 721.50247, 94.05739, -10.60548,  9.92169
-3.51640, -3.55925, 718.44039, 94.05739, -10.60548,  9.92169
-2.81312, -2.84740, 721.50247, 94.05739, -10.60548,  9.92169
-2.10984, -2.84740, 721.50247, 94.05739, -11.06659,  9.92169
-2.10984, -3.55925, 721.50247, 94.58766, -11.52770,  9.69228
-2.81312, -2.84740, 724.56454, 94.58766, -11.98881,  9.69228
-2.81312, -2.13555, 721.50247, 94.58766, -11.52770,  9.92169
-2.81312, -2.84740, 724.56454, 95.11793, -11.98881,  9.92169
-2.81312, -2.13555, 721.50247, 95.11793, -11.98881,  9.92169
-2.10984, -2.84740, 727.62662, 95.11793, -11.98881,  9.92169
-2.10984, -2.13555, 724.56454, 95.64821, -11.98881,  9.92169
-2.81312, -2.13555, 724.56454, 96.17848, -11.52770,  9.92169
-3.51640, -2.13555, 721.50247, 96.17848, -11.52770,  9.92169
-4.21968, -2.13555, 724.56454, 96.17848, -11.52770, 10.15109
-3.51640, -2.13555, 724.56454, 96.17848, -11.06659, 10.15109
-3.51640, -2.84740, 721.50247, 96.17848, -11.52770, 10.15109
-3.51640, -2.13555, 721.50247, 96.17848, -11.06659,  9.92169
-3.51640, -1.42370, 721.50247, 96.17848, -11.06659,  9.92169
-4.21968, -2.13555, 721.50247, 96.17848, -11.06659,  9.92169
-4.21968, -2.13555, 721.50247, 96.17848, -11.06659,  9.92169
-3.51640, -2.84740, 721.50247, 96.17848, -11.06659,  9.92169
-3.51640, -2.84740, 724.56454, 96.70876, -11.52770,  9.69228
-3.51640, -2.13555, 724.56454, 96.70876, -11.52770,  9.69228
-3.51640, -2.13555, 724.56454, 97.23903, -11.52770,  9.92169
-4.21968, -1.42370, 724.56454, 96.70876, -11.52770,  9.92169
-4.21968, -1.42370, 721.50247, 96.70876, -11.52770,  9.92169
-3.51640, -2.13555, 724.56454, 96.70876, -11.98881,  9.92169
-2.10984, -1.42370, 727.62662, 97.23903, -12.44992,  9.69228
-2.81312, -1.42370, 724.56454, 97.76931, -12.91102,  9.46288
-2.81312, -1.42370, 724.56454, 97.76931, -13.37213,  9.69228
-2.10984, -1.42370, 724.56454, 97.23903, -12.91102,  9.92169
-2.10984, -1.42370, 721.50247, 97.23903, -12.91102,  9.92169
-2.81312, -1.42370, 724.56454, 97.76931, -13.37213,  9.69228
-2.10984, -1.42370, 721.50247, 97.76931, -13.37213,  9.69228
-1.40656, -2.13555, 724.56454, 97.76931, -13.37213,  9.92169
-2.10984, -2.13555, 724.56454, 97.76931, -13.37213,  9.69228
-2.10984, -2.13555, 721.50247, 97.23903, -13.37213,  9.92169
-2.81312, -2.13555, 724.56454, 97.23903, -12.91102, 10.15109
-2.81312, -2.13555, 724.56454, 97.23903, -13.37213, 10.15109
-2.10984, -2.13555, 724.56454, 97.76931, -12.91102, 10.15109
-2.81312, -2.13555, 724.56454, 97.23903, -12.91102,  9.92169
-2.81312, -2.13555, 724.56454, 97.23903, -13.37213, 10.15109
-2.81312, -2.13555, 724.56454, 96.70876, -12.91102, 10.15109
-2.81312, -1.42370, 721.50247, 97.23903, -12.91102, 10.15109
-3.51640, -2.13555, 721.50247, 97.23903, -12.91102,  9.92169
-2.81312, -1.42370, 721.50247, 97.23903, -12.91102, 10.15109
-2.81312, -2.13555, 724.56454, 97.23903, -12.91102,  9.92169
-3.51640, -1.42370, 721.50247, 97.76931, -12.91102, 10.15109
-3.51640, -2.13555, 724.56454, 97.23903, -12.44992, 10.15109
-3.51640, -1.42370, 721.50247, 97.76931, -12.91102,  9.92169
-4.21968, -2.13555, 724.56454, 97.76931, -12.91102,  9.92169
-4.21968, -2.13555, 727.62662, 97.23903, -12.91102,  9.92169
-4.21968, -2.84740, 724.56454, 97.23903, -12.91102,  9.92169
-3.51640, -2.13555, 724.56454, 97.23903, -12.91102,  9.69228
-3.51640, -1.42370, 724.56454, 97.23903, -13.37213,  9.92169
-3.51640, -1.42370, 721.50247, 97.23903, -13.37213,  9.92169
-2.81312, -2.13555, 724.56454, 97.23903, -13.83324,  9.69228
-3.51640, -2.84740, 724.56454, 96.70876, -13.83324,  9.69228
-2.81312, -2.13555, 721.50247, 96.17848, -14.29435,  9.69228
-2.81312, -2.13555, 721.50247, 96.70876, -14.75546,  9.69228
-2.10984, -2.84740, 724.56454, 96.17848, -14.29435,  9.46288
-2.81312, -2.13555, 721.50247, 96.70876, -14.75546,  9.69228
-2.10984, -2.84740, 724.56454, 96.17848, -14.75546,  9.69228
-2.10984, -2.84740, 727.62662, 96.17848, -15.21656,  9.69228
-2.10984, -3.55925, 724.56454, 95.64821, -15.21656,  9.92169
-2.10984, -2.84740, 721.50247, 96.17848, -15.21656,  9.92169
-2.10984, -3.55925, 724.56454, 95.64821, -15.21656, 10.15109
-2.10984, -2.84740, 724.56454, 95.64821, -15.21656, 10.15109
-2.81312, -2.84740, 724.56454, 95.64821, -15.67767,  9.92169
-2.10984, -2.84740, 724.56454, 96.17848, -15.67767, 10.15109
-2.81312, -2.84740, 721.50247, 95.64821, -15.67767, 10.15109
-3.51640, -2.84740, 721.50247, 96.17848, -15.67767, 10.38049
-3.51640, -2.84740, 721.50247, 96.17848, -15.67767, 10.38049
-2.81312, -2.13555, 724.56454, 96.17848, -15.67767, 10.38049
-3.51640, -2.84740, 724.56454, 96.70876, -15.67767, 10.38049
-3.51640, -2.13555, 724.56454, 96.70876, -15.67767, 10.15109
-3.51640, -2.13555, 724.56454, 96.70876, -16.13878, 10.15109
-3.51640, -2.84740, 724.56454, 96.70876, -15.67767, 10.15109
-4.21968, -2.13555, 724.56454, 96.70876, -15.67767, 10.38049
-3.51640, -2.13555, 724.56454, 96.70876, -15.67767, 10.38049
-3.51640, -2.13555, 724.56454, 97.23903, -16.13878, 10.15109
-2.81312, -2.13555, 724.56454, 97.23903, -16.13878, 10.15109
-2.81312, -2.13555, 724.56454, 97.23903, -16.59989,  9.92169
-2.81312, -2.13555, 724.56454, 97.23903, -16.59989,  9.69228
-2.81312, -2.13555, 721.50247, 97.23903, -17.52210,  9.92169
-2.10984, -2.13555, 721.50247, 97.23903, -17.98321,  9.92169
-2.10984, -2.13555, 721.50247, 97.23903, -18.44432,  9.69228
-2.10984, -2.13555, 724.56454, 97.23903, -18.44432,  9.69228
-0.70328, -2.13555, 724.56454, 97.23903, -18.90543,  9.69228
-1.40656, -1.42370, 724.56454, 96.70876, -19.36654,  9.46288
-0.70328, -2.13555, 724.56454, 96.70876, -19.82764,  9.69228
-1.40656, -2.84740, 724.56454, 96.70876, -19.82764,  9.69228
-1.40656, -2.84740, 727.62662, 96.70876, -19.82764,  9.69228
-1.40656, -2.84740, 727.62662, 97.76931, -19.36654,  9.69228
-2.10984, -2.13555, 727.62662, 97.23903, -19.36654,  9.92169
-2.10984, -2.13555, 724.56454, 97.76931, -19.36654,  9.69228
-2.81312, -1.42370, 724.56454, 97.76931, -19.36654,  9.69228
-2.10984, -2.13555, 721.50247, 97.76931, -19.36654,  9.92169
-2.81312, -0.71185, 724.56454, 97.76931, -18.90543,  9.92169
-2.81312, -1.42370, 721.50247, 97.76931, -19.36654,  9.92169
-2.81312, -1.42370, 721.50247, 97.76931, -19.36654, 10.15109
-2.81312, -1.42370, 721.50247, 97.76931, -19.36654,  9.92169
-2.10984, -2.13555, 721.50247, 97.76931, -19.36654,  9.92169
-1.40656, -2.13555, 721.50247, 97.76931, -20.28875,  9.92169
-1.40656, -2.84740, 721.50247, 97.76931, -20.74986,  9.92169
-1.40656, -2.84740, 724.56454, 97.23903, -20.74986,  9.69228
-2.10984, -2.84740, 724.56454, 97.76931, -20.74986,  9.92169
-2.10984, -2.84740, 727.62662, 97.23903, -21.21097,  9.69228
-1.40656, -2.84740, 724.56454, 97.23903, -21.21097,  9.69228
-1.40656, -2.84740, 721.50247, 97.23903, -21.21097,  9.69228
-1.40656, -3.55925, 724.56454, 97.23903, -21.21097,  9.69228
-2.10984, -2.84740, 721.50247, 97.23903, -21.21097,  9.92169
-1.40656, -2.84740, 724.56454, 97.23903, -21.21097,  9.92169
-1.40656, -2.84740, 724.56454, 97.23903, -20.74986, 10.15109
-2.10984, -2.84740, 724.56454, 97.76931, -20.74986,  9.92169
-1.40656, -2.13555, 721.50247, 97.76931, -21.21097,  9.69228
-2.10984, -2.13555, 724.56454, 98.29958, -21.21097,  9.92169
-2.10984, -2.13555, 721.50247, 98.29958, -20.74986,  9.92169
-2.81312, -1.42370, 724.56454, 98.29958, -20.28875, 10.38049
-2.81312, -1.42370, 724.56454, 98.82985, -20.28875, 10.38049
-3.51640, -1.42370, 724.56454, 98.82985, -19.82764, 10.15109
-3.51640, -1.42370, 724.56454, 98.82985, -19.36654, 10.15109
-3.51640, -1.42370, 724.56454, 98.82985, -19.82764, 10.15109
-2.81312, -1.42370, 721.50247, 98.82985, -19.82764, 10.15109
-3.51640, -1.42370, 721.50247, 98.82985, -19.82764, 10.15109
-2.81312, -1.42370, 724.56454, 98.82985, -19.82764, 10.15109
-4.21968, -1.42370, 724.56454, 99.36013, -19.82764, 10.15109
-3.51640, -2.13555, 724.56454, 98.82985, -20.28875,  9.92169
-2.81312, -2.13555, 721.50247, 98.29958, -20.28875,  9.92169
-2.81312, -2.13555, 721.50247, 98.29958, -20.28875,  9.69228
-2.10984, -1.42370, 724.56454, 98.29958, -20.28875,  9.69228
-3.51640, -2.13555, 724.56454, 97.76931, -20.28875,  9.92169
-2.81312, -2.13555, 724.56454, 98.29958, -20.28875,  9.69228
-2.81312, -2.13555, 724.56454, 97.76931, -20.74986,  9.92169
-2.10984, -2.13555, 721.50247, 97.76931, -21.21097,  9.69228
-2.10984, -3.55925, 724.56454, 97.76931, -21.21097,  9.46288
-1.40656, -2.84740, 724.56454, 97.23903, -21.67208,  9.69228
-2.10984, -2.84740, 724.56454, 97.23903, -21.67208,  9.46288
-2.10984, -2.84740, 724.56454, 97.76931, -21.67208,  9.69228
-2.10984, -3.55925, 721.50247, 97.23903, -21.67208,  9.69228
-1.40656, -3.55925, 724.56454, 97.23903, -21.67208,  9.69228
-1.40656, -3.55925, 721.50247, 97.23903, -21.67208,  9.69228
-1.40656, -2.84740, 721.50247, 96.70876, -22.13318,  9.46288
-1.40656, -2.84740, 721.50247, 96.70876, -21.67208,  9.46288
-2.10984, -3.55925, 721.50247, 97.23903, -21.67208,  9.69228
-2.10984, -2.84740, 721.50247, 97.23903, -21.67208,  9.92169
-2.81312, -3.55925, 721.50247, 97.23903, -22.13318,  9.92169
-2.10984, -2.84740, 724.56454, 97.23903, -21.67208,  9.92169
-2.81312, -2.84740, 724.56454, 97.76931, -21.21097,  9.92169
-2.81312, -2.84740, 724.56454, 97.76931, -20.74986, 10.15109
-3.51640, -2.84740, 727.62662, 97.76931, -19.82764, 10.38049
-3.51640, -2.13555, 724.56454, 98.29958, -19.82764, 10.38049
-4.21968, -2.13555, 721.50247, 97.76931, -19.36654, 10.15109
-3.51640, -2.13555, 721.50247, 98.29958, -19.36654, 10.38049
-3.51640, -2.13555, 721.50247, 98.29958, -19.36654, 10.38049
-3.51640, -2.13555, 721.50247, 98.29958, -19.36654, 10.38049
-3.51640, -1.42370, 724.56454, 98.82985, -18.90543, 10.38049
-3.51640, -1.42370, 721.50247, 99.36013, -18.90543, 10.38049
-3.51640, -1.42370, 724.56454, 99.36013, -18.90543, 10.38049
-2.81312, -1.42370, 721.50247, 99.36013, -19.36654, 10.15109
-2.81312, -1.42370, 724.56454, 99.36013, -19.82764,  9.92169
-2.81312, -1.42370, 724.56454, 99.89040, -19.82764,  9.92169
-2.81312, -1.42370, 721.50247, 99.36013, -20.28875, 10.15109
-2.81312, -2.13555, 724.56454, 99.89040, -20.28875, 10.15109
-2.81312, -1.42370, 724.56454, 99.89040, -19.82764, 10.15109
-2.81312, -1.42370, 724.56454, 99.89040, -19.82764, 10.15109
-2.10984, -2.13555, 721.50247, 99.89040, -20.28875,  9.92169
-2.10984, -2.13555, 721.50247, 99.89040, -19.82764,  9.92169
-2.81312, -1.42370, 721.50247, 99.36013, -19.82764,  9.92169
-2.81312, -2.13555, 724.56454, 99.36013, -19.36654,  9.92169
-2.81312, -2.13555, 721.50247, 99.36013, -19.36654, 10.15109
-2.81312, -2.13555, 724.56454, 99.36013, -18.90543,  9.92169
-2.81312, -2.13555, 721.50247, 99.89040, -18.90543,  9.92169
-2.81312, -2.13555, 721.50247, 99.89040, -18.90543,  9.92169
-2.81312, -2.13555, 721.50247, 99.89040, -18.90543,  9.92169
-3.51640, -2.13555, 721.50247, 99.89040, -18.44432, 10.15109
-3.51640, -1.42370, 721.50247, 99.89040, -18.44432, 10.15109
-3.51640, -1.42370, 724.56454, 99.89040, -18.44432, 10.15109
-4.21968, -2.13555, 724.56454, 99.89040, -17.98321, 10.15109
-4.21968, -1.42370, 724.56454, 99.89040, -17.98321,  9.92169
-3.51640, -2.13555, 724.56454, 99.36013, -17.52210,  9.92169
-4.21968, -2.13555, 721.50247, 98.82985, -17.52210, 10.15109
-4.21968, -2.13555, 721.50247, 98.82985, -17.06100, 10.38049
-4.21968, -2.84740, 721.50247, 98.82985, -17.06100, 10.15109
-4.21968, -2.84740, 721.50247, 98.82985, -17.52210, 10.15109
-4.21968, -2.13555, 721.50247, 98.29958, -17.06100,  9.92169
-4.21968, -2.13555, 721.50247, 98.82985, -17.06100,  9.92169
-4.21968, -2.13555, 718.44039, 98.29958, -17.06100,  9.92169
-4.21968, -2.84740, 721.50247, 98.29958, -16.59989,  9.92169
-4.92295, -2.84740, 721.50247, 98.29958, -16.59989,  9.92169
-4.92295, -2.84740, 721.50247, 98.29958, -16.59989,  9.92169
-4.92295, -2.84740, 724.56454, 98.29958, -16.59989,  9.92169
-4.92295, -2.84740, 724.56454, 98.82985, -16.59989,  9.92169
-4.92295, -2.84740, 724.56454, 98.82985, -16.13878,  9.92169
-4.92295, -2.84740, 721.50247, 98.29958, -16.13878, 10.15109
-4.92295, -2.84740, 724.56454, 97.76931, -16.13878, 10.15109
-4.92295, -3.55925, 721.50247, 98.29958, -16.59989, 10.15109
-4.92295, -2.84740, 721.50247, 98.29958, -16.59989,  9.92169
-4.21968, -2.84740, 721.50247, 98.29958, -17.06100, 10.15109
-4.21968, -2.84740, 724.56454, 98.29958, -17.06100, 10.15109
-4.21968, -2.84740, 721.50247, 98.29958, -17.06100, 10.38049
-4.21968, -3.55925, 721.50247, 98.82985, -17.06100, 10.15109
-3.51640, -2.84740, 721.50247, 98.82985, -17.06100, 10.38049
-3.51640, -2.84740, 721.50247, 98.82985, -17.06100, 10.15109
-4.21968, -2.13555, 718.44039, 99.36013, -17.06100, 10.15109
-4.21968, -2.13555, 721.50247, 99.36013, -17.52210, 10.15109
-4.21968, -2.13555, 724.56454, 99.89040, -17.52210, 10.38049
-3.51640, -2.13555, 724.56454, 100.42068, -17.98321, 10.38049
-4.21968, -1.42370, 721.50247, 99.89040, -17.98321, 10.38049
-3.51640, -2.13555, 724.56454, 100.42068, -17.98321, 10.38049
-3.51640, -1.42370, 721.50247, 100.42068, -18.44432, 10.38049
-3.51640, -2.13555, 724.56454, 100.42068, -18.90543, 10.15109
-3.51640, -1.42370, 721.50247, 100.42068, -18.90543, 10.15109
-3.51640, -0.71185, 724.56454, 100.42068, -19.36654, 10.15109
-3.51640, -1.42370, 724.56454, 100.42068, -18.90543, 10.15109
-3.51640, -1.42370, 721.50247, 100.95095, -18.90543, 10.38049
-3.51640, -1.42370, 721.50247, 100.95095, -19.36654, 10.15109
-2.81312, -1.42370, 724.56454, 100.42068, -19.82764,  9.92169
-2.81312, -1.42370, 721.50247, 100.42068, -19.82764,  9.69228
-2.81312, -1.42370, 721.50247, 100.42068, -19.82764,  9.92169
-3.51640, -2.13555, 721.50247, 100.42068, -19.82764,  9.92169
-3.51640, -1.42370, 724.56454, 100.42068, -19.82764,  9.92169
-2.81312, -1.42370, 724.56454, 100.42068, -19.82764,  9.92169
-2.81312, -2.13555, 724.56454, 100.42068, -20.28875,  9.69228
-2.81312, -2.13555, 724.56454, 100.42068, -20.28875,  9.69228
-2.81312, -1.42370, 724.56454, 100.42068, -20.74986,  9.69228
-3.51640, -2.13555, 724.56454, 99.89040, -20.74986,  9.92169
-2.81312, -2.13555, 724.56454, 99.89040, -20.28875,  9.92169
-2.81312, -2.13555, 721.50247, 99.36013, -20.28875,  9.69228
-2.81312, -2.13555, 721.50247, 99.36013, -20.74986,  9.46288
-2.10984, -2.13555, 721.50247, 99.36013, -21.21097,  9.46288
-1.40656, -2.13555, 721.50247, 99.89040, -21.21097,  9.46288
-2.10984, -2.13555, 724.56454, 99.36013, -21.21097,  9.46288
-2.10984, -2.13555, 724.56454, 99.36013, -21.21097,  9.69228
-2.81312, -2.13555, 724.56454, 99.36013, -21.21097,  9.69228
-2.10984, -2.13555, 724.56454, 99.36013, -21.21097,  9.69228
-2.81312, -2.84740, 721.50247, 98.82985, -21.21097,  9.69228
-2.81312, -2.84740, 724.56454, 99.36013, -21.21097,  9.46288
-2.10984, -2.84740, 721.50247, 98.82985, -21.21097,  9.69228
-2.81312, -2.84740, 721.50247, 98.82985, -20.74986,  9.69228
-3.51640, -2.84740, 724.56454, 98.82985, -20.28875,  9.92169
-3.51640, -2.84740, 721.50247, 98.82985, -20.28875,  9.92169
-3.51640, -2.84740, 721.50247, 98.29958, -20.28875, 10.15109
-2.81312, -2.84740, 724.56454, 98.29958, -20.74986,  9.92169
-3.51640, -2.84740, 724.56454, 98.29958, -20.28875,  9.92169
-4.21968, -2.84740, 724.56454, 98.29958, -19.82764, 10.15109
-4.92295, -2.84740, 724.56454, 98.29958, -19.36654, 10.15109
-4.21968, -2.84740, 727.62662, 97.76931, -19.82764, 10.15109
-3.51640, -3.55925, 721.50247, 97.76931, -19.82764, 10.15109
-3.51640, -2.84740, 724.56454, 98.29958, -19.82764, 10.15109
-3.51640, -2.84740, 721.50247, 98.29958, -19.82764, 10.15109
-3.51640, -2.84740, 721.50247, 98.29958, -19.82764, 10.15109
-3.51640, -2.84740, 721.50247, 98.29958, -20.28875, 10.38049
-3.51640, -2.84740, 721.50247, 98.29958, -20.28875, 10.38049
-3.51640, -2.84740, 721.50247, 98.29958, -20.28875, 10.15109
-2.81312, -2.84740, 721.50247, 98.82985, -20.74986, 10.15109
-2.81312, -2.84740, 724.56454, 98.82985, -20.74986,  9.92169
-2.81312, -2.84740, 721.50247, 98.82985, -21.21097, 10.15109
-3.51640, -2.13555, 724.56454, 98.82985, -21.21097,  9.92169
-2.81312, -2.13555, 727.62662, 98.82985, -21.67208, 10.15109
-2.10984, -2.84740, 721.50247, 99.36013, -21.67208, 10.15109
-2.10984, -2.84740, 724.56454, 99.36013, -21.67208,  9.92169
-2.10984, -2.13555, 724.56454, 99.36013, -22.13318,  9.69228
-2.10984, -2.84740, 724.56454, 99.89040, -22.13318,  9.69228
-2.10984, -2.84740, 724.56454, 99.89040, -22.13318,  9.92169
-2.10984, -2.13555, 721.50247, 99.89040, -21.67208,  9.92169
-2.81312, -2.13555, 724.56454, 100.42068, -21.21097,  9.92169
-2.81312, -2.13555, 724.56454, 100.42068, -21.21097,  9.92169
-2.81312, -2.13555, 724.56454, 99.89040, -21.21097,  9.92169
-2.10984, -2.13555, 721.50247, 100.42068, -21.21097,  9.92169
-2.10984, -2.13555, 721.50247, 100.42068, -21.21097,  9.92169
-2.81312, -2.13555, 721.50247, 100.95095, -21.21097, 10.15109
-3.51640, -2.13555, 721.50247, 100.42068, -20.74986, 10.15109
-3.51640, -1.42370, 721.50247, 100.95095, -20.28875, 10.15109
-3.51640, -1.42370, 721.50247, 100.95095, -20.74986, 10.15109
-2.81312, -2.13555, 724.56454, 100.95095, -20.74986,  9.92169
-2.10984, -1.42370, 724.56454, 101.48123, -20.74986, 10.15109
-2.81312, -1.42370, 724.56454, 101.48123, -21.21097, 10.15109
-3.51640, -1.42370, 724.56454, 101.48123, -20.28875, 10.38049
-4.21968, -1.42370, 724.56454, 101.48123, -20.28875, 10.38049
-4.21968, -0.71185, 724.56454, 101.48123, -19.82764, 10.38049
-3.51640, -1.42370, 721.50247, 101.48123, -19.82764, 10.15109
-3.51640, -1.42370, 721.50247, 101.48123, -20.28875,  9.92169
-3.51640, -2.13555, 721.50247, 100.95095, -20.28875, 10.15109
-3.51640, -1.42370, 721.50247, 101.48123, -20.28875, 10.15109
-4.21968, -2.13555, 724.56454, 100.95095, -20.28875, 10.15109
-4.21968, -1.42370, 721.50247, 100.95095, -20.74986,  9.92169
-3.51640, -1.42370, 721.50247, 100.95095, -20.74986,  9.92169
-2.81312, -2.13555, 721.50247, 100.42068, -21.21097,  9.92169
-2.10984, -2.13555, 721.50247, 100.95095, -21.21097,  9.92169
-3.51640, -2.13555, 724.56454, 100.42068, -21.21097,  9.92169
-3.51640, -2.13555, 721.50247, 100.42068, -21.21097,  9.92169
-3.51640, -2.13555, 721.50247, 101.48123, -21.21097,  9.92169
-3.51640, -2.13555, 724.56454, 100.42068, -21.21097,  9.92169
-2.81312, -2.13555, 721.50247, 100.42068, -21.67208,  9.69228
-2.81312, -2.84740, 724.56454, 100.42068, -21.67208,  9.69228
-2.10984, -2.13555, 724.56454, 100.42068, -21.67208,  9.92169
-2.81312, -2.13555, 721.50247, 100.42068, -22.13318,  9.92169
-2.81312, -2.13555, 724.56454, 100.42068, -21.67208,  9.92169
-2.10984, -2.84740, 721.50247, 100.42068, -22.13318,  9.69228
-2.10984, -2.84740, 721.50247, 100.42068, -22.13318,  9.69228
-2.10984, -2.84740, 724.56454, 99.89040, -22.13318,  9.69228
-2.10984, -2.84740, 721.50247, 100.42068, -22.13318,  9.92169
-2.10984, -2.13555, 721.50247, 99.89040, -22.13318,  9.92169
-2.81312, -2.13555, 721.50247, 100.42068, -22.13318,  9.92169
-2.10984, -2.13555, 724.56454, 100.42068, -22.13318,  9.69228
-2.81312, -2.13555, 724.56454, 100.42068, -22.13318,  9.92169
-2.10984, -2.13555, 724.56454, 100.42068, -22.13318,  9.92169
-2.81312, -2.13555, 724.56454, 100.42068, -22.13318,  9.69228
-3.51640, -2.13555, 724.56454, 100.42068, -21.21097,  9.92169
-4.21968, -2.84740, 724.56454, 100.42068, -20.74986, 10.15109
-4.21968, -2.84740, 724.56454, 100.42068, -20.28875, 10.15109
-3.51640, -2.84740, 721.50247, 100.42068, -20.28875,  9.92169
-3.51640, -2.84740, 724.56454, 99.89040, -20.28875, 10.15109
-3.51640, -2.84740, 721.50247, 99.89040, -19.82764, 10.15109
-4.21968, -2.84740, 721.50247, 99.89040, -19.82764, 10.38049
-4.21968, -2.84740, 721.50247, 99.36013, -19.36654, 10.15109
-4.21968, -2.84740, 721.50247, 99.89040, -19.36654, 10.15109
-4.21968, -2.84740, 721.50247, 100.42068, -19.36654, 10.15109
-4.21968, -2.84740, 721.50247, 100.42068, -19.36654, 10.15109
-4.21968, -2.84740, 724.56454, 100.95095, -19.36654, 10.15109
-4.92295, -2.84740, 724.56454, 100.95095, -19.36654, 10.15109
-5.62623, -2.13555, 724.56454, 100.95095, -19.36654, 10.38049
-4.92295, -2.13555, 721.50247, 101.48123, -19.82764, 10.15109
-4.21968, -2.13555, 724.56454, 100.95095, -20.28875,  9.92169
-3.51640, -2.13555, 724.56454, 101.48123, -20.74986, 10.15109
-4.21968, -2.13555, 724.56454, 101.48123, -20.74986, 10.15109
-3.51640, -2.13555, 721.50247, 102.01150, -20.74986, 10.15109
-3.51640, -1.42370, 721.50247, 101.48123, -21.21097,  9.92169
-2.81312, -2.13555, 724.56454, 101.48123, -21.21097,  9.92169
-2.81312, -2.13555, 721.50247, 102.01150, -21.21097, 10.15109
-2.81312, -1.42370, 721.50247, 102.54177, -21.21097, 10.15109
-2.81312, -2.13555, 721.50247, 102.01150, -21.67208, 10.15109
-3.51640, -1.42370, 724.56454, 102.54177, -21.21097,  9.92169
-3.51640, -1.42370, 721.50247, 102.54177, -21.67208,  9.92169
-2.81312, -0.71185, 721.50247, 102.54177, -21.67208,  9.92169
-2.81312, -1.42370, 721.50247, 103.07205, -22.13318, 10.15109
-2.81312, -0.71185, 724.56454, 103.07205, -21.67208,  9.92169
-2.81312, -0.71185, 721.50247, 103.07205, -21.67208,  9.92169
-3.51640, -0.71185, 724.56454, 103.07205, -21.21097,  9.92169
-2.81312, -1.42370, 721.50247, 103.07205, -21.21097,  9.92169
-2.81312, -1.42370, 721.50247, 103.07205, -21.67208,  9.92169
-2.81312, -0.71185, 724.56454, 103.07205, -21.67208,  9.92169
-3.51640, -0.71185, 721.50247, 103.07205, -22.13318,  9.92169
-3.51640, -0.71185, 721.50247, 103.07205, -21.67208,  9.92169
-3.51640, -1.42370, 721.50247, 102.54177, -22.13318,  9.92169
-3.51640, -1.42370, 721.50247, 103.07205, -21.21097,  9.92169
-3.51640, -1.42370, 721.50247, 102.54177, -21.67208,  9.69228
-3.51640, -1.42370, 724.56454, 102.54177, -21.21097,  9.69228
-4.21968, -1.42370, 724.56454, 102.01150, -21.21097,  9.92169
-3.51640, -2.13555, 724.56454, 101.48123, -21.21097, 10.15109
-3.51640, -1.42370, 724.56454, 102.01150, -20.74986, 10.15109
-3.51640, -2.13555, 721.50247, 102.01150, -20.74986,  9.92169
-4.21968, -2.13555, 721.50247, 102.01150, -20.74986,  9.92169
-4.21968, -1.42370, 721.50247, 100.95095, -20.74986,  9.69228
-4.21968, -2.84740, 721.50247, 100.95095, -20.74986,  9.92169
-4.21968, -2.84740, 724.56454, 100.95095, -21.21097,  9.92169
-4.21968, -2.84740, 721.50247, 100.42068, -20.74986,  9.92169
-3.51640, -2.13555, 721.50247, 100.95095, -20.74986,  9.69228
-3.51640, -2.13555, 721.50247, 100.42068, -20.74986,  9.92169
-3.51640, -2.84740, 721.50247, 100.42068, -21.21097,  9.92169
-4.21968, -2.84740, 724.56454, 100.42068, -21.21097,  9.92169
-3.51640, -2.84740, 721.50247, 100.95095, -21.21097,  9.69228
-3.51640, -2.84740, 724.56454, 100.42068, -21.67208, 10.15109
-4.21968, -2.84740, 721.50247, 100.95095, -21.21097, 10.15109
-3.51640, -2.13555, 721.50247, 100.42068, -21.21097,  9.92169
-3.51640, -2.84740, 724.56454, 100.42068, -21.21097,  9.92169
-3.51640, -2.13555, 724.56454, 100.42068, -21.21097,  9.92169
-2.81312, -2.13555, 721.50247, 100.42068, -21.67208,  9.92169
-3.51640, -2.13555, 721.50247, 100.42068, -21.21097,  9.92169
-3.51640, -2.84740, 724.56454, 99.89040, -21.21097, 10.15109
-3.51640, -2.84740, 721.50247, 99.89040, -21.67208, 10.15109
-3.51640, -2.84740, 721.50247, 99.89040, -21.21097, 10.15109
-2.81312, -2.84740, 721.50247, 100.42068, -21.21097, 10.15109
-3.51640, -2.84740, 721.50247, 100.42068, -21.67208,  9.92169
-2.81312, -2.84740, 721.50247, 99.89040, -21.21097,  9.92169
-3.51640, -2.13555, 724.56454, 100.42068, -21.21097,  9.92169
-2.81312, -2.84740, 724.56454, 100.42068, -21.21097, 10.15109
-3.51640, -2.13555, 721.50247, 100.42068, -21.21097,  9.92169
-2.81312, -2.13555, 721.50247, 100.42068, -21.21097, 10.15109
-3.51640, -2.13555, 721.50247, 100.42068, -21.21097, 10.38049
-3.51640, -2.13555, 724.56454, 100.42068, -21.21097, 10.15109
-3.51640, -2.13555, 724.56454, 100.42068, -20.74986, 10.15109
-3.51640, -2.13555, 724.56454, 100.95095, -20.74986, 10.15109
-3.51640, -2.13555, 724.56454, 100.42068, -21.21097, 10.15109
-3.51640, -2.13555, 721.50247, 100.95095, -21.21097, 10.15109
-3.51640, -2.84740, 721.50247, 100.42068, -20.74986, 10.15109
-2.81312, -2.84740, 724.56454, 100.42068, -20.74986, 10.15109
-3.51640, -2.13555, 721.50247, 100.42068, -20.74986, 10.15109
-3.51640, -2.13555, 721.50247, 100.95095, -21.21097, 10.15109
-3.51640, -2.13555, 721.50247, 100.42068, -20.74986, 10.15109
-3.51640, -2.13555, 721.50247, 100.42068, -20.74986, 10.15109
-3.51640, -2.13555, 721.50247, 100.95095, -20.74986,  9.92169
-3.51640, -2.13555, 724.56454, 101.48123, -20.74986,  9.92169
-3.51640, -2.84740, 724.56454, 101.48123, -20.28875,  9.92169
-3.51640, -2.84740, 724.56454, 100.95095, -20.74986,  9.92169
-3.51640, -2.13555, 724.56454, 100.95095, -20.74986,  9.92169
-2.81312, -2.13555, 724.56454, 100.95095, -20.74986,  9.92169
-3.51640, -2.84740, 724.56454, 100.95095, -20.74986,  9.92169
-3.51640, -2.84740, 721.50247, 100.95095, -20.74986,  9.92169
-3.51640, -2.84740, 721.50247, 100.42068, -20.28875,  9.69228
-3.51640, -2.84740, 721.50247, 100.42068, -20.28875,  9.69228
-3.51640, -2.84740, 721.50247, 100.42068, -19.82764,  9.69228
-2.81312, -2.84740, 721.50247, 100.95095, -20.28875,  9.92169
-3.51640, -2.13555, 721.50247, 100.95095, -19.82764,  9.69228
-4.21968, -2.84740, 727.62662, 101.48123, -19.36654,  9.69228
-3.51640, -2.13555, 724.56454, 101.48123, -19.36654,  9.92169
-4.21968, -2.13555, 724.56454, 101.48123, -18.90543, 10.15109
-4.21968, -2.13555, 724.56454, 101.48123, -19.36654,  9.92169
-4.21968, -1.42370, 721.50247, 101.48123, -18.90543, 10.15109
-4.21968, -2.13555, 724.56454, 101.48123, -18.90543, 10.15109
-4.21968, -2.13555, 724.56454, 102.01150, -18.44432, 10.38049
-4.21968, -1.42370, 721.50247, 102.01150, -18.90543, 10.15109
-4.92295, -2.13555, 721.50247, 102.54177, -18.90543, 10.38049
-4.92295, -2.13555, 721.50247, 101.48123, -18.90543, 10.38049
-4.92295, -1.42370, 721.50247, 102.01150, -18.90543, 10.15109
-3.51640, -1.42370, 721.50247, 102.01150, -18.90543, 10.15109
-4.21968, -2.13555, 721.50247, 102.01150, -19.36654, 10.15109
-4.21968, -1.42370, 724.56454, 102.01150, -19.36654, 10.15109
-4.21968, -1.42370, 724.56454, 102.01150, -19.36654, 10.15109
-3.51640, -2.13555, 724.56454, 102.01150, -19.82764, 10.15109
-3.51640, -1.42370, 724.56454, 102.01150, -19.82764, 10.15109
-3.51640, -2.13555, 724.56454, 102.01150, -19.82764,  9.92169
-3.51640, -2.13555, 724.56454, 101.48123, -19.82764,  9.92169
-3.51640, -2.84740, 724.56454, 101.48123, -19.82764,  9.92169
-3.51640, -2.13555, 724.56454, 101.48123, -19.82764,  9.92169
-4.21968, -2.84740, 724.56454, 101.48123, -19.82764,  9.92169
-3.51640, -2.13555, 721.50247, 100.95095, -20.28875,  9.69228
-2.81312, -2.84740, 721.50247, 101.48123, -20.28875,  9.69228
-2.81312, -2.84740, 724.56454, 101.48123, -20.28875,  9.69228
-2.10984, -2.84740, 721.50247, 101.48123, -21.21097,  9.69228
-2.10984, -2.84740, 721.50247, 101.48123, -20.74986,  9.69228
-2.81312, -2.84740, 724.56454, 102.01150, -20.74986,  9.69228
-2.81312, -2.84740, 724.56454, 101.48123, -21.21097,  9.69228
-2.81312, -2.84740, 724.56454, 102.01150, -20.74986,  9.69228
-2.10984, -2.13555, 724.56454, 101.48123, -20.74986,  9.69228
-2.81312, -2.13555, 724.56454, 102.01150, -20.74986,  9.69228
-2.81312, -2.13555, 724.56454, 102.01150, -20.74986,  9.69228
-3.51640, -2.13555, 721.50247, 102.54177, -20.28875,  9.92169
-3.51640, -1.42370, 727.62662, 102.54177, -20.28875,  9.92169
-3.51640, -1.42370, 724.56454, 102.01150, -19.82764,  9.92169
-3.51640, -2.13555, 724.56454, 102.01150, -19.82764,  9.92169
-3.51640, -1.42370, 721.50247, 102.54177, -19.82764,  9.92169
-3.51640, -1.42370, 721.50247, 102.01150, -19.36654, 10.15109
-4.21968, -2.13555, 721.50247, 102.54177, -18.90543, 10.15109
-4.21968, -2.13555, 721.50247, 102.54177, -18.90543, 10.15109
-4.21968, -2.13555, 724.56454, 102.54177, -18.90543, 10.15109
-4.21968, -2.84740, 724.56454, 102.54177, -18.90543, 10.15109
-4.21968, -2.84740, 724.56454, 102.54177, -18.90543, 10.15109
-4.21968, -2.84740, 721.50247, 102.01150, -18.90543, 10.15109
-3.51640, -2.13555, 721.50247, 102.01150, -18.90543, 10.15109
-4.92295, -2.13555, 724.56454, 102.01150, -18.90543, 10.15109
-4.21968, -2.13555, 724.56454, 102.01150, -18.90543, 10.15109
-4.21968, -2.84740, 727.62662, 102.54177, -19.36654, 10.15109
-3.51640, -3.55925, 724.56454, 102.54177, -19.82764, 10.15109
-4.21968, -2.84740, 724.56454, 102.01150, -19.82764, 10.15109
-4.21968, -2.84740, 721.50247, 102.01150, -19.82764, 10.15109
-3.51640, -2.13555, 721.50247, 102.54177, -19.36654, 10.38049
-3.51640, -2.13555, 721.50247, 102.54177, -19.82764, 10.15109
-3.51640, -2.84740, 724.56454, 103.07205, -20.28875,  9.92169
-3.51640, -2.13555, 724.56454, 102.54177, -20.28875,  9.92169
-3.51640, -2.13555, 721.50247, 103.07205, -20.28875,  9.92169
-2.81312, -2.84740, 721.50247, 103.07205, -20.74986, 10.15109
-4.21968, -2.84740, 721.50247, 103.07205, -20.28875, 10.15109
-3.51640, -2.13555, 724.56454, 103.07205, -21.21097,  9.92169
-3.51640, -2.13555, 724.56454, 103.07205, -20.74986,  9.92169
-2.81312, -2.13555, 724.56454, 103.07205, -21.21097,  9.92169
-2.81312, -2.13555, 724.56454, 103.60232, -21.67208,  9.92169
-3.51640, -2.13555, 724.56454, 104.13260, -21.67208,  9.92169
-3.51640, -0.71185, 721.50247, 104.13260, -21.21097, 10.15109
-4.21968, -0.71185, 724.56454, 104.13260, -21.21097, 10.15109
-4.21968, -0.71185, 724.56454, 104.13260, -21.21097, 10.15109
-3.51640, -0.71185, 721.50247, 104.13260, -21.67208,  9.92169
-2.81312, -1.42370, 724.56454, 104.66287, -21.67208,  9.92169
-2.81312,  0.00000, 721.50247, 104.66287, -21.67208,  9.69228
-3.51640,  0.00000, 724.56454, 104.13260, -21.67208,  9.92169
-4.21968, -0.71185, 721.50247, 104.66287, -21.67208, 10.15109
-4.21968, -1.42370, 721.50247, 104.66287, -21.67208,  9.92169
-4.21968, -0.71185, 724.56454, 104.66287, -21.67208,  9.92169
-2.81312, -1.42370, 724.56454, 104.66287, -22.13318,  9.69228
-2.81312, -1.42370, 724.56454, 104.13260, -22.13318,  9.92169
-2.81312, -2.13555, 724.56454, 103.60232, -22.13318,  9.92169
-3.51640, -2.13555, 721.50247, 103.60232, -22.13318, 10.15109
-3.51640, -1.42370, 721.50247, 103.60232, -22.13318, 10.15109
-3.51640, -2.13555, 721.50247, 103.60232, -22.13318, 10.15109
-3.51640, -2.13555, 724.56454, 103.60232, -22.59429,  9.92169
-3.51640, -2.13555, 721.50247, 103.60232, -22.59429,  9.92169
-3.51640, -2.13555, 721.50247, 103.60232, -22.13318,  9.92169
-3.51640, -2.13555, 721.50247, 104.13260, -22.59429, 10.15109
-4.21968, -2.13555, 724.56454, 103.60232, -22.59429, 10.15109
-4.21968, -2.13555, 724.56454, 103.60232, -22.59429, 10.15109
-4.21968, -2.13555, 724.56454, 104.13260, -22.59429,  9.92169
-4.21968, -2.13555, 724.56454, 103.60232, -23.05540,  9.92169
-3.51640, -2.13555, 721.50247, 103.60232, -23.51651,  9.92169
-2.81312, -2.13555, 721.50247, 103.60232, -23.97762,  9.92169
-2.81312, -2.13555, 721.50247, 103.60232, -23.97762,  9.92169
-4.21968, -1.42370, 724.56454, 103.60232, -23.97762,  9.92169
-3.51640, -1.42370, 724.56454, 103.60232, -23.97762,  9.92169
-2.81312, -2.13555, 721.50247, 103.60232, -23.51651,  9.92169
-3.51640, -2.13555, 721.50247, 103.07205, -23.97762,  9.92169
-3.51640, -2.13555, 721.50247, 103.60232, -23.97762,  9.69228
-3.51640, -2.84740, 724.56454, 103.07205, -23.97762,  9.92169
-3.51640, -2.84740, 721.50247, 103.07205, -23.51651,  9.92169
-4.21968, -2.84740, 721.50247, 103.07205, -23.51651,  9.92169
-3.51640, -2.84740, 721.50247, 103.07205, -23.51651,  9.92169
-3.51640, -2.84740, 721.50247, 103.07205, -24.43872,  9.92169
-3.51640, -2.84740, 721.50247, 103.60232, -24.43872,  9.69228
-3.51640, -2.84740, 721.50247, 103.07205, -23.97762,  9.92169
-4.21968, -1.42370, 721.50247, 103.60232, -24.43872,  9.92169
-4.21968, -2.13555, 721.50247, 103.60232, -24.43872, 10.15109
-4.21968, -2.13555, 724.56454, 103.60232, -24.43872,  9.69228
-3.51640, -2.13555, 721.50247, 103.60232, -24.43872,  9.92169
-2.81312, -2.13555, 721.50247, 103.07205, -24.89983,  9.69228
-2.81312, -1.42370, 721.50247, 103.60232, -24.89983,  9.92169
-2.81312, -2.13555, 721.50247, 103.07205, -24.89983,  9.92169
-2.81312, -2.13555, 721.50247, 103.07205, -25.36094,  9.92169
-2.81312, -2.13555, 724.56454, 103.07205, -25.36094,  9.92169
-3.51640, -2.13555, 721.50247, 103.60232, -24.89983,  9.69228
-3.51640, -2.13555, 721.50247, 103.07205, -24.89983,  9.92169
-4.21968, -2.13555, 721.50247, 103.07205, -24.89983,  9.92169
-3.51640, -2.13555, 721.50247, 103.60232, -24.43872,  9.92169
-3.51640, -2.13555, 721.50247, 103.07205, -23.97762,  9.92169
-3.51640, -2.13555, 721.50247, 103.07205, -23.97762, 10.15109
-4.21968, -1.42370, 721.50247, 103.60232, -23.51651, 10.15109
-4.92295, -1.42370, 721.50247, 103.07205, -23.05540, 10.15109
-4.92295, -1.42370, 721.50247, 103.60232, -23.05540,  9.92169
-4.21968, -2.13555, 721.50247, 103.60232, -23.51651, 10.15109
-4.92295, -2.13555, 721.50247, 104.13260, -23.05540, 10.15109
-4.92295, -1.42370, 721.50247, 104.13260, -23.51651, 10.38049
-4.92295, -1.42370, 724.56454, 104.13260, -23.51651, 10.38049
-4.92295, -2.13555, 721.50247, 104.13260, -23.51651, 10.15109
-4.21968, -2.13555, 721.50247, 104.13260, -23.97762, 10.15109
-4.21968, -2.13555, 721.50247, 104.13260, -23.97762, 10.15109
-3.51640, -1.42370, 721.50247, 104.13260, -23.97762, 10.15109
-4.21968, -1.42370, 721.50247, 104.13260, -24.43872, 10.15109
-4.21968, -2.13555, 724.56454, 104.13260, -24.43872, 10.15109
-4.21968, -2.13555, 724.56454, 104.66287, -24.89983,  9.92169
-3.51640, -2.13555, 721.50247, 104.13260, -24.89983,  9.92169
-2.81312, -1.42370, 721.50247, 104.13260, -24.89983,  9.92169
-2.81312, -1.42370, 721.50247, 104.13260, -25.36094,  9.92169
-2.81312, -2.13555, 724.56454, 104.13260, -24.89983,  9.92169
-2.81312, -2.13555, 724.56454, 104.13260, -24.89983,  9.69228
-2.81312, -2.13555, 721.50247, 104.13260, -25.36094,  9.92169
-2.81312, -2.84740, 721.50247, 103.60232, -25.36094,  9.92169
-2.81312, -1.42370, 721.50247, 104.13260, -25.36094,  9.92169
-2.81312, -2.13555, 724.56454, 104.13260, -24.89983, 10.15109
-3.51640, -2.13555, 721.50247, 104.13260, -24.89983,  9.92169
-3.51640, -1.42370, 721.50247, 104.13260, -24.43872,  9.92169
-3.51640, -2.13555, 721.50247, 104.13260, -24.43872,  9.92169
-3.51640, -1.42370, 721.50247, 103.60232, -24.89983, 10.15109
-3.51640, -2.13555, 724.56454, 103.60232, -24.43872,  9.92169
-3.51640, -2.13555, 721.50247, 103.07205, -24.43872, 10.15109
-4.21968, -1.42370, 721.50247, 104.13260, -23.97762, 10.15109
-4.92295, -1.42370, 724.56454, 104.13260, -23.51651, 10.15109
-4.92295, -1.42370, 721.50247, 103.60232, -23.51651, 10.15109
-4.92295, -2.13555, 721.50247, 103.60232, -23.51651, 10.15109
-4.21968, -2.13555, 721.50247, 103.60232, -23.97762, 10.15109
-4.21968, -2.84740, 721.50247, 103.60232, -23.51651, 10.15109
-4.21968, -2.13555, 721.50247, 103.60232, -23.51651, 10.15109
-4.92295, -2.13555, 721.50247, 103.60232, -23.05540, 10.15109
-4.92295, -2.13555, 721.50247, 103.60232, -23.05540, 10.15109
-4.92295, -2.84740, 724.56454, 103.07205, -23.05540,  9.92169
-4.21968, -2.84740, 721.50247, 103.07205, -23.05540,  9.92169
-4.21968, -2.84740, 721.50247, 102.54177, -23.51651,  9.69228
-4.21968, -2.84740, 721.50247, 102.54177, -23.51651,  9.69228
-4.21968, -2.84740, 721.50247, 102.54177, -23.51651,  9.69228
-4.21968, -2.13555, 721.50247, 102.54177, -23.51651,  9.69228
-2.81312, -2.84740, 724.56454, 103.07205, -23.97762,  9.69228
-3.51640, -3.55925, 721.50247, 102.54177, -23.51651,  9.69228
-3.51640, -2.84740, 721.50247, 103.07205, -23.97762,  9.69228
-2.81312, -2.13555, 727.62662, 103.07205, -23.97762,  9.69228
-3.51640, -2.84740, 724.56454, 103.07205, -23.97762,  9.92169
-3.51640, -2.84740, 724.56454, 103.07205, -23.97762,  9.92169
-3.51640, -2.84740, 724.56454, 103.07205, -23.51651,  9.92169
-3.51640, -2.84740, 724.56454, 103.07205, -23.51651, 10.15109
-3.51640, -2.84740, 724.56454, 103.60232, -23.51651, 10.15109
-3.51640, -2.84740, 721.50247, 103.60232, -23.51651, 10.15109
-3.51640, -2.84740, 724.56454, 103.60232, -23.51651, 10.38049
-4.21968, -2.84740, 721.50247, 103.60232, -23.05540, 10.38049
-4.92295, -2.13555, 721.50247, 103.60232, -22.59429, 10.38049
-4.92295, -2.84740, 721.50247, 103.60232, -22.59429, 10.38049
-3.51640, -2.84740, 721.50247, 103.60232, -22.59429, 10.38049
-3.51640, -2.84740, 721.50247, 103.60232, -23.05540, 10.60990
-4.21968, -2.84740, 724.56454, 104.13260, -23.05540, 10.38049
-4.21968, -1.42370, 724.56454, 104.13260, -22.59429, 10.38049
-4.92295, -2.13555, 721.50247, 104.66287, -22.59429, 10.38049
-4.92295, -1.42370, 721.50247, 104.66287, -22.59429, 10.38049
-4.92295, -1.42370, 724.56454, 105.19314, -22.59429, 10.15109
-4.21968, -2.13555, 721.50247, 105.19314, -22.59429, 10.15109
-3.51640, -1.42370, 724.56454, 105.72342, -22.59429, 10.15109
-4.92295, -0.71185, 724.56454, 105.19314, -22.59429, 10.15109
-4.92295, -1.42370, 721.50247, 105.72342, -22.59429, 10.15109
-4.92295, -1.42370, 724.56454, 105.72342, -23.05540,  9.92169
-4.21968, -1.42370, 721.50247, 105.72342, -23.05540,  9.92169
-3.51640, -0.71185, 724.56454, 105.72342, -23.05540,  9.92169
-3.51640, -1.42370, 724.56454, 105.72342, -23.05540,  9.92169
-3.51640, -1.42370, 721.50247, 106.25369, -23.05540,  9.92169
-4.21968, -0.71185, 724.56454, 105.72342, -22.59429,  9.92169
-4.21968, -1.42370, 721.50247, 105.72342, -23.05540,  9.92169
-4.21968, -1.42370, 724.56454, 106.25369, -23.05540,  9.69228
-4.21968, -1.42370, 724.56454, 106.25369, -23.05540,  9.69228
-4.21968, -1.42370, 724.56454, 106.25369, -23.05540,  9.69228
-4.21968, -1.42370, 724.56454, 106.25369, -22.59429,  9.69228
-3.51640, -0.71185, 724.56454, 105.72342, -23.05540,  9.69228
-4.21968, -1.42370, 724.56454, 105.72342, -23.05540,  9.69228
-4.21968, -1.42370, 724.56454, 105.72342, -22.59429,  9.69228
-4.21968, -1.42370, 721.50247, 105.72342, -23.05540,  9.69228
-2.81312, -1.42370, 721.50247, 105.72342, -23.05540,  9.69228
-3.51640, -1.42370, 718.44039, 105.72342, -23.05540,  9.69228
-3.51640, -1.42370, 721.50247, 105.72342, -23.05540,  9.69228
-2.81312, -2.13555, 721.50247, 105.72342, -23.05540,  9.69228
-2.81312, -2.13555, 724.56454, 105.72342, -23.05540,  9.69228
-2.81312, -2.13555, 724.56454, 105.72342, -23.05540,  9.69228
-3.51640, -1.42370, 724.56454, 105.72342, -23.05540,  9.92169
-3.51640, -1.42370, 721.50247, 105.72342, -23.05540,  9.92169
-4.21968, -1.42370, 721.50247, 105.72342, -23.05540, 10.15109
-3.51640, -2.13555, 721.50247, 105.72342, -23.05540, 10.15109
-3.51640, -2.13555, 724.56454, 105.19314, -23.05540, 10.15109
-3.51640, -2.84740, 724.56454, 105.19314, -23.51651, 10.15109
-2.81312, -2.13555, 724.56454, 104.66287, -23.51651, 10.15109
-2.81312, -2.13555, 724.56454, 104.66287, -23.51651, 10.15109
-4.21968, -2.13555, 721.50247, 104.66287, -23.05540, 10.15109
-4.21968, -1.42370, 724.56454, 104.13260, -23.05540, 10.38049
-3.51640, -2.13555, 724.56454, 103.60232, -23.51651, 10.38049
-2.81312, -2.13555, 721.50247, 104.13260, -23.51651, 10.15109
-3.51640, -2.84740, 724.56454, 103.60232, -23.05540, 10.38049
-3.51640, -2.13555, 724.56454, 104.13260, -23.05540, 10.15109
-4.21968, -2.84740, 721.50247, 103.60232, -23.51651, 10.38049
-4.21968, -2.13555, 721.50247, 104.13260, -23.05540, 10.38049
-3.51640, -2.84740, 721.50247, 103.60232, -23.05540, 10.38049
-3.51640, -2.13555, 721.50247, 103.60232, -23.51651, 10.15109
-3.51640, -2.13555, 724.56454, 103.60232, -23.05540, 10.15109
-3.51640, -2.84740, 724.56454, 103.60232, -23.05540,  9.92169
-3.51640, -2.84740, 724.56454, 103.60232, -23.05540,  9.92169
-3.51640, -2.13555, 724.56454, 103.60232, -22.59429,  9.92169
-3.51640, -2.13555, 721.50247, 104.13260, -23.05540,  9.92169
-3.51640, -1.42370, 721.50247, 104.13260, -23.05540, 10.15109
-3.51640, -2.13555, 724.56454, 104.13260, -23.05540,  9.92169
-3.51640, -2.13555, 724.56454, 104.66287, -23.05540,  9.69228
-3.51640, -2.13555, 724.56454, 104.66287, -23.05540,  9.92169
-3.51640, -1.42370, 724.56454, 104.13260, -23.05540,  9.92169
-3.51640, -2.13555, 724.56454, 104.66287, -22.59429, 10.15109
-4.21968, -2.13555, 721.50247, 104.66287, -22.59429,  9.92169
-3.51640, -2.13555, 721.50247, 104.66287, -22.59429,  9.92169
-3.51640, -2.13555, 721.50247, 104.66287, -22.59429,  9.92169
-4.21968, -2.13555, 724.56454, 105.19314, -22.59429,  9.92169
-4.21968, -2.13555, 724.56454, 105.19314, -22.59429, 10.15109
-4.21968, -1.42370, 721.50247, 104.66287, -22.13318, 10.15109
-4.92295, -2.13555, 721.50247, 104.66287, -22.13318,  9.92169
-4.21968, -2.13555, 721.50247, 104.66287, -21.67208,  9.92169
-4.21968, -2.13555, 721.50247, 104.66287, -22.13318,  9.92169
-3.51640, -1.42370, 724.56454, 105.19314, -22.13318,  9.92169
-4.21968, -2.13555, 721.50247, 104.66287, -22.59429,  9.92169
-4.21968, -2.13555, 724.56454, 104.66287, -22.13318,  9.92169
-4.21968, -2.13555, 724.56454, 104.66287, -22.13318,  9.92169
-3.51640, -2.13555, 721.50247, 104.66287, -22.13318,  9.92169
-3.51640, -1.42370, 724.56454, 104.13260, -22.13318,  9.92169
-4.21968, -2.13555, 724.56454, 104.66287, -22.59429,  9.92169
-4.21968, -2.13555, 724.56454, 104.66287, -22.59429, 10.15109
-4.21968, -2.13555, 724.56454, 104.13260, -22.59429, 10.15109
-3.51640, -2.13555, 724.56454, 104.13260, -23.05540, 10.15109
-4.21968, -2.13555, 724.56454, 104.13260, -23.05540, 10.15109
-3.51640, -2.84740, 724.56454, 104.13260, -23.05540, 10.15109
-3.51640, -2.13555, 721.50247, 104.13260, -23.05540, 10.15109
-4.21968, -2.13555, 721.50247, 104.13260, -23.05540, 10.15109
-3.51640, -2.13555, 721.50247, 103.60232, -23.05540,  9.92169
-3.51640, -2.84740, 724.56454, 103.60232, -23.51651,  9.92169
-2.81312, -2.84740, 721.50247, 104.13260, -23.51651,  9.92169
-2.81312, -2.84740, 721.50247, 104.13260, -23.97762,  9.92169
-2.81312, -2.84740, 724.56454, 103.07205, -23.51651,  9.92169
-3.51640, -2.84740, 721.50247, 103.60232, -23.97762,  9.92169
-3.51640, -2.84740, 721.50247, 103.60232, -23.51651, 10.15109
-2.81312, -2.84740, 721.50247, 103.60232, -23.97762,  9.92169
-2.81312, -2.84740, 724.56454, 103.60232, -23.97762,  9.92169
-2.81312, -2.84740, 724.56454, 103.60232, -23.97762,  9.92169
-3.51640, -2.13555, 724.56454, 104.13260, -23.51651,  9.92169
-3.51640, -2.84740, 721.50247, 104.13260, -23.51651, 10.15109
-3.51640, -2.13555, 724.56454, 104.13260, -23.51651, 10.15109
-3.51640, -2.13555, 721.50247, 104.13260, -23.51651, 10.15109
-3.51640, -2.13555, 724.56454, 104.66287, -23.51651,  9.92169
-3.51640, -2.13555, 724.56454, 104.66287, -23.05540,  9.92169
-3.51640, -2.13555, 724.56454, 104.66287, -23.05540,  9.92169
-4.21968, -1.42370, 724.56454, 104.66287, -23.05540,  9.92169
-4.21968, -2.13555, 724.56454, 104.66287, -22.59429, 10.15109
-3.51640, -2.13555, 724.56454, 104.66287, -23.05540, 10.15109
-3.51640, -2.13555, 721.50247, 104.66287, -23.05540, 10.15109
-3.51640, -2.13555, 724.56454, 104.66287, -23.05540,  9.92169
-3.51640, -1.42370, 724.56454, 105.19314, -23.51651,  9.92169
-4.21968, -2.13555, 724.56454, 105.19314, -23.51651,  9.92169
-4.21968, -1.42370, 724.56454, 105.19314, -23.51651,  9.92169
-3.51640, -2.13555, 724.56454, 104.66287, -23.97762,  9.92169
-2.81312, -2.13555, 721.50247, 104.66287, -23.97762,  9.69228
-2.10984, -2.13555, 721.50247, 104.13260, -24.43872,  9.69228
-2.10984, -2.84740, 721.50247, 104.13260, -24.43872,  9.69228
-2.81312, -2.84740, 721.50247, 104.66287, -24.43872,  9.69228
-3.51640, -2.84740, 721.50247, 104.66287, -23.97762,  9.92169
-3.51640, -2.84740, 721.50247, 105.19314, -23.97762,  9.69228
-2.81312, -2.84740, 721.50247, 104.66287, -23.97762,  9.92169
-2.81312, -2.84740, 724.56454, 105.19314, -23.97762,  9.69228
-3.51640, -2.84740, 721.50247, 105.19314, -23.97762,  9.69228
-3.51640, -2.13555, 724.56454, 105.72342, -23.51651, 10.15109
-4.21968, -2.13555, 721.50247, 105.72342, -23.05540, 10.15109
-4.21968, -1.42370, 724.56454, 105.72342, -23.05540,  9.92169
-4.21968, -2.13555, 724.56454, 105.72342, -23.05540,  9.92169
-3.51640, -2.13555, 724.56454, 106.25369, -23.05540, 10.15109
-4.92295, -2.13555, 724.56454, 105.72342, -22.59429, 10.15109
-4.92295, -1.42370, 721.50247, 105.72342, -22.13318, 10.15109
-4.21968, -2.13555, 721.50247, 106.25369, -22.59429, 10.38049
-4.92295, -1.42370, 721.50247, 106.25369, -22.59429,  9.92169
-4.21968, -2.13555, 724.56454, 106.25369, -22.59429,  9.92169
-4.21968, -2.13555, 721.50247, 105.72342, -22.59429, 10.15109
-4.21968, -2.84740, 724.56454, 106.25369, -22.13318,  9.92169
-4.92295, -2.13555, 724.56454, 106.25369, -22.13318, 10.15109
-4.21968, -2.13555, 721.50247, 106.25369, -22.13318, 10.15109
-4.21968, -2.13555, 721.50247, 106.25369, -22.59429,  9.92169
-3.51640, -2.13555, 724.56454, 106.25369, -22.59429,  9.92169
-3.51640, -2.13555, 724.56454, 106.25369, -22.59429,  9.69228
-4.21968, -2.13555, 721.50247, 106.78397, -23.05540,  9.92169
-3.51640, -1.42370, 724.56454, 106.78397, -23.05540,  9.92169
-4.21968, -2.13555, 727.62662, 106.78397, -23.05540,  9.92169
-3.51640, -2.13555, 724.56454, 106.25369, -23.51651,  9.69228
-2.81312, -2.13555, 724.56454, 106.78397, -23.51651,  9.69228
-3.51640, -1.42370, 724.56454, 106.25369, -23.97762,  9.46288
-3.51640, -1.42370, 721.50247, 106.78397, -23.97762,  9.69228
-3.51640, -1.42370, 721.50247, 106.25369, -23.97762,  9.92169
-2.81312, -2.13555, 724.56454, 106.25369, -23.51651,  9.92169
-2.81312, -2.84740, 724.56454, 106.25369, -23.97762,  9.92169
-2.81312, -2.13555, 724.56454, 106.78397, -23.51651,  9.92169
-3.51640, -2.13555, 724.56454, 106.78397, -23.51651,  9.92169
-3.51640, -2.13555, 724.56454, 106.78397, -23.05540,  9.92169
-4.21968, -2.13555, 724.56454, 106.78397, -23.51651, 10.38049
-4.21968, -2.13555, 721.50247, 107.31424, -23.05540, 10.38049
-4.21968, -1.42370, 721.50247, 106.78397, -23.05540, 10.38049
-4.21968, -2.13555, 721.50247, 106.78397, -22.59429, 10.15109
-4.21968, -1.42370, 724.56454, 106.78397, -22.59429, 10.15109
-4.21968, -1.42370, 721.50247, 106.78397, -22.59429, 10.15109
-4.92295, -1.42370, 718.44039, 107.31424, -23.05540, 10.15109
-4.92295, -1.42370, 721.50247, 107.31424, -23.05540,  9.92169
-3.51640, -2.13555, 724.56454, 106.78397, -23.05540, 10.38049
-4.21968, -2.13555, 724.56454, 107.31424, -23.51651, 10.15109
-4.21968, -2.13555, 724.56454, 107.84452, -23.05540,  9.92169
-4.21968, -2.13555, 721.50247, 107.31424, -23.05540, 10.15109
-4.21968, -2.13555, 721.50247, 107.31424, -23.51651,  9.92169
-4.21968, -2.13555, 721.50247, 107.31424, -23.51651, 10.15109
-4.21968, -2.13555, 721.50247, 107.31424, -23.05540, 10.15109
-3.51640, -2.84740, 721.50247, 107.31424, -23.51651,  9.92169
-3.51640, -2.13555, 724.56454, 107.84452, -23.51651,  9.92169
-3.51640, -1.42370, 721.50247, 107.84452, -23.51651,  9.92169
-4.21968, -1.42370, 721.50247, 107.84452, -23.51651,  9.92169
-4.21968, -2.13555, 721.50247, 107.84452, -23.51651, 10.15109
-4.21968, -1.42370, 721.50247, 107.84452, -23.97762, 10.15109
-4.21968, -2.13555, 724.56454, 107.84452, -23.97762, 10.15109
-3.51640, -2.13555, 724.56454, 107.84452, -23.97762,  9.69228
-3.51640, -1.42370, 724.56454, 108.37479, -24.43872,  9.92169
-3.51640, -1.42370, 721.50247, 108.37479, -24.43872,  9.69228
-3.51640, -1.42370, 721.50247, 107.84452, -24.43872,  9.92169
-4.21968, -1.42370, 721.50247, 108.37479, -24.43872,  9.92169
-4.21968, -1.42370, 721.50247, 107.31424, -24.43872, 10.15109
-3.51640, -1.42370, 724.56454, 107.84452, -24.43872,  9.92169
-3.51640, -1.42370, 724.56454, 107.84452, -24.89983,  9.69228
-3.51640, -1.42370, 724.56454, 107.84452, -24.89983,  9.69228
-3.51640, -1.42370, 724.56454, 107.84452, -24.89983,  9.69228
-3.51640, -1.42370, 721.50247, 107.31424, -24.89983,  9.92169
-3.51640, -1.42370, 724.56454, 107.84452, -24.89983,  9.92169
-3.51640, -2.13555, 724.56454, 107.84452, -24.43872,  9.92169
-3.51640, -2.13555, 724.56454, 107.84452, -24.43872,  9.92169
-3.51640, -2.13555, 721.50247, 107.84452, -24.43872,  9.92169
-3.51640, -2.13555, 724.56454, 107.31424, -24.43872,  9.92169
-4.21968, -2.13555, 721.50247, 107.31424, -24.89983,  9.92169
-4.21968, -2.13555, 721.50247, 107.84452, -24.89983, 10.15109
-4.21968, -1.42370, 721.50247, 107.31424, -24.89983,  9.92169
-4.21968, -2.13555, 724.56454, 107.31424, -24.43872,  9.92169
-3.51640, -1.42370, 724.56454, 107.31424, -24.89983,  9.92169
-3.51640, -2.13555, 724.56454, 107.31424, -24.89983, 10.15109
-4.21968, -1.42370, 721.50247, 107.31424, -24.89983, 10.15109
-4.21968, -1.42370, 721.50247, 106.78397, -24.89983, 10.15109
-4.21968, -2.13555, 721.50247, 107.31424, -24.89983,  9.92169
-3.51640, -2.13555, 721.50247, 107.31424, -25.36094,  9.92169
-3.51640, -2.13555, 724.56454, 107.31424, -25.36094,  9.92169
-2.81312, -2.84740, 721.50247, 106.78397, -25.36094,  9.69228
-3.51640, -2.13555, 724.56454, 107.31424, -25.82205,  9.92169
-3.51640, -2.13555, 724.56454, 107.31424, -25.82205,  9.92169
-4.92295, -2.13555, 724.56454, 107.31424, -25.36094, 10.15109
-4.21968, -1.42370, 724.56454, 107.31424, -25.36094, 10.15109
-4.21968, -2.13555, 721.50247, 107.31424, -25.82205, 10.15109
-4.21968, -2.13555, 724.56454, 107.31424, -25.82205,  9.92169
-3.51640, -2.84740, 724.56454, 106.78397, -26.28316,  9.92169
-3.51640, -2.13555, 724.56454, 106.78397, -26.28316, 10.15109
-3.51640, -2.13555, 721.50247, 107.31424, -26.28316,  9.92169
-3.51640, -2.13555, 721.50247, 106.78397, -26.28316,  9.92169
-4.21968, -2.13555, 724.56454, 106.78397, -26.28316,  9.92169
-2.81312, -2.84740, 721.50247, 106.78397, -26.28316,  9.92169
-3.51640, -2.13555, 724.56454, 106.78397, -26.74426,  9.92169
-3.51640, -2.13555, 724.56454, 106.78397, -26.28316,  9.69228
-4.21968, -2.13555, 724.56454, 106.25369, -26.74426,  9.92169
-3.51640, -2.84740, 724.56454, 106.78397, -26.74426, 10.15109
-3.51640, -2.84740, 721.50247, 106.78397, -26.74426,  9.92169
-2.81312, -2.84740, 724.56454, 106.78397, -26.74426,  9.92169
-2.81312, -2.13555, 721.50247, 106.78397, -26.74426,  9.69228
-2.81312, -2.13555, 721.50247, 107.31424, -26.74426,  9.92169
-2.81312, -2.84740, 724.56454, 107.31424, -26.74426,  9.92169
-4.21968, -2.13555, 721.50247, 107.31424, -26.74426,  9.92169
-3.51640, -1.42370, 724.56454, 107.31424, -26.74426, 10.15109
-3.51640, -1.42370, 724.56454, 107.84452, -26.74426, 10.15109
-4.21968, -1.42370, 721.50247, 107.84452, -26.74426, 10.15109
-3.51640, -1.42370, 721.50247, 107.84452, -27.20537, 10.15109
-3.51640, -1.42370, 721.50247, 107.84452, -27.20537, 10.15109
-4.21968, -1.42370, 724.56454, 107.84452, -26.74426, 10.15109
-4.21968, -0.71185, 721.50247, 108.37479, -26.74426, 10.15109
-4.21968, -1.42370, 724.56454, 107.31424, -26.74426, 10.15109
-4.21968, -1.42370, 721.50247, 108.37479, -27.20537, 10.15109
-3.51640, -0.71185, 724.56454, 107.84452, -27.20537,  9.92169
-3.51640, -1.42370, 721.50247, 107.84452, -27.20537,  9.92169
-3.51640, -1.42370, 721.50247, 108.37479, -27.66648,  9.92169
-3.51640, -1.42370, 724.56454, 107.84452, -27.66648,  9.69228
-3.51640, -2.13555, 721.50247, 107.84452, -27.20537,  9.92169
-3.51640, -0.71185, 721.50247, 107.84452, -27.66648,  9.69228
-2.81312, -1.42370, 721.50247, 107.84452, -27.66648,  9.69228
-2.10984, -1.42370, 718.44039, 107.84452, -28.12759,  9.69228
-2.10984, -1.42370, 721.50247, 107.84452, -28.12759,  9.46288
-2.10984, -1.42370, 721.50247, 107.31424, -28.12759,  9.69228
-2.10984, -1.42370, 724.56454, 107.31424, -28.12759,  9.69228
-2.81312, -2.13555, 724.56454, 107.84452, -28.58870,  9.92169
-2.81312, -1.42370, 724.56454, 107.31424, -28.12759,  9.92169
-2.81312, -1.42370, 724.56454, 107.84452, -28.12759,  9.69228
-2.81312, -1.42370, 724.56454, 107.84452, -28.58870,  9.69228
-2.10984, -1.42370, 724.56454, 107.31424, -28.58870,  9.69228
-2.81312, -2.13555, 721.50247, 107.31424, -28.12759,  9.92169
-2.81312, -1.42370, 724.56454, 107.31424, -28.12759,  9.92169
-2.81312, -1.42370, 721.50247, 107.31424, -28.12759,  9.92169
-2.81312, -2.13555, 724.56454, 107.31424, -27.66648,  9.92169
-3.51640, -2.13555, 724.56454, 107.31424, -27.66648,  9.92169
-2.81312, -1.42370, 721.50247, 106.78397, -27.66648,  9.92169
-3.51640, -1.42370, 724.56454, 107.31424, -27.20537, 10.38049
-3.51640, -1.42370, 721.50247, 106.78397, -27.20537, 10.38049
-4.21968, -2.13555, 721.50247, 106.78397, -27.20537, 10.38049
-4.21968, -2.13555, 724.56454, 106.78397, -26.74426, 10.38049
-4.21968, -2.13555, 724.56454, 106.78397, -26.74426, 10.38049
-3.51640, -2.13555, 724.56454, 106.78397, -26.74426, 10.38049
-3.51640, -1.42370, 721.50247, 106.78397, -26.74426, 10.15109
-4.21968, -2.13555, 724.56454, 106.78397, -26.74426, 10.15109
-4.21968, -2.13555, 724.56454, 106.78397, -26.28316, 10.15109
-4.21968, -2.13555, 724.56454, 106.78397, -26.28316, 10.15109
-4.21968, -2.13555, 724.56454, 106.78397, -26.28316, 10.15109
-3.51640, -2.13555, 724.56454, 106.25369, -26.28316,  9.92169
-4.21968, -2.84740, 724.56454, 106.78397, -25.82205, 10.15109
-4.21968, -2.13555, 724.56454, 106.25369, -25.82205,  9.92169
-4.21968, -2.13555, 721.50247, 106.25369, -26.28316,  9.92169
-4.21968, -2.13555, 721.50247, 106.25369, -26.28316,  9.92169
-3.51640, -2.13555, 721.50247, 106.78397, -26.28316,  9.92169
-3.51640, -2.13555, 724.56454, 106.25369, -26.74426,  9.92169
-3.51640, -2.13555, 721.50247, 106.25369, -26.74426,  9.92169
-3.51640, -2.84740, 724.56454, 106.25369, -26.74426,  9.92169
-4.21968, -2.13555, 724.56454, 106.78397, -26.74426,  9.69228
-3.51640, -2.13555, 724.56454, 106.25369, -26.28316,  9.92169
-3.51640, -2.13555, 724.56454, 106.25369, -26.74426,  9.69228
-2.81312, -2.13555, 724.56454, 106.25369, -27.20537,  9.69228
-3.51640, -2.13555, 724.56454, 106.25369, -27.20537,  9.69228
-2.81312, -2.13555, 724.56454, 106.25369, -26.74426,  9.69228
-3.51640, -2.13555, 721.50247, 106.25369, -26.74426,  9.69228
-2.81312, -1.42370, 718.44039, 106.25369, -27.20537,  9.92169
-3.51640, -2.13555, 721.50247, 106.78397, -26.74426,  9.69228
-2.81312, -2.13555, 721.50247, 106.78397, -26.74426,  9.69228
-2.81312, -2.13555, 721.50247, 106.25369, -26.74426,  9.69228
-2.81312, -2.13555, 724.56454, 106.78397, -26.74426,  9.69228
-2.81312, -2.13555, 724.56454, 107.31424, -26.28316,  9.92169
-3.51640, -2.13555, 724.56454, 107.31424, -26.28316,  9.92169
-4.21968, -1.42370, 724.56454, 107.31424, -25.82205,  9.92169
-4.21968, -1.42370, 721.50247, 107.84452, -25.82205, 10.15109
-4.21968, -2.13555, 721.50247, 107.31424, -25.82205,  9.92169
-3.51640, -2.13555, 724.56454, 107.31424, -25.82205, 10.15109
-3.51640, -2.13555, 724.56454, 107.84452, -25.82205, 10.15109
-4.92295, -2.13555, 721.50247, 107.84452, -25.36094, 10.15109
-4.92295, -1.42370, 721.50247, 107.31424, -24.89983, 10.15109
-4.92295, -2.13555, 721.50247, 107.31424, -24.89983, 10.15109
-4.21968, -2.13555, 721.50247, 107.31424, -24.89983, 10.15109
-4.21968, -2.13555, 721.50247, 107.31424, -24.89983, 10.15109
-4.21968, -2.13555, 721.50247, 107.31424, -24.89983, 10.15109
-4.21968, -2.13555, 724.56454, 107.31424, -25.36094, 10.15109
-4.92295, -2.13555, 724.56454, 106.78397, -25.36094, 10.38049
-3.51640, -2.13555, 721.50247, 107.31424, -25.36094, 10.15109
-4.21968, -2.13555, 721.50247, 107.31424, -25.36094, 10.15109
-3.51640, -2.84740, 721.50247, 107.31424, -25.36094, 10.15109
-3.51640, -2.13555, 721.50247, 107.31424, -25.82205, 10.15109
-4.21968, -2.13555, 724.56454, 107.31424, -25.36094, 10.38049
-3.51640, -2.13555, 721.50247, 107.31424, -25.82205,  9.92169
-3.51640, -1.42370, 724.56454, 107.31424, -25.36094,  9.92169
-4.21968, -2.13555, 721.50247, 107.31424, -25.36094,  9.92169
-3.51640, -2.13555, 721.50247, 107.84452, -25.82205,  9.92169
-3.51640, -2.13555, 721.50247, 107.84452, -25.36094,  9.92169
-4.21968, -1.42370, 724.56454, 107.84452, -25.36094,  9.92169
-4.21968, -1.42370, 721.50247, 108.37479, -25.36094,  9.92169
-4.21968, -1.42370, 721.50247, 108.37479, -25.36094,  9.69228
-4.21968, -0.71185, 721.50247, 108.37479, -25.82205,  9.92169
-3.51640, -1.42370, 721.50247, 108.37479, -25.82205,  9.92169
-3.51640, -1.42370, 724.56454, 108.90506, -26.28316,  9.92169
-3.51640, -1.42370, 724.56454, 109.43534, -25.82205,  9.92169
-3.51640, -1.42370, 724.56454, 108.90506, -25.82205,  9.92169
-3.51640, -0.71185, 724.56454, 109.43534, -26.28316,  9.92169
-3.51640, -0.71185, 724.56454, 108.90506, -25.82205,  9.92169
-3.51640, -1.42370, 721.50247, 108.90506, -25.82205,  9.69228
-3.51640, -1.42370, 724.56454, 108.90506, -25.82205,  9.69228
-3.51640, -1.42370, 721.50247, 108.37479, -25.82205,  9.69228
-3.51640, -0.71185, 718.44039, 108.37479, -25.82205,  9.69228
-3.51640, -1.42370, 721.50247, 108.37479, -25.36094,  9.69228
-3.51640, -1.42370, 721.50247, 108.90506, -25.82205,  9.46288
-2.81312, -1.42370, 724.56454, 108.37479, -25.82205,  9.69228
-3.51640, -1.42370, 721.50247, 108.90506, -25.36094,  9.69228
-3.51640, -1.42370, 724.56454, 108.90506, -25.36094,  9.69228
-4.21968, -1.42370, 721.50247, 108.90506, -24.89983,  9.92169
-4.92295, -1.42370, 724.56454, 108.90506, -24.89983,  9.92169
-4.92295, -1.42370, 721.50247, 108.90506, -24.43872,  9.92169
-4.21968, -1.42370, 721.50247, 109.43534, -24.43872,  9.92169
-4.21968, -1.42370, 721.50247, 108.90506, -24.43872,  9.92169
-4.21968, -1.42370, 721.50247, 108.90506, -23.97762,  9.92169
-4.92295, -1.42370, 724.56454, 108.90506, -23.97762, 10.15109
-5.62623, -1.42370, 721.50247, 108.90506, -23.51651, 10.38049
-4.92295, -1.42370, 721.50247, 108.37479, -23.05540, 10.38049
-4.92295, -2.13555, 718.44039, 108.37479, -23.05540, 10.38049
-5.62623, -2.13555, 721.50247, 108.37479, -22.59429, 10.38049
-5.62623, -2.13555, 721.50247, 108.37479, -23.05540, 10.15109
-6.32951, -2.84740, 721.50247, 107.31424, -22.59429, 10.15109
-6.32951, -2.13555, 721.50247, 107.84452, -22.59429, 10.38049
-5.62623, -2.13555, 721.50247, 107.84452, -22.59429, 10.15109
-5.62623, -2.13555, 721.50247, 107.31424, -23.05540, 10.15109
-5.62623, -2.13555, 721.50247, 107.31424, -23.05540, 10.15109
-5.62623, -2.13555, 721.50247, 106.78397, -23.05540,  9.92169
-4.92295, -2.13555, 718.44039, 107.31424, -23.51651, 10.15109
-5.62623, -2.13555, 721.50247, 106.78397, -23.51651, 10.15109
-4.92295, -2.13555, 724.56454, 106.78397, -23.51651, 10.15109
-5.62623, -2.84740, 721.50247, 106.25369, -23.51651, 10.15109
-4.21968, -2.84740, 718.44039, 106.78397, -23.97762,  9.92169
-4.21968, -2.84740, 721.50247, 106.78397, -23.97762,  9.92169
-4.21968, -2.84740, 718.44039, 106.25369, -24.43872,  9.92169
-4.21968, -2.84740, 721.50247, 106.78397, -24.43872,  9.92169
-4.21968, -2.84740, 721.50247, 106.78397, -24.43872,  9.92169
-4.21968, -2.13555, 721.50247, 106.78397, -24.43872,  9.92169
-3.51640, -2.13555, 721.50247, 106.78397, -24.89983,  9.69228
-3.51640, -2.84740, 721.50247, 106.78397, -25.36094,  9.69228
-4.21968, -2.84740, 724.56454, 107.31424, -24.89983,  9.92169
-4.21968, -2.13555, 721.50247, 107.31424, -24.89983,  9.92169
-4.21968, -2.13555, 724.56454, 107.84452, -24.89983,  9.69228
-4.21968, -1.42370, 721.50247, 107.84452, -24.89983,  9.69228
-4.21968, -1.42370, 721.50247, 107.84452, -24.89983,  9.69228
-4.21968, -2.13555, 721.50247, 108.37479, -24.89983,  9.92169
-4.21968, -1.42370, 721.50247, 107.84452, -24.89983,  9.92169
-4.21968, -1.42370, 718.44039, 108.37479, -24.89983,  9.92169
-3.51640, -1.42370, 721.50247, 107.84452, -25.36094,  9.92169
-2.81312, -2.13555, 721.50247, 108.37479, -24.89983,  9.92169
-3.51640, -2.13555, 721.50247, 108.90506, -24.89983,  9.92169
-4.21968, -1.42370, 721.50247, 109.43534, -24.43872,  9.92169
-4.21968, -1.42370, 721.50247, 108.90506, -24.89983,  9.92169
-4.92295, -0.71185, 721.50247, 108.90506, -23.97762,  9.92169
-4.92295, -0.71185, 721.50247, 108.90506, -24.43872,  9.92169
-5.62623, -1.42370, 721.50247, 108.90506, -24.43872,  9.92169
-4.92295, -1.42370, 721.50247, 108.90506, -23.97762,  9.92169
-4.92295, -0.71185, 721.50247, 108.90506, -23.97762, 10.15109
-4.21968, -1.42370, 724.56454, 108.37479, -24.43872, 10.15109
-4.92295, -0.71185, 721.50247, 108.37479, -23.97762, 10.15109
-4.92295, -1.42370, 721.50247, 108.37479, -23.97762, 10.15109
-4.92295, -0.71185, 721.50247, 108.37479, -23.97762, 10.15109
-4.21968, -1.42370, 721.50247, 107.84452, -23.97762,  9.92169
-4.21968, -2.13555, 721.50247, 107.84452, -23.97762,  9.92169
-4.21968, -1.42370, 721.50247, 107.84452, -23.97762,  9.92169
-4.92295, -2.13555, 721.50247, 107.31424, -23.51651, 10.15109
-4.92295, -2.13555, 724.56454, 107.84452, -23.51651, 10.15109
-4.92295, -1.42370, 721.50247, 107.31424, -23.51651,  9.92169
-4.92295, -2.13555, 721.50247, 106.78397, -23.97762, 10.15109
-4.21968, -2.13555, 721.50247, 107.31424, -23.97762,  9.92169
-4.92295, -2.13555, 721.50247, 106.78397, -23.97762,  9.92169
-4.92295, -2.13555, 721.50247, 107.31424, -23.97762,  9.92169
-4.92295, -2.13555, 721.50247, 106.78397, -23.97762,  9.92169
-4.21968, -2.13555, 721.50247, 106.78397, -23.51651, 10.15109
-4.92295, -2.13555, 721.50247, 106.78397, -23.51651, 10.15109
-4.21968, -2.84740, 721.50247, 106.78397, -23.51651, 10.15109
-4.92295, -2.84740, 721.50247, 106.78397, -23.05540,  9.92169
-4.21968, -2.13555, 718.44039, 106.25369, -23.51651,  9.92169
-4.21968, -2.84740, 718.44039, 106.25369, -23.51651, 10.15109
-4.21968, -2.13555, 721.50247, 106.25369, -23.97762, 10.15109
-4.92295, -2.13555, 721.50247, 106.78397, -23.51651, 10.15109
-4.92295, -2.13555, 721.50247, 106.78397, -23.97762, 10.15109
-4.21968, -2.84740, 721.50247, 106.25369, -23.51651, 10.15109
-4.21968, -2.13555, 721.50247, 106.25369, -23.97762,  9.92169
-4.21968, -2.13555, 721.50247, 106.25369, -23.97762,  9.69228
-4.21968, -2.13555, 721.50247, 106.25369, -23.97762,  9.92169
-4.21968, -2.13555, 721.50247, 106.25369, -23.97762,  9.92169
-4.21968, -2.13555, 724.56454, 106.25369, -23.97762,  9.92169
-3.51640, -2.13555, 721.50247, 106.25369, -24.43872,  9.92169
-3.51640, -2.13555, 718.44039, 105.72342, -23.97762,  9.69228
-3.51640, -2.13555, 721.50247, 106.25369, -24.43872,  9.92169
-3.51640, -2.13555, 721.50247, 106.25369, -24.43872,  9.69228
-3.51640, -2.13555, 721.50247, 106.25369, -24.43872,  9.69228
-3.51640, -2.13555, 721.50247, 106.25369, -24.43872,  9.69228
-3.51640, -2.13555, 721.50247, 106.25369, -24.43872,  9.92169
-3.51640, -2.84740, 724.56454, 106.78397, -24.43872,  9.69228
-2.81312, -2.13555, 721.50247, 106.25369, -24.43872,  9.92169
-3.51640, -2.13555, 721.50247, 106.25369, -24.43872,  9.92169
-4.21968, -2.13555, 721.50247, 106.78397, -23.97762,  9.92169
-4.21968, -1.42370, 721.50247, 106.78397, -23.97762,  9.92169
-4.21968, -2.13555, 721.50247, 106.78397, -23.97762, 10.15109
-4.21968, -2.13555, 724.56454, 107.31424, -23.97762, 10.15109
-3.51640, -2.84740, 724.56454, 107.31424, -23.97762,  9.92169
-4.21968, -2.13555, 721.50247, 107.31424, -23.51651, 10.15109
-4.21968, -2.13555, 721.50247, 107.31424, -23.51651, 10.38049
-4.21968, -1.42370, 721.50247, 107.31424, -23.05540, 10.15109
-4.21968, -1.42370, 721.50247, 107.31424, -23.05540, 10.15109
-4.21968, -2.13555, 721.50247, 107.84452, -23.05540, 10.15109
-4.21968, -1.42370, 721.50247, 107.31424, -23.05540, 10.15109
-4.21968, -1.42370, 721.50247, 107.84452, -22.59429, 10.15109
-4.92295, -1.42370, 721.50247, 107.84452, -23.05540, 10.15109
-4.92295, -2.13555, 724.56454, 107.84452, -22.59429, 10.15109
-4.92295, -2.13555, 724.56454, 107.84452, -22.59429, 10.15109
-4.92295, -1.42370, 721.50247, 107.84452, -22.59429,  9.92169
-4.21968, -1.42370, 721.50247, 107.84452, -22.59429,  9.92169
-4.21968, -1.42370, 721.50247, 107.84452, -22.59429,  9.92169
-4.21968, -1.42370, 724.56454, 108.37479, -22.59429,  9.92169
-4.21968, -1.42370, 721.50247, 108.37479, -22.59429,  9.92169
-4.21968, -1.42370, 721.50247, 107.84452, -22.59429,  9.92169
-3.51640, -1.42370, 724.56454, 107.84452, -22.59429,  9.69228
-3.51640, -1.42370, 724.56454, 107.84452, -22.59429,  9.69228
-4.21968, -2.13555, 724.56454, 108.37479, -22.59429,  9.69228
-4.21968, -1.42370, 724.56454, 107.84452, -22.59429,  9.69228
-3.51640, -1.42370, 721.50247, 107.84452, -22.59429,  9.92169
-3.51640, -0.71185, 721.50247, 107.84452, -22.59429,  9.92169
-3.51640, -1.42370, 721.50247, 108.37479, -22.59429,  9.69228
-4.21968, -1.42370, 724.56454, 107.84452, -22.59429,  9.92169
-3.51640, -1.42370, 724.56454, 108.37479, -22.59429,  9.92169
-4.21968, -1.42370, 724.56454, 108.37479, -22.59429,  9.92169
-4.21968, -1.42370, 721.50247, 108.37479, -22.13318,  9.92169
-4.21968, -1.42370, 721.50247, 108.37479, -22.59429,  9.92169
-3.51640, -1.42370, 721.50247, 108.37479, -22.59429,  9.92169
-3.51640, -1.42370, 721.50247, 107.84452, -22.59429,  9.92169
-4.21968, -1.42370, 721.50247, 107.84452, -22.59429,  9.92169
-4.21968, -1.42370, 724.56454, 107.84452, -22.59429,  9.92169
-4.21968, -0.71185, 721.50247, 107.84452, -22.59429,  9.92169
-3.51640, -1.42370, 721.50247, 107.31424, -23.05540, 10.15109
-3.51640, -2.13555, 721.50247, 107.31424, -23.05540,  9.92169
-3.51640, -2.84740, 721.50247, 107.84452, -23.05540,  9.92169
-3.51640, -2.13555, 721.50247, 107.84452, -23.05540, 10.15109
-4.21968, -2.13555, 724.56454, 107.31424, -22.59429,  9.92169
-4.21968, -2.13555, 724.56454, 107.84452, -22.59429, 10.15109
-4.21968, -2.13555, 724.56454, 107.84452, -22.59429, 10.38049
-4.21968, -2.13555, 721.50247, 107.84452, -22.13318, 10.15109
-3.51640, -2.13555, 721.50247, 107.84452, -22.13318, 10.38049
-4.21968, -2.13555, 721.50247, 108.37479, -22.13318, 10.15109
-4.92295, -1.42370, 724.56454, 108.37479, -22.59429, 10.38049
-4.92295, -1.42370, 721.50247, 108.37479, -22.13318, 10.38049
-4.92295, -1.42370, 724.56454, 108.37479, -22.13318, 10.38049
-5.62623, -1.42370, 724.56454, 108.37479, -22.13318, 10.15109
-4.92295, -1.42370, 721.50247, 107.84452, -21.67208, 10.15109
-4.92295, -2.13555, 721.50247, 108.37479, -22.13318, 10.15109
-4.92295, -2.13555, 724.56454, 108.37479, -22.59429,  9.92169
-4.21968, -2.13555, 724.56454, 107.84452, -22.59429, 10.15109
-4.21968, -2.84740, 721.50247, 107.84452, -22.59429,  9.92169
-4.21968, -2.13555, 721.50247, 107.84452, -22.59429,  9.92169
-4.21968, -2.13555, 721.50247, 108.37479, -22.59429,  9.92169
-4.21968, -2.13555, 721.50247, 108.37479, -23.05540,  9.92169
-4.21968, -2.13555, 721.50247, 108.37479, -23.05540,  9.92169
-4.21968, -2.13555, 724.56454, 108.37479, -23.05540,  9.92169
-4.21968, -2.13555, 724.56454, 108.90506, -23.51651,  9.92169
-3.51640, -2.13555, 724.56454, 108.37479, -23.51651,  9.69228
-3.51640, -1.42370, 721.50247, 108.90506, -23.51651,  9.69228
-4.21968, -0.71185, 724.56454, 108.90506, -23.05540,  9.69228
-3.51640, -1.42370, 721.50247, 108.90506, -23.51651,  9.92169
-4.21968, -1.42370, 721.50247, 108.90506, -23.97762,  9.92169
-3.51640, -0.71185, 721.50247, 108.90506, -23.97762,  9.92169
-3.51640, -0.71185, 721.50247, 108.90506, -23.97762,  9.69228
-3.51640, -0.71185, 724.56454, 108.90506, -23.97762,  9.92169
-3.51640, -1.42370, 721.50247, 108.90506, -24.43872, 10.15109
-3.51640, -1.42370, 724.56454, 109.43534, -23.97762,  9.92169
-4.21968, -0.71185, 724.56454, 109.43534, -24.43872,  9.92169
-4.21968, -1.42370, 721.50247, 109.43534, -24.43872, 10.15109
-3.51640, -1.42370, 721.50247, 108.90506, -24.43872, 10.15109
-3.51640, -1.42370, 724.56454, 108.90506, -24.43872,  9.92169
-4.21968, -0.71185, 721.50247, 108.90506, -24.43872, 10.15109
-4.21968, -0.71185, 724.56454, 108.37479, -24.43872, 10.15109
-4.21968, -1.42370, 721.50247, 108.37479, -24.89983, 10.15109
-3.51640, -2.13555, 724.56454, 108.90506, -24.43872, 10.15109
-4.21968, -1.42370, 721.50247, 108.90506, -24.89983,  9.92169
-3.51640, -1.42370, 721.50247, 108.90506, -25.36094,  9.92169
-4.21968, -1.42370, 724.56454, 108.37479, -24.89983, 10.15109
-4.21968, -2.13555, 721.50247, 108.90506, -24.89983, 10.15109
-4.21968, -1.42370, 721.50247, 108.90506, -24.89983, 10.15109
-4.21968, -1.42370, 724.56454, 108.37479, -25.36094, 10.15109
-4.21968, -2.13555, 721.50247, 108.37479, -25.36094,  9.92169
-4.21968, -2.84740, 721.50247, 108.37479, -25.36094,  9.69228
-4.21968, -2.13555, 721.50247, 107.84452, -25.82205, 10.15109
-4.21968, -2.13555, 721.50247, 108.37479, -25.82205,  9.92169
-4.21968, -2.13555, 724.56454, 108.37479, -26.28316, 10.15109
-3.51640, -2.13555, 721.50247, 108.37479, -25.82205,  9.92169
-3.51640, -2.13555, 721.50247, 108.37479, -26.28316,  9.92169
-3.51640, -2.13555, 721.50247, 108.37479, -26.28316,  9.69228
-4.21968, -2.13555, 721.50247, 108.37479, -26.28316,  9.92169
-4.21968, -2.13555, 721.50247, 108.37479, -26.28316,  9.92169
-3.51640, -1.42370, 721.50247, 108.37479, -26.28316,  9.92169
-4.21968, -2.13555, 721.50247, 108.37479, -26.28316,  9.92169
-4.21968, -1.42370, 721.50247, 108.37479, -26.74426,  9.92169
-4.21968, -1.42370, 724.56454, 108.90506, -26.74426,  9.92169
-3.51640, -1.42370, 721.50247, 108.37479, -26.74426,  9.92169
-3.51640, -2.13555, 718.44039, 108.37479, -26.74426,  9.92169
-3.51640, -1.42370, 721.50247, 108.37479, -26.74426,  9.92169
-4.21968, -1.42370, 724.56454, 108.90506, -26.74426,  9.92169
-4.21968, -1.42370, 724.56454, 108.90506, -26.74426,  9.92169
-4.21968, -2.13555, 721.50247, 108.90506, -26.74426,  9.92169
-4.21968, -1.42370, 721.50247, 108.37479, -26.74426,  9.92169
-4.21968, -1.42370, 721.50247, 108.37479, -26.74426,  9.92169
-3.51640, -2.13555, 721.50247, 108.37479, -26.74426, 10.15109
-4.21968, -2.13555, 724.56454, 108.37479, -27.20537,  9.92169
-4.21968, -2.13555, 721.50247, 108.37479, -26.74426,  9.92169
-4.21968, -1.42370, 721.50247, 108.90506, -26.74426,  9.92169
-4.21968, -1.42370, 721.50247, 108.90506, -27.20537,  9.92169
-4.21968, -1.42370, 721.50247, 108.90506, -27.20537, 10.15109
-4.92295, -0.71185, 721.50247, 108.37479, -26.74426, 10.15109
-4.21968, -1.42370, 721.50247, 108.90506, -26.74426, 10.15109
-4.21968, -1.42370, 721.50247, 108.37479, -27.20537, 10.15109
-4.92295, -2.13555, 721.50247, 108.37479, -27.20537, 10.15109
-4.21968, -2.13555, 724.56454, 108.37479, -27.66648,  9.92169
-4.21968, -1.42370, 721.50247, 108.37479, -27.66648,  9.92169
-3.51640, -0.71185, 718.44039, 107.84452, -27.66648, 10.15109
-4.21968, -1.42370, 721.50247, 107.84452, -27.66648,  9.92169
-4.21968, -2.13555, 721.50247, 107.31424, -27.66648,  9.92169
-3.51640, -2.13555, 724.56454, 107.31424, -27.66648,  9.69228
-3.51640, -2.84740, 724.56454, 107.31424, -27.66648,  9.92169
-2.81312, -2.84740, 721.50247, 107.31424, -28.12759,  9.92169
-3.51640, -2.84740, 724.56454, 107.31424, -27.66648,  9.92169
-3.51640, -2.84740, 721.50247, 107.31424, -27.66648,  9.92169
-4.21968, -2.13555, 721.50247, 106.78397, -27.66648,  9.92169
-4.21968, -2.84740, 721.50247, 107.31424, -27.66648,  9.92169
-4.21968, -2.84740, 721.50247, 106.78397, -27.20537,  9.92169
-4.21968, -3.55925, 721.50247, 107.31424, -27.20537,  9.92169
-4.21968, -2.84740, 721.50247, 107.31424, -27.66648,  9.92169
-4.21968, -2.84740, 721.50247, 107.31424, -27.20537,  9.92169
-4.92295, -2.84740, 721.50247, 106.78397, -27.20537, 10.15109
-5.62623, -2.84740, 721.50247, 106.78397, -26.74426, 10.15109
-5.62623, -2.13555, 721.50247, 107.31424, -26.74426, 10.15109
-4.92295, -2.84740, 718.44039, 107.31424, -26.74426,  9.92169
-4.92295, -2.84740, 724.56454, 107.84452, -26.74426, 10.15109
-4.92295, -2.84740, 724.56454, 107.84452, -26.74426, 10.15109
-5.62623, -2.13555, 724.56454, 107.84452, -26.74426, 10.15109
-5.62623, -2.13555, 721.50247, 107.84452, -26.28316, 10.15109
-5.62623, -2.13555, 721.50247, 107.84452, -26.28316, 10.38049
-4.92295, -2.13555, 721.50247, 107.84452, -26.74426, 10.15109
-4.21968, -2.13555, 721.50247, 107.84452, -26.74426, 10.15109
-4.21968, -1.42370, 721.50247, 108.37479, -27.20537,  9.92169
-4.92295, -1.42370, 721.50247, 108.37479, -27.20537,  9.92169
-4.92295, -2.13555, 721.50247, 108.37479, -27.20537,  9.92169
-4.21968, -1.42370, 721.50247, 108.90506, -27.20537,  9.92169
-4.21968, -1.42370, 721.50247, 108.90506, -27.66648,  9.92169
-4.21968, -0.71185, 724.56454, 108.90506, -28.12759,  9.92169
-3.51640, -0.71185, 721.50247, 108.90506, -28.12759,  9.92169
-3.51640, -0.71185, 721.50247, 108.90506, -28.12759,  9.69228
-3.51640, -0.71185, 724.56454, 109.43534, -28.58870,  9.92169
-3.51640, -0.71185, 724.56454, 109.43534, -28.12759,  9.69228
-3.51640, -1.42370, 724.56454, 109.43534, -28.12759,  9.92169
-3.51640, -0.71185, 721.50247, 109.43534, -28.12759,  9.69228
-3.51640, -1.42370, 721.50247, 109.43534, -28.12759,  9.69228
-4.21968, -1.42370, 721.50247, 109.43534, -28.12759,  9.69228
-3.51640, -2.13555, 724.56454, 109.96561, -28.58870,  9.92169
-2.10984, -2.13555, 724.56454, 109.96561, -28.58870,  9.69228
-2.81312, -2.13555, 721.50247, 109.43534, -28.58870,  9.69228
-3.51640, -0.71185, 721.50247, 109.43534, -28.58870,  9.69228
-3.51640, -1.42370, 718.44039, 109.43534, -28.12759,  9.69228
-3.51640, -1.42370, 721.50247, 108.90506, -28.12759,  9.69228
-3.51640, -2.13555, 721.50247, 109.43534, -28.12759,  9.92169
-2.81312, -2.84740, 724.56454, 109.43534, -28.12759,  9.92169
-2.81312, -2.13555, 724.56454, 109.43534, -28.12759,  9.92169
-3.51640, -2.13555, 724.56454, 109.96561, -27.66648,  9.92169
-4.21968, -1.42370, 724.56454, 109.96561, -27.20537, 10.15109
-4.92295, -1.42370, 721.50247, 110.49589, -27.20537, 10.15109
-4.92295, -0.71185, 721.50247, 110.49589, -27.20537, 10.38049
-4.21968, -1.42370, 721.50247, 109.96561, -27.66648, 10.38049
-4.21968, -1.42370, 721.50247, 110.49589, -27.20537, 10.15109
-4.21968, -1.42370, 721.50247, 111.02616, -27.20537,  9.92169
-4.92295,  0.00000, 724.56454, 110.49589, -27.66648,  9.92169
-4.92295, -0.71185, 721.50247, 110.49589, -27.20537, 10.15109
-4.92295, -0.71185, 721.50247, 110.49589, -27.20537, 10.38049
-4.21968, -1.42370, 721.50247, 110.49589, -27.20537, 10.15109
-4.21968, -1.42370, 721.50247, 110.49589, -27.20537,  9.92169
-4.21968, -0.71185, 721.50247, 109.96561, -27.20537,  9.92169
-3.51640, -1.42370, 724.56454, 110.49589, -27.66648,  9.92169
-4.21968, -1.42370, 724.56454, 110.49589, -27.20537,  9.92169
-4.21968, -1.42370, 721.50247, 109.96561, -27.20537,  9.92169
-4.21968, -0.71185, 721.50247, 110.49589, -27.20537, 10.15109
-4.21968, -0.71185, 721.50247, 110.49589, -27.66648, 10.15109
-3.51640, -1.42370, 724.56454, 110.49589, -27.66648,  9.92169
-3.51640, -0.71185, 724.56454, 110.49589, -27.66648,  9.92169
-3.51640, -1.42370, 724.56454, 109.96561, -27.66648,  9.92169
-3.51640, -0.71185, 721.50247, 109.96561, -27.20537,  9.92169
-4.92295, -1.42370, 721.50247, 109.96561, -26.74426, 10.15109
-4.21968, -1.42370, 721.50247, 109.96561, -27.20537, 10.15109
-3.51640, -1.42370, 721.50247, 109.96561, -26.74426, 10.15109
-3.51640, -1.42370, 724.56454, 109.96561, -27.20537,  9.92169
-3.51640, -1.42370, 721.50247, 109.43534, -27.20537,  9.92169
-4.21968, -1.42370, 721.50247, 109.43534, -27.66648, 10.15109
-4.21968, -1.42370, 721.50247, 109.43534, -27.20537, 10.15109
-4.21968, -1.42370, 724.56454, 109.43534, -26.74426, 10.15109
-4.92295, -1.42370, 721.50247, 109.43534, -27.20537, 10.15109
-4.21968, -2.13555, 724.56454, 109.43534, -27.66648, 10.15109
-4.21968, -2.13555, 724.56454, 108.90506, -27.20537,  9.92169
-3.51640, -2.13555, 721.50247, 108.90506, -27.66648, 10.15109
-4.21968, -2.13555, 721.50247, 108.90506, -27.66648,  9.92169
-4.21968, -1.42370, 721.50247, 108.90506, -27.20537, 10.15109
-4.21968, -1.42370, 721.50247, 108.37479, -27.66648, 10.15109
-3.51640, -1.42370, 721.50247, 108.90506, -27.66648,  9.92169
-2.81312, -1.42370, 721.50247, 108.90506, -28.12759,  9.69228
-2.81312, -2.13555, 724.56454, 108.90506, -28.12759,  9.69228
-3.51640, -2.13555, 721.50247, 108.90506, -28.12759,  9.69228
-3.51640, -2.13555, 724.56454, 108.90506, -28.12759,  9.69228
-3.51640, -2.13555, 724.56454, 108.90506, -28.12759,  9.92169
-3.51640, -2.84740, 721.50247, 108.37479, -27.66648,  9.69228
-3.51640, -2.13555, 721.50247, 108.37479, -28.12759,  9.69228
-2.81312, -2.13555, 721.50247, 108.37479, -28.58870,  9.69228
-2.81312, -2.13555, 724.56454, 108.37479, -28.12759,  9.69228
-3.51640, -2.84740, 721.50247, 108.37479, -28.12759,  9.69228
-3.51640, -2.13555, 721.50247, 108.37479, -27.66648,  9.69228
-3.51640, -2.13555, 721.50247, 108.90506, -27.66648,  9.92169
-4.21968, -2.13555, 721.50247, 108.37479, -27.20537,  9.92169
-3.51640, -2.13555, 721.50247, 108.37479, -27.66648,  9.92169
-3.51640, -2.13555, 724.56454, 108.90506, -27.20537,  9.92169
-3.51640, -2.13555, 721.50247, 108.90506, -27.66648,  9.92169
-4.21968, -2.13555, 721.50247, 109.43534, -27.20537, 10.15109
-4.92295, -1.42370, 721.50247, 108.90506, -27.20537, 10.38049
-4.92295, -1.42370, 721.50247, 109.43534, -26.74426, 10.38049
-4.21968, -2.13555, 721.50247, 108.90506, -27.20537, 10.38049
-4.21968, -2.13555, 721.50247, 108.90506, -26.74426, 10.38049
-4.21968, -2.13555, 718.44039, 108.90506, -26.74426, 10.15109
-4.21968, -1.42370, 721.50247, 108.90506, -27.20537, 10.38049
-4.21968, -0.71185, 721.50247, 109.43534, -26.74426, 10.38049
-4.92295, -1.42370, 724.56454, 109.43534, -26.74426, 10.15109
-4.92295, -1.42370, 724.56454, 109.43534, -26.74426, 10.15109
-4.21968, -1.42370, 721.50247, 109.43534, -27.20537,  9.92169
-4.21968, -1.42370, 724.56454, 109.43534, -27.20537, 10.15109
-4.21968, -1.42370, 724.56454, 109.43534, -27.20537,  9.92169
-4.21968, -1.42370, 721.50247, 109.43534, -27.20537, 10.15109
-4.21968, -0.71185, 724.56454, 108.90506, -27.20537, 10.15109
-4.21968, -0.71185, 724.56454, 109.43534, -27.20537, 10.15109
-4.21968, -1.42370, 724.56454, 109.96561, -27.66648,  9.92169
-4.21968, -1.42370, 721.50247, 109.43534, -27.66648,  9.92169
-3.51640, -1.42370, 721.50247, 109.43534, -27.66648,  9.92169
-3.51640, -1.42370, 724.56454, 109.43534, -28.12759,  9.92169
-4.21968, -1.42370, 721.50247, 108.90506, -27.66648,  9.92169
-4.21968, -2.13555, 724.56454, 108.90506, -27.66648,  9.92169
-4.21968, -2.13555, 721.50247, 108.90506, -27.66648,  9.69228
-3.51640, -1.42370, 718.44039, 108.90506, -27.66648,  9.92169
-3.51640, -2.13555, 721.50247, 108.90506, -27.66648,  9.69228
-2.81312, -2.13555, 718.44039, 108.37479, -28.12759,  9.69228
-2.81312, -2.13555, 724.56454, 108.37479, -28.12759,  9.69228
-3.51640, -2.13555, 724.56454, 108.90506, -28.12759,  9.92169
-3.51640, -2.13555, 724.56454, 108.90506, -28.12759,  9.69228
-3.51640, -2.13555, 721.50247, 108.90506, -28.12759,  9.69228
-3.51640, -2.13555, 724.56454, 108.90506, -28.12759,  9.69228
-3.51640, -1.42370, 721.50247, 108.90506, -28.12759,  9.92169
-3.51640, -2.13555, 721.50247, 108.37479, -28.12759,  9.92169
-3.51640, -2.13555, 721.50247, 108.90506, -28.12759,  9.92169
-4.21968, -2.13555, 724.56454, 108.37479, -28.12759, 10.15109
-3.51640, -1.42370, 724.56454, 108.90506, -27.66648,  9.92169
-4.21968, -1.42370, 724.56454, 108.90506, -27.66648,  9.92169
-3.51640, -1.42370, 721.50247, 108.90506, -27.20537, 10.15109
-4.21968, -1.42370, 721.50247, 108.90506, -27.20537, 10.15109
-4.92295, -1.42370, 721.50247, 108.90506, -27.20537, 10.38049
-4.21968, -0.71185, 721.50247, 108.90506, -27.20537, 10.15109
-4.21968, -1.42370, 724.56454, 108.90506, -26.74426, 10.15109
-4.21968, -2.13555, 721.50247, 108.90506, -26.74426, 10.38049
-4.21968, -2.13555, 721.50247, 108.90506, -26.74426, 10.15109
-4.21968, -1.42370, 721.50247, 108.90506, -27.20537, 10.38049
-4.21968, -1.42370, 724.56454, 108.37479, -27.20537, 10.38049
-4.92295, -0.71185, 721.50247, 108.37479, -27.20537, 10.15109
-4.21968, -1.42370, 724.56454, 108.90506, -27.20537, 10.15109
-4.21968, -1.42370, 724.56454, 108.90506, -27.66648, 10.15109
-4.21968, -1.42370, 721.50247, 108.90506, -27.66648, 10.15109
-4.21968, -1.42370, 724.56454, 108.37479, -27.66648,  9.92169
-4.92295, -1.42370, 721.50247, 108.90506, -27.66648, 10.15109
-4.21968, -1.42370, 721.50247, 108.90506, -27.66648, 10.15109
-4.92295, -1.42370, 721.50247, 108.37479, -27.66648, 10.15109
-3.51640, -1.42370, 721.50247, 108.37479, -28.12759, 10.15109
-3.51640, -1.42370, 721.50247, 108.37479, -28.12759,  9.92169
-3.51640, -2.13555, 721.50247, 107.84452, -28.12759,  9.92169
-4.21968, -2.13555, 724.56454, 108.37479, -28.12759,  9.92169
-4.21968, -1.42370, 721.50247, 108.90506, -27.66648,  9.92169
-4.21968, -2.13555, 724.56454, 108.37479, -28.12759,  9.92169
-3.51640, -2.13555, 721.50247, 108.37479, -27.66648,  9.92169
-3.51640, -2.13555, 721.50247, 108.37479, -28.58870,  9.69228
-2.81312, -2.84740, 724.56454, 108.37479, -28.58870,  9.69228
-4.21968, -1.42370, 721.50247, 108.37479, -28.12759,  9.92169
-4.21968, -1.42370, 718.44039, 108.37479, -28.12759,  9.92169
-3.51640, -2.13555, 721.50247, 108.37479, -28.12759,  9.69228
-2.81312, -2.84740, 721.50247, 107.84452, -28.58870,  9.69228
-2.81312, -2.13555, 721.50247, 108.90506, -28.58870,  9.69228
-2.81312, -1.42370, 724.56454, 108.90506, -28.58870,  9.46288
-3.51640, -2.13555, 721.50247, 108.90506, -28.58870,  9.69228
-3.51640, -1.42370, 724.56454, 108.90506, -28.12759,  9.92169
-3.51640, -2.13555, 724.56454, 108.90506, -28.12759,  9.92169
-3.51640, -2.13555, 721.50247, 108.90506, -28.58870,  9.92169
-3.51640, -1.42370, 721.50247, 108.90506, -28.12759,  9.92169
-3.51640, -0.71185, 721.50247, 109.96561, -28.12759,  9.92169
-3.51640, -1.42370, 721.50247, 109.43534, -28.12759,  9.92169
-4.21968, -1.42370, 721.50247, 109.96561, -28.12759, 10.15109
-4.92295, -1.42370, 724.56454, 109.43534, -27.66648, 10.15109
-4.92295, -1.42370, 721.50247, 109.43534, -27.66648, 10.15109
-4.21968, -1.42370, 721.50247, 109.43534, -27.20537, 10.15109
-4.21968, -1.42370, 721.50247, 109.43534, -27.20537, 10.15109
-4.21968, -1.42370, 721.50247, 109.96561, -27.20537,  9.92169
-4.92295, -1.42370, 724.56454, 109.96561, -27.20537, 10.15109
-4.92295, -1.42370, 721.50247, 109.96561, -26.74426, 10.15109
-5.62623, -1.42370, 721.50247, 109.43534, -26.74426, 10.15109
-4.92295, -2.13555, 718.44039, 109.43534, -26.28316, 10.38049
-4.21968, -1.42370, 724.56454, 109.43534, -26.74426, 10.15109
-4.92295, -2.13555, 721.50247, 109.43534, -26.28316,  9.92169
-4.92295, -2.13555, 721.50247, 109.43534, -26.28316, 10.15109
-4.92295, -1.42370, 721.50247, 109.43534, -26.28316, 10.15109
-4.92295, -2.13555, 721.50247, 108.90506, -26.28316, 10.15109
-4.92295, -2.13555, 721.50247, 109.43534, -26.28316, 10.15109
-4.92295, -2.13555, 721.50247, 108.90506, -26.28316,  9.92169
-4.92295, -2.13555, 724.56454, 109.43534, -26.28316,  9.92169
-4.92295, -2.13555, 721.50247, 108.90506, -26.28316,  9.92169
-4.92295, -1.42370, 721.50247, 108.90506, -25.82205,  9.92169
-5.62623, -2.13555, 724.56454, 109.43534, -26.28316,  9.92169
-4.92295, -2.13555, 721.50247, 109.43534, -26.74426,  9.92169
-4.21968, -2.13555, 724.56454, 109.43534, -26.74426,  9.92169
-4.21968, -1.42370, 721.50247, 109.96561, -26.74426,  9.92169
-4.21968, -1.42370, 721.50247, 109.43534, -27.20537,  9.92169
-4.21968, -1.42370, 724.56454, 109.96561, -27.20537,  9.92169
-4.92295, -2.13555, 721.50247, 109.96561, -27.20537,  9.92169
-4.21968, -2.13555, 721.50247, 109.43534, -27.20537,  9.92169
-4.21968, -2.13555, 721.50247, 109.96561, -27.66648,  9.92169
-3.51640, -1.42370, 721.50247, 109.43534, -27.66648,  9.69228
-3.51640, -1.42370, 721.50247, 109.43534, -27.66648,  9.92169
-3.51640, -0.71185, 721.50247, 109.96561, -28.12759,  9.69228
-4.21968, -1.42370, 721.50247, 110.49589, -27.66648,  9.92169
-3.51640, -2.13555, 721.50247, 110.49589, -27.66648,  9.92169
-3.51640, -1.42370, 721.50247, 110.49589, -28.12759,  9.92169
-3.51640, -0.71185, 724.56454, 111.02616, -27.66648,  9.92169
-3.51640, -0.71185, 724.56454, 111.02616, -27.66648,  9.69228
-3.51640, -0.71185, 721.50247, 111.02616, -27.66648,  9.92169
-3.51640, -0.71185, 721.50247, 111.02616, -27.66648,  9.92169
-3.51640, -1.42370, 721.50247, 111.02616, -27.66648,  9.92169
-3.51640, -1.42370, 721.50247, 111.02616, -27.66648,  9.92169
-3.51640, -0.71185, 721.50247, 111.02616, -27.66648,  9.92169
-4.21968, -0.71185, 724.56454, 111.02616, -27.66648,  9.92169
-4.21968, -0.71185, 721.50247, 111.02616, -27.20537,  9.92169
-4.21968, -0.71185, 721.50247, 111.55643, -27.20537, 10.15109
-4.92295, -0.71185, 721.50247, 111.02616, -26.74426, 10.38049
-4.92295, -0.71185, 721.50247, 111.55643, -27.20537, 10.15109
-4.92295, -0.71185, 724.56454, 112.08671, -26.74426, 10.15109
-4.21968, -0.71185, 721.50247, 111.55643, -26.74426, 10.15109
-4.92295, -0.71185, 721.50247, 111.55643, -26.74426, 10.15109
-4.92295, -0.71185, 721.50247, 111.55643, -26.74426, 10.15109
-4.92295, -0.71185, 721.50247, 111.55643, -26.74426, 10.38049
-4.21968, -1.42370, 724.56454, 111.55643, -26.74426, 10.15109
-4.92295, -1.42370, 721.50247, 111.02616, -26.74426,  9.92169
-4.21968, -1.42370, 721.50247, 111.55643, -26.74426,  9.92169
-4.21968, -1.42370, 721.50247, 111.02616, -26.74426,  9.92169
-4.21968, -1.42370, 724.56454, 111.02616, -26.74426,  9.92169
-4.92295, -1.42370, 721.50247, 110.49589, -26.74426,  9.92169
-4.21968, -1.42370, 724.56454, 110.49589, -27.20537,  9.92169
