
-4.21968, -1.69064, 949.24462, 18.55960, 23.51651, 11.24075
-4.92295, -1.69064, 949.24462, 19.08987, 23.51651, 11.24075
-5.62623, -0.97879, 949.24462, 19.08987, 23.51651, 11.24075
-4.92295, -0.97879, 949.24462, 19.08987, 23.05540, 11.47016
-4.21968, -0.97879, 952.30670, 19.62015, 23.05540, 11.47016
-3.51640, -0.97879, 949.24462, 19.62015, 22.13318, 11.24075
-2.81312, -0.97879, 952.30670, 19.08987, 21.67208, 11.24075
-2.81312, -0.97879, 949.24462, 19.08987, 21.67208, 11.24075
-2.81312, -0.97879, 952.30670, 19.08987, 21.67208, 11.01135
-2.81312, -0.97879, 946.18254, 19.62015, 21.67208, 11.01135
-2.81312, -1.69064, 949.24462, 19.62015, 21.67208, 11.24075
-2.10984, -1.69064, 949.24462, 19.08987, 21.21097, 11.24075
-2.10984, -1.69064, 949.24462, 19.62015, 20.74986, 11.24075
-3.51640, -0.97879, 949.24462, 19.08987, 21.21097, 11.24075
-3.51640, -1.69064, 949.24462, 19.62015, 21.67208, 11.01135
-4.21968, -0.97879, 952.30670, 19.62015, 21.67208, 11.24075
-4.21968, -0.97879, 949.24462, 20.15042, 21.67208, 11.24075
-3.51640, -0.97879, 949.24462, 20.68069, 21.21097, 11.24075
-2.81312, -0.97879, 949.24462, 20.68069, 21.21097, 11.24075
-2.81312, -1.69064, 952.30670, 20.15042, 21.21097, 11.24075
-3.51640, -0.97879, 949.24462, 19.62015, 21.21097, 11.24075
-3.51640, -0.97879, 949.24462, 20.15042, 21.21097, 11.47016
-4.21968, -0.97879, 952.30670, 20.15042, 21.21097, 11.24075
-3.51640, -0.97879, 949.24462, 19.62015, 21.67208, 11.24075
-3.51640, -0.97879, 949.24462, 19.62015, 21.21097, 11.01135
-3.51640, -0.97879, 946.18254, 19.62015, 21.67208, 10.78195
-3.51640, -0.97879, 943.12046, 20.15042, 21.67208, 10.78195
-3.51640, -1.69064, 946.18254, 20.15042, 21.21097, 10.55254
-2.81312, -1.69064, 949.24462, 20.15042, 21.67208, 10.78195
-2.81312, -0.26694, 949.24462, 19.62015, 21.21097, 11.01135
-3.51640, -0.26694, 949.24462, 19.08987, 21.67208, 11.01135
-2.81312, -0.26694, 952.30670, 19.08987, 22.13318, 11.01135
-3.51640, -0.97879, 949.24462, 19.08987, 22.13318, 11.01135
-3.51640, -0.97879, 949.24462, 19.08987, 22.13318, 10.78195
-3.51640, -0.97879, 949.24462, 19.08987, 22.13318, 11.24075
-3.51640, -0.97879, 952.30670, 18.55960, 22.59429, 11.24075
-3.51640, -0.97879, 949.24462, 18.55960, 23.05540, 11.01135
-4.21968, -0.97879, 949.24462, 19.08987, 23.05540, 11.01135
-3.51640, -0.97879, 952.30670, 18.55960, 23.05540, 10.78195
-3.51640, -1.69064, 949.24462, 19.08987, 23.05540, 10.78195
-3.51640, -0.97879, 946.18254, 19.08987, 23.05540, 11.01135
-3.51640, -1.69064, 949.24462, 18.55960, 23.05540, 11.01135
-3.51640, -1.69064, 949.24462, 18.55960, 23.05540, 11.01135
-3.51640, -2.40249, 949.24462, 18.55960, 23.05540, 11.01135
-2.81312, -3.11434, 955.36878, 18.02932, 23.05540, 11.01135
-2.81312, -3.11434, 946.18254, 18.55960, 23.51651, 11.01135
-3.51640, -3.11434, 946.18254, 18.02932, 23.97762, 11.24075
-4.21968, -2.40249, 946.18254, 18.55960, 23.97762, 11.47016
-4.21968, -2.40249, 946.18254, 18.02932, 23.97762, 11.69956
-4.21968, -2.40249, 949.24462, 17.49905, 23.97762, 11.69956
-3.51640, -2.40249, 949.24462, 16.96877, 23.97762, 11.69956
-4.21968, -2.40249, 949.24462, 17.49905, 23.97762, 11.47016
-3.51640, -2.40249, 952.30670, 17.49905, 24.43872, 11.47016
-3.51640, -2.40249, 949.24462, 17.49905, 24.43872, 11.69956
-3.51640, -2.40249, 949.24462, 18.02932, 24.43872, 11.24075
-3.51640, -1.69064, 952.30670, 18.02932, 24.89983, 11.24075
-4.21968, -1.69064, 949.24462, 18.55960, 24.89983, 11.01135
-4.21968, -0.97879, 949.24462, 18.55960, 24.89983, 10.78195
-3.51640, -0.97879, 949.24462, 19.08987, 24.89983, 11.01135
-4.21968, -0.97879, 946.18254, 19.08987, 25.36094, 11.01135
-4.21968, -0.97879, 949.24462, 19.62015, 25.36094, 11.01135
-4.21968, -0.97879, 946.18254, 19.62015, 25.82205, 11.01135
-4.21968, -0.97879, 946.18254, 19.08987, 25.36094, 10.78195
-3.51640, -0.97879, 949.24462, 19.62015, 25.82205, 11.01135
-4.21968, -0.26694, 949.24462, 19.62015, 26.28316, 10.78195
-3.51640, -0.97879, 952.30670, 20.15042, 26.28316, 11.01135
-3.51640, -0.97879, 952.30670, 19.62015, 26.28316, 11.01135
-4.21968, -0.97879, 952.30670, 19.62015, 26.74426, 11.01135
-4.21968, -0.97879, 952.30670, 19.62015, 27.20537, 11.01135
-4.21968, -0.97879, 949.24462, 19.08987, 27.20537, 11.01135
-4.21968, -1.69064, 946.18254, 19.62015, 27.66648, 11.01135
-4.21968, -0.97879, 949.24462, 20.15042, 27.66648, 11.01135
-4.92295, -0.97879, 952.30670, 20.15042, 28.12759, 11.01135
-4.92295, -0.97879, 952.30670, 20.15042, 28.12759, 11.01135
-4.21968, -1.69064, 949.24462, 20.15042, 28.12759, 11.01135
-4.21968, -1.69064, 949.24462, 20.15042, 28.12759, 11.01135
-4.92295, -1.69064, 946.18254, 20.15042, 28.58870, 11.24075
-4.21968, -1.69064, 949.24462, 20.15042, 28.12759, 11.24075
-4.92295, -0.97879, 949.24462, 20.15042, 28.12759, 11.24075
-4.92295, -0.97879, 949.24462, 20.68069, 28.12759, 11.24075
-4.92295, -1.69064, 949.24462, 20.68069, 28.58870, 11.24075
-4.92295, -1.69064, 949.24462, 20.68069, 28.58870, 11.24075
-4.92295, -1.69064, 949.24462, 20.68069, 28.12759, 11.24075
-4.92295, -0.97879, 949.24462, 20.68069, 28.58870, 11.24075
-4.92295, -0.97879, 949.24462, 20.68069, 28.58870, 11.24075
-4.92295, -0.97879, 949.24462, 20.68069, 28.58870, 11.24075
-4.92295, -0.97879, 949.24462, 20.68069, 28.58870, 11.24075
-4.92295, -1.69064, 952.30670, 20.68069, 29.04980, 11.24075
-4.92295, -0.97879, 949.24462, 20.68069, 29.04980, 11.24075
-4.92295, -0.97879, 946.18254, 21.21097, 29.04980, 11.24075
-4.21968, -0.26694, 949.24462, 21.21097, 28.58870, 11.24075
-4.21968, -0.26694, 949.24462, 21.21097, 28.58870, 11.24075
-4.92295, -0.26694, 952.30670, 21.74124, 28.58870, 11.24075
-4.92295, -0.26694, 949.24462, 21.74124, 28.58870, 11.01135
-4.92295, -0.26694, 949.24462, 22.27152, 28.58870, 11.01135
-4.92295, -0.26694, 946.18254, 22.27152, 28.58870, 10.78195
-4.21968, -0.26694, 946.18254, 21.74124, 28.58870, 11.01135
-3.51640, -0.26694, 949.24462, 22.27152, 28.12759, 11.01135
-3.51640, -0.26694, 949.24462, 22.27152, 27.66648, 10.78195
-3.51640, -0.26694, 952.30670, 22.27152, 27.66648, 11.01135
-3.51640,  0.44491, 949.24462, 21.74124, 28.12759, 10.78195
-3.51640, -0.26694, 949.24462, 21.74124, 28.12759, 10.78195
-3.51640, -0.26694, 949.24462, 21.74124, 28.12759, 10.78195
-3.51640, -0.26694, 949.24462, 21.74124, 28.12759, 10.55254
-3.51640, -0.26694, 952.30670, 21.74124, 28.12759, 10.78195
-3.51640,  0.44491, 952.30670, 21.21097, 28.58870, 11.01135
-4.92295,  0.44491, 949.24462, 21.74124, 29.04980, 10.78195
-4.21968,  0.44491, 949.24462, 21.74124, 29.04980, 11.01135
-4.21968,  0.44491, 949.24462, 22.27152, 29.04980, 10.78195
-4.21968,  0.44491, 949.24462, 22.27152, 29.04980, 10.78195
-4.21968, -0.26694, 949.24462, 21.74124, 29.04980, 11.01135
-4.21968, -0.26694, 949.24462, 21.74124, 29.04980, 10.78195
-5.62623, -0.26694, 949.24462, 21.21097, 29.51091, 10.78195
-4.92295, -0.97879, 949.24462, 20.68069, 29.97202, 10.78195
-4.92295, -1.69064, 946.18254, 20.15042, 29.51091, 11.01135
-4.21968, -1.69064, 946.18254, 19.62015, 29.51091, 11.01135
-4.21968, -1.69064, 946.18254, 18.55960, 29.51091, 11.01135
-4.92295, -2.40249, 949.24462, 18.02932, 29.51091, 11.24075
-4.92295, -2.40249, 949.24462, 17.49905, 29.97202, 11.01135
-5.62623, -3.11434, 946.18254, 17.49905, 29.97202, 11.24075
-4.21968, -3.11434, 946.18254, 17.49905, 29.04980, 11.24075
-4.21968, -2.40249, 949.24462, 17.49905, 29.04980, 11.47016
-4.92295, -2.40249, 949.24462, 16.96877, 28.58870, 11.24075
-4.92295, -2.40249, 949.24462, 16.96877, 28.58870, 11.24075
-4.92295, -2.40249, 952.30670, 16.96877, 28.58870, 11.24075
-4.21968, -2.40249, 952.30670, 16.96877, 28.58870, 11.47016
-4.21968, -2.40249, 949.24462, 16.96877, 28.12759, 11.47016
-4.21968, -2.40249, 952.30670, 16.96877, 28.12759, 11.24075
-3.51640, -2.40249, 949.24462, 16.96877, 28.12759, 11.24075
-3.51640, -2.40249, 949.24462, 16.96877, 27.66648, 11.01135
-3.51640, -3.11434, 946.18254, 16.96877, 27.20537, 11.01135
-2.81312, -3.11434, 949.24462, 16.96877, 27.20537, 11.01135
-2.81312, -3.11434, 946.18254, 16.96877, 27.20537, 11.01135
-2.81312, -2.40249, 946.18254, 16.96877, 26.74426, 11.01135
-2.10984, -2.40249, 946.18254, 17.49905, 26.74426, 11.01135
-2.10984, -3.11434, 949.24462, 16.96877, 26.28316, 11.01135
-1.40656, -3.11434, 949.24462, 16.96877, 26.28316, 11.01135
-1.40656, -2.40249, 949.24462, 17.49905, 26.28316, 11.01135
-1.40656, -1.69064, 949.24462, 18.02932, 26.28316, 11.24075
-2.81312, -1.69064, 949.24462, 18.55960, 26.74426, 11.24075
-2.81312, -0.97879, 949.24462, 18.55960, 26.74426, 11.01135
-3.51640, -0.97879, 949.24462, 19.08987, 26.74426, 11.01135
-3.51640, -0.97879, 949.24462, 19.08987, 26.74426, 11.01135
-3.51640, -0.97879, 949.24462, 20.15042, 26.74426, 10.78195
-2.81312, -0.26694, 949.24462, 20.15042, 26.74426, 10.78195
-3.51640, -0.26694, 952.30670, 20.15042, 27.20537, 11.01135
-3.51640,  0.44491, 952.30670, 20.15042, 27.20537, 10.78195
-3.51640, -0.26694, 949.24462, 20.68069, 27.66648, 10.55254
-3.51640, -0.26694, 949.24462, 20.68069, 27.66648, 10.55254
-3.51640, -0.97879, 949.24462, 20.68069, 27.66648, 10.78195
-3.51640, -0.97879, 949.24462, 20.68069, 27.66648, 11.01135
-2.81312, -0.97879, 949.24462, 20.68069, 27.66648, 11.01135
-2.81312, -0.97879, 952.30670, 19.62015, 28.12759, 11.01135
-3.51640, -1.69064, 949.24462, 20.68069, 29.04980, 10.78195
-3.51640, -0.97879, 949.24462, 20.68069, 29.04980, 10.78195
-3.51640, -1.69064, 946.18254, 20.68069, 29.04980, 11.01135
-3.51640, -0.97879, 946.18254, 20.68069, 29.51091, 11.24075
-3.51640, -1.69064, 949.24462, 20.68069, 29.51091, 11.24075
-3.51640, -0.97879, 949.24462, 21.21097, 29.97202, 11.24075
-4.21968, -0.97879, 949.24462, 20.15042, 29.97202, 11.01135
-4.21968, -0.97879, 949.24462, 20.15042, 30.43313, 11.01135
-4.21968, -0.97879, 949.24462, 20.68069, 30.43313, 11.01135
-3.51640, -0.97879, 949.24462, 20.68069, 30.43313, 11.01135
-4.21968, -0.97879, 949.24462, 20.68069, 30.89424, 11.01135
-4.92295, -0.97879, 949.24462, 20.68069, 30.89424, 11.01135
-5.62623, -0.97879, 946.18254, 20.68069, 31.35534, 10.78195
-4.92295, -1.69064, 946.18254, 20.68069, 31.35534, 10.78195
-4.21968, -0.97879, 946.18254, 21.21097, 31.35534, 10.78195
-4.21968, -0.97879, 949.24462, 20.68069, 30.89424, 11.01135
-3.51640, -0.97879, 949.24462, 20.68069, 30.89424, 11.01135
-3.51640, -0.97879, 952.30670, 20.15042, 30.43313, 11.01135
-3.51640, -0.97879, 952.30670, 20.15042, 30.43313, 11.01135
-3.51640, -0.97879, 949.24462, 20.68069, 30.89424, 10.78195
-3.51640, -1.69064, 949.24462, 20.68069, 30.89424, 10.78195
-4.21968, -0.97879, 949.24462, 20.68069, 30.89424, 10.78195
-3.51640, -0.97879, 949.24462, 20.15042, 31.35534, 10.78195
-2.81312, -0.97879, 949.24462, 20.68069, 30.89424, 10.78195
-3.51640, -0.97879, 949.24462, 20.68069, 30.89424, 10.78195
-3.51640, -0.97879, 952.30670, 20.68069, 30.89424, 10.55254
-3.51640, -0.97879, 952.30670, 20.15042, 31.35534, 10.78195
-2.81312, -0.97879, 949.24462, 20.15042, 31.81645, 10.78195
-3.51640, -1.69064, 949.24462, 20.15042, 31.35534, 11.01135
-2.81312, -0.97879, 949.24462, 20.15042, 31.81645, 11.24075
-2.81312, -1.69064, 949.24462, 19.62015, 32.27756, 11.24075
-4.21968, -1.69064, 952.30670, 19.62015, 32.73867, 11.01135
-4.21968, -1.69064, 949.24462, 20.15042, 33.66088, 11.01135
-4.92295, -1.69064, 946.18254, 20.15042, 34.12199, 11.01135
-4.92295, -1.69064, 946.18254, 20.15042, 34.58310, 11.01135
-4.92295, -1.69064, 949.24462, 20.15042, 35.04421, 11.01135
-4.92295, -1.69064, 949.24462, 20.15042, 35.04421, 11.01135
-5.62623, -1.69064, 949.24462, 20.15042, 35.50532, 10.78195
-6.32951, -1.69064, 949.24462, 20.68069, 35.96642, 10.78195
-6.32951, -0.97879, 946.18254, 21.21097, 35.96642, 11.01135
-5.62623, -1.69064, 949.24462, 20.68069, 35.96642, 10.78195
-4.92295, -1.69064, 949.24462, 20.15042, 35.50532, 11.24075
-5.62623, -1.69064, 952.30670, 20.15042, 35.96642, 11.01135
-5.62623, -1.69064, 949.24462, 20.15042, 36.42753, 10.78195
-6.32951, -0.97879, 949.24462, 20.68069, 36.42753, 10.78195
-6.32951, -1.69064, 949.24462, 20.68069, 36.88864, 10.55254
-6.32951, -0.97879, 949.24462, 20.15042, 36.42753, 10.55254
-5.62623, -0.97879, 946.18254, 20.68069, 36.42753, 10.55254
-4.92295, -0.97879, 946.18254, 20.68069, 35.96642, 10.55254
-5.62623, -0.97879, 949.24462, 20.15042, 35.96642, 10.55254
-4.92295, -0.97879, 952.30670, 20.68069, 36.42753, 10.55254
-4.92295, -0.97879, 949.24462, 20.68069, 36.42753, 10.55254
-4.92295, -0.97879, 952.30670, 20.68069, 35.96642, 10.55254
-4.21968, -0.97879, 949.24462, 20.68069, 35.96642, 10.32314
-4.21968, -0.97879, 949.24462, 21.21097, 35.96642, 10.32314
-4.21968, -0.97879, 949.24462, 21.21097, 35.96642, 10.55254
-4.21968, -0.26694, 949.24462, 20.68069, 35.50532, 10.55254
-4.21968, -0.26694, 949.24462, 20.68069, 35.50532, 10.55254
-4.21968, -0.97879, 949.24462, 21.21097, 35.50532, 10.55254
-4.21968, -0.97879, 949.24462, 21.21097, 35.50532, 10.78195
-4.21968, -1.69064, 949.24462, 20.68069, 35.04421, 10.55254
-4.21968, -0.97879, 949.24462, 20.68069, 35.04421, 10.78195
-4.21968, -0.97879, 946.18254, 20.68069, 35.04421, 10.78195
-3.51640, -1.69064, 946.18254, 20.68069, 34.58310, 10.78195
-4.21968, -1.69064, 949.24462, 20.68069, 35.04421, 11.01135
-4.21968, -1.69064, 949.24462, 20.68069, 35.04421, 11.01135
-4.21968, -2.40249, 949.24462, 20.15042, 35.04421, 11.01135
-4.21968, -2.40249, 949.24462, 20.15042, 35.04421, 11.01135
-3.51640, -1.69064, 949.24462, 20.68069, 35.04421, 11.01135
-3.51640, -1.69064, 952.30670, 20.68069, 34.58310, 11.01135
-3.51640, -1.69064, 952.30670, 20.15042, 34.58310, 11.01135
-4.21968, -0.97879, 952.30670, 20.15042, 35.04421, 11.01135
-4.21968, -0.97879, 949.24462, 20.68069, 35.04421, 10.55254
-4.21968, -1.69064, 946.18254, 20.68069, 35.04421, 10.55254
-3.51640, -1.69064, 949.24462, 21.21097, 34.58310, 10.55254
-4.21968, -1.69064, 949.24462, 20.68069, 34.58310, 10.32314
-3.51640, -0.97879, 949.24462, 21.21097, 34.58310, 10.32314
-2.81312, -0.26694, 946.18254, 21.21097, 34.12199, 10.09374
-3.51640, -0.97879, 946.18254, 21.21097, 34.12199, 10.32314
-3.51640, -1.69064, 946.18254, 21.21097, 34.12199, 10.32314
-2.81312, -0.97879, 946.18254, 21.21097, 33.66088, 10.55254
-2.81312, -0.26694, 946.18254, 21.21097, 33.66088, 10.32314
-2.81312, -0.97879, 946.18254, 20.68069, 33.66088, 10.55254
-2.10984, -0.97879, 949.24462, 20.68069, 33.66088, 10.55254
-3.51640, -0.97879, 949.24462, 20.15042, 33.66088, 10.78195
-3.51640, -0.26694, 952.30670, 20.68069, 33.66088, 10.78195
-3.51640, -0.26694, 952.30670, 20.68069, 34.12199, 10.78195
-4.21968, -0.97879, 949.24462, 20.15042, 34.58310, 10.78195
-4.92295, -0.97879, 949.24462, 20.15042, 34.12199, 10.78195
-4.21968, -0.97879, 952.30670, 20.15042, 34.58310, 10.78195
-4.21968, -1.69064, 952.30670, 20.15042, 34.58310, 10.78195
-4.21968, -2.40249, 949.24462, 20.68069, 34.58310, 10.55254
-3.51640, -2.40249, 949.24462, 20.15042, 34.58310, 10.78195
-2.81312, -2.40249, 952.30670, 20.15042, 34.12199, 10.78195
-2.81312, -2.40249, 949.24462, 20.15042, 34.58310, 10.78195
-3.51640, -2.40249, 949.24462, 20.15042, 34.58310, 10.55254
-3.51640, -2.40249, 946.18254, 19.62015, 34.58310, 10.78195
-4.21968, -2.40249, 946.18254, 19.62015, 34.58310, 10.78195
-4.21968, -2.40249, 949.24462, 19.62015, 35.04421, 11.01135
-3.51640, -2.40249, 946.18254, 19.62015, 35.04421, 11.01135
-3.51640, -2.40249, 949.24462, 19.08987, 35.04421, 11.01135
-2.81312, -3.11434, 949.24462, 19.08987, 35.04421, 11.01135
-2.81312, -2.40249, 949.24462, 19.62015, 35.04421, 10.78195
-4.21968, -1.69064, 949.24462, 20.15042, 35.50532, 10.78195
-4.92295, -1.69064, 949.24462, 20.15042, 35.50532, 10.78195
-4.21968, -0.97879, 946.18254, 20.15042, 35.96642, 10.78195
-4.92295, -0.97879, 949.24462, 20.15042, 35.50532, 10.55254
-4.21968, -0.97879, 949.24462, 20.68069, 35.96642, 10.32314
-4.21968, -1.69064, 949.24462, 21.21097, 35.50532, 10.32314
-4.21968, -0.97879, 949.24462, 21.21097, 35.50532, 10.32314
-4.21968, -0.97879, 946.18254, 21.74124, 35.96642, 10.32314
-4.21968, -0.26694, 946.18254, 21.21097, 36.42753, 10.32314
-3.51640, -0.97879, 952.30670, 21.74124, 35.96642, 10.32314
-3.51640, -0.97879, 949.24462, 21.74124, 35.50532, 10.32314
-3.51640, -0.97879, 949.24462, 22.27152, 35.96642, 10.32314
-2.81312, -0.26694, 949.24462, 22.27152, 35.50532, 10.32314
-4.21968, -0.26694, 949.24462, 22.27152, 35.96642, 10.55254
-3.51640, -0.26694, 949.24462, 22.27152, 35.96642, 10.55254
-3.51640, -0.26694, 949.24462, 22.27152, 36.42753, 10.32314
-4.21968, -0.26694, 952.30670, 22.80179, 35.96642, 10.32314
-4.21968, -0.97879, 949.24462, 22.27152, 36.42753, 10.32314
-4.21968, -0.26694, 949.24462, 21.74124, 36.42753, 10.55254
-4.92295, -0.97879, 949.24462, 21.74124, 36.42753, 10.78195
-4.21968, -0.97879, 949.24462, 21.74124, 36.42753, 10.55254
-4.21968, -1.69064, 949.24462, 21.74124, 36.42753, 10.78195
-4.21968, -1.69064, 949.24462, 21.21097, 36.42753, 10.78195
-4.21968, -1.69064, 949.24462, 21.21097, 36.42753, 11.01135
-4.92295, -1.69064, 949.24462, 20.68069, 37.34975, 11.01135
-4.92295, -1.69064, 946.18254, 21.21097, 37.34975, 11.01135
-4.92295, -1.69064, 949.24462, 20.68069, 37.34975, 11.01135
-4.92295, -1.69064, 946.18254, 20.68069, 37.34975, 10.78195
-4.92295, -2.40249, 949.24462, 20.68069, 37.34975, 11.01135
-4.92295, -2.40249, 952.30670, 21.21097, 37.34975, 10.78195
-4.21968, -1.69064, 949.24462, 21.21097, 36.88864, 10.78195
-4.21968, -0.97879, 952.30670, 20.68069, 36.42753, 10.55254
-4.21968, -1.69064, 949.24462, 21.21097, 36.42753, 10.55254
-4.21968, -1.69064, 952.30670, 21.21097, 36.42753, 10.55254
-4.21968, -0.97879, 949.24462, 21.21097, 36.42753, 10.55254
-4.92295, -0.97879, 946.18254, 21.21097, 36.42753, 10.32314
-4.21968, -0.97879, 946.18254, 21.21097, 35.96642, 10.32314
-3.51640, -1.69064, 946.18254, 21.21097, 35.50532, 10.32314
-2.81312, -1.69064, 946.18254, 21.21097, 35.50532, 10.32314
-2.81312, -1.69064, 949.24462, 21.21097, 35.04421, 10.55254
-2.81312, -0.97879, 949.24462, 21.21097, 35.04421, 10.32314
-2.81312, -0.97879, 952.30670, 21.21097, 34.58310, 10.55254
-2.81312, -0.97879, 952.30670, 21.21097, 35.04421, 10.32314
-2.81312, -0.97879, 952.30670, 21.74124, 34.58310, 10.32314
-2.81312, -0.97879, 949.24462, 21.74124, 34.58310, 10.32314
-2.10984, -0.97879, 952.30670, 22.27152, 34.58310, 10.32314
-3.51640, -0.97879, 949.24462, 22.27152, 35.04421, 10.32314
-3.51640, -0.26694, 949.24462, 22.80179, 35.04421, 10.32314
-4.21968, -0.97879, 949.24462, 22.27152, 35.50532, 10.32314
-4.21968, -0.26694, 949.24462, 22.80179, 35.50532, 10.32314
-3.51640, -0.97879, 946.18254, 22.27152, 35.50532, 10.32314
-3.51640, -0.97879, 949.24462, 22.27152, 35.50532, 10.55254
-3.51640, -0.97879, 949.24462, 21.74124, 35.50532, 10.55254
-4.21968, -0.26694, 949.24462, 21.74124, 35.50532, 10.32314
-4.21968, -0.97879, 949.24462, 22.27152, 35.50532, 10.78195
-4.21968, -0.97879, 949.24462, 22.27152, 35.04421, 10.55254
-2.81312, -0.97879, 949.24462, 21.74124, 35.04421, 10.55254
-3.51640, -1.69064, 949.24462, 21.21097, 34.58310, 10.32314
-2.10984, -1.69064, 952.30670, 21.21097, 34.58310, 10.09374
-2.81312, -1.69064, 952.30670, 21.21097, 34.58310, 10.55254
-2.81312, -1.69064, 952.30670, 21.21097, 35.04421, 10.78195
-2.81312, -1.69064, 949.24462, 20.15042, 35.04421, 10.78195
-2.81312, -1.69064, 949.24462, 20.15042, 35.50532, 11.24075
-3.51640, -1.69064, 952.30670, 19.62015, 35.50532, 11.24075
-3.51640, -2.40249, 952.30670, 19.08987, 35.50532, 11.01135
-3.51640, -2.40249, 946.18254, 19.62015, 35.96642, 10.78195
-3.51640, -1.69064, 946.18254, 19.62015, 35.96642, 11.01135
-4.21968, -2.40249, 946.18254, 20.15042, 35.96642, 10.78195
-3.51640, -2.40249, 946.18254, 19.62015, 35.96642, 10.78195
-3.51640, -1.69064, 946.18254, 20.15042, 35.96642, 10.55254
-3.51640, -1.69064, 946.18254, 19.62015, 35.96642, 10.55254
-3.51640, -1.69064, 949.24462, 20.15042, 35.96642, 10.55254
-3.51640, -0.97879, 949.24462, 20.15042, 35.96642, 10.55254
-4.21968, -0.97879, 949.24462, 20.15042, 36.42753, 10.78195
-4.21968, -0.97879, 949.24462, 20.15042, 36.42753, 10.55254
-4.21968, -0.97879, 952.30670, 20.15042, 36.42753, 10.32314
-4.21968, -0.97879, 952.30670, 20.68069, 36.42753, 10.32314
-3.51640, -1.69064, 952.30670, 20.68069, 36.88864, 10.55254
-4.21968, -0.97879, 952.30670, 20.68069, 36.88864, 10.55254
-4.21968, -0.97879, 952.30670, 20.68069, 36.88864, 10.32314
-4.21968, -0.97879, 952.30670, 20.68069, 36.88864, 10.32314
-4.21968, -0.97879, 949.24462, 20.68069, 36.88864, 10.32314
-3.51640, -1.69064, 952.30670, 20.68069, 36.42753, 10.32314
-4.21968, -3.82619, 949.24462, 20.15042, 36.42753, 10.55254
-4.21968, -3.82619, 949.24462, 19.08987, 36.88864, 10.78195
-4.21968, -4.53805, 949.24462, 18.55960, 36.88864, 10.78195
-4.21968, -4.53805, 949.24462, 18.02932, 36.88864, 10.55254
-3.51640, -3.82619, 949.24462, 19.08987, 36.88864, 10.55254
-3.51640, -3.11434, 949.24462, 19.62015, 36.42753, 10.55254
-4.21968, -2.40249, 949.24462, 19.62015, 36.42753, 10.55254
-4.21968, -2.40249, 949.24462, 20.68069, 36.88864, 10.55254
-4.21968, -1.69064, 952.30670, 20.68069, 36.88864, 10.55254
-4.21968, -0.97879, 952.30670, 20.68069, 36.88864, 10.55254
-4.21968, -0.97879, 952.30670, 21.21097, 36.42753, 10.55254
-4.21968, -0.97879, 949.24462, 21.74124, 36.88864, 10.55254
-4.21968, -0.97879, 952.30670, 21.74124, 36.42753, 10.32314
-4.21968, -0.26694, 952.30670, 22.27152, 36.42753, 10.55254
-4.21968, -0.26694, 952.30670, 22.80179, 36.42753, 10.32314
-3.51640,  0.44491, 949.24462, 22.27152, 36.42753, 10.55254
-3.51640, -0.26694, 949.24462, 23.33206, 36.42753, 10.32314
-3.51640, -0.26694, 949.24462, 22.80179, 35.96642, 10.32314
-3.51640, -0.97879, 949.24462, 22.27152, 36.88864, 10.55254
-3.51640, -0.26694, 949.24462, 22.27152, 36.42753, 10.55254
-2.81312, -0.97879, 952.30670, 22.27152, 36.42753, 10.55254
-2.10984, -0.97879, 952.30670, 22.27152, 36.42753, 10.78195
-2.81312, -1.69064, 952.30670, 21.74124, 36.42753, 10.78195
-3.51640, -1.69064, 949.24462, 21.74124, 37.34975, 10.78195
-4.92295, -1.69064, 949.24462, 21.74124, 37.34975, 10.78195
-4.92295, -1.69064, 946.18254, 21.74124, 37.34975, 10.55254
-4.92295, -0.97879, 949.24462, 21.74124, 37.34975, 10.55254
-3.51640, -0.97879, 949.24462, 21.21097, 36.88864, 10.32314
-3.51640, -1.69064, 949.24462, 21.74124, 36.88864, 10.32314
-3.51640, -1.69064, 952.30670, 21.74124, 36.88864, 10.09374
-3.51640, -1.69064, 949.24462, 21.74124, 37.34975, 10.32314
-4.21968, -1.69064, 949.24462, 21.21097, 37.34975, 10.55254
-4.92295, -0.97879, 949.24462, 21.21097, 37.34975, 10.32314
-4.21968, -1.69064, 949.24462, 21.74124, 36.88864, 10.55254
-3.51640, -0.97879, 952.30670, 21.74124, 36.88864, 10.55254
-3.51640, -1.69064, 949.24462, 21.74124, 36.42753, 10.32314
-4.21968, -0.26694, 952.30670, 21.74124, 36.42753, 10.32314
-4.21968, -0.26694, 946.18254, 22.27152, 36.42753, 10.32314
-4.92295, -0.97879, 949.24462, 22.27152, 36.88864, 10.55254
-4.92295, -0.97879, 949.24462, 22.27152, 36.88864, 10.32314
-4.21968, -1.69064, 949.24462, 21.74124, 36.42753, 10.78195
-4.21968, -0.97879, 949.24462, 21.21097, 36.42753, 10.55254
-4.21968, -0.97879, 949.24462, 21.21097, 36.42753, 10.78195
-4.21968, -0.97879, 952.30670, 21.21097, 36.42753, 10.78195
-4.21968, -0.97879, 952.30670, 21.21097, 35.96642, 10.55254
-3.51640, -1.69064, 952.30670, 21.21097, 35.96642, 10.32314
-3.51640, -1.69064, 952.30670, 21.21097, 35.50532, 10.32314
-2.81312, -1.69064, 952.30670, 21.74124, 35.04421, 10.32314
-3.51640, -1.69064, 952.30670, 21.74124, 35.04421, 10.32314
-3.51640, -2.40249, 949.24462, 21.21097, 35.04421, 10.09374
-2.81312, -3.11434, 949.24462, 21.21097, 35.04421, 10.09374
-2.81312, -3.11434, 949.24462, 21.74124, 35.04421, 10.09374
-2.81312, -2.40249, 946.18254, 21.74124, 35.04421, 10.09374
-2.81312, -2.40249, 946.18254, 21.21097, 35.04421, 10.32314
-2.81312, -2.40249, 946.18254, 21.21097, 35.04421, 10.55254
-3.51640, -3.11434, 949.24462, 20.68069, 35.04421, 10.78195
-2.81312, -3.11434, 949.24462, 21.21097, 34.58310, 10.78195
-2.81312, -2.40249, 952.30670, 20.68069, 34.58310, 10.55254
-3.51640, -2.40249, 949.24462, 21.21097, 35.04421, 10.55254
-4.21968, -2.40249, 949.24462, 21.74124, 35.04421, 10.55254
-3.51640, -1.69064, 949.24462, 21.74124, 35.04421, 10.55254
-4.21968, -1.69064, 952.30670, 22.27152, 34.58310, 10.55254
-3.51640, -0.97879, 952.30670, 22.27152, 34.12199, 10.55254
-3.51640, -0.97879, 949.24462, 22.80179, 34.12199, 10.32314
-3.51640, -0.97879, 952.30670, 23.33206, 34.58310, 10.32314
-4.21968, -0.26694, 949.24462, 22.80179, 34.12199, 10.32314
-3.51640, -0.97879, 946.18254, 22.27152, 33.66088, 10.55254
-3.51640, -0.97879, 949.24462, 22.27152, 33.66088, 10.55254
-2.81312, -0.26694, 949.24462, 22.80179, 33.19978, 10.55254
-2.81312, -0.26694, 949.24462, 22.80179, 33.19978, 10.78195
-2.81312, -0.97879, 949.24462, 22.80179, 32.73867, 10.78195
-2.10984, -1.69064, 949.24462, 22.80179, 32.73867, 10.55254
-2.10984, -1.69064, 949.24462, 22.27152, 32.73867, 10.32314
-1.40656, -1.69064, 949.24462, 22.80179, 32.27756, 10.32314
-1.40656, -1.69064, 949.24462, 22.80179, 32.27756, 10.55254
-2.10984, -0.97879, 952.30670, 22.80179, 32.27756, 10.55254
-2.81312, -0.97879, 952.30670, 22.80179, 32.73867, 10.55254
-2.81312, -0.97879, 949.24462, 22.27152, 32.73867, 10.78195
-2.81312, -0.97879, 949.24462, 22.27152, 32.73867, 10.55254
-2.10984, -0.97879, 949.24462, 22.27152, 32.27756, 10.55254
-2.10984, -0.97879, 949.24462, 22.27152, 32.73867, 10.55254
-2.81312, -1.69064, 952.30670, 22.27152, 32.73867, 10.55254
-2.81312, -1.69064, 949.24462, 22.27152, 33.19978, 10.55254
-3.51640, -1.69064, 949.24462, 22.27152, 32.73867, 10.55254
-2.81312, -1.69064, 949.24462, 22.27152, 32.73867, 10.55254
-2.10984, -1.69064, 949.24462, 21.74124, 33.19978, 10.55254
-2.81312, -2.40249, 946.18254, 21.74124, 33.19978, 10.32314
-3.51640, -2.40249, 946.18254, 22.27152, 33.19978, 10.32314
-3.51640, -2.40249, 943.12046, 22.27152, 33.66088, 10.32314
-2.81312, -3.11434, 946.18254, 21.74124, 33.66088, 10.32314
-2.10984, -3.11434, 946.18254, 21.74124, 33.19978, 10.55254
-2.81312, -2.40249, 949.24462, 21.74124, 33.19978, 10.55254
-2.10984, -2.40249, 952.30670, 21.74124, 33.19978, 10.32314
-3.51640, -1.69064, 952.30670, 22.27152, 33.66088, 10.55254
-3.51640, -1.69064, 955.36878, 22.80179, 33.66088, 10.55254
-4.21968, -1.69064, 952.30670, 22.80179, 34.12199, 10.78195
-4.21968, -1.69064, 952.30670, 22.80179, 34.12199, 10.55254
-4.21968, -0.97879, 946.18254, 22.80179, 34.12199, 10.55254
-4.92295, -0.97879, 949.24462, 22.80179, 34.58310, 10.32314
-4.21968, -0.97879, 952.30670, 23.33206, 34.58310, 10.32314
-4.92295, -0.97879, 949.24462, 23.33206, 34.58310, 10.55254
-4.21968, -0.97879, 952.30670, 23.33206, 34.58310, 10.55254
-3.51640, -0.97879, 949.24462, 23.33206, 34.12199, 10.55254
-2.81312, -1.69064, 949.24462, 23.33206, 34.12199, 10.32314
-2.81312, -2.40249, 946.18254, 22.80179, 34.12199, 10.32314
-3.51640, -1.69064, 949.24462, 23.86234, 34.12199, 10.55254
-2.81312, -1.69064, 949.24462, 23.86234, 34.12199, 10.55254
-2.81312, -1.69064, 946.18254, 23.33206, 34.58310, 10.55254
-3.51640, -1.69064, 949.24462, 23.86234, 34.58310, 10.55254
-3.51640, -2.40249, 949.24462, 23.33206, 34.58310, 10.55254
-3.51640, -1.69064, 949.24462, 23.33206, 35.04421, 10.55254
-4.21968, -1.69064, 949.24462, 23.86234, 35.50532, 10.55254
-4.21968, -0.97879, 946.18254, 24.39261, 35.50532, 10.55254
-4.21968, -0.97879, 949.24462, 24.39261, 35.50532, 10.55254
-4.92295, -0.97879, 949.24462, 24.39261, 35.50532, 10.32314
-4.21968, -0.26694, 949.24462, 24.39261, 35.96642, 10.32314
-4.92295, -0.97879, 949.24462, 24.92289, 35.96642, 10.32314
-4.21968, -0.97879, 949.24462, 24.92289, 35.96642, 10.32314
-4.21968, -0.97879, 952.30670, 24.92289, 35.50532, 10.32314
-4.21968,  0.44491, 952.30670, 25.45316, 35.50532, 10.32314
-4.92295, -0.26694, 949.24462, 25.45316, 35.96642, 10.32314
-4.21968, -0.26694, 949.24462, 25.45316, 35.50532, 10.09374
-3.51640, -0.97879, 949.24462, 25.45316, 35.04421, 10.32314
-3.51640, -0.26694, 949.24462, 24.92289, 35.04421, 10.32314
-4.21968, -0.26694, 949.24462, 24.92289, 35.04421, 10.55254
-4.21968, -0.26694, 946.18254, 24.92289, 35.04421, 10.32314
-3.51640, -0.97879, 946.18254, 24.39261, 35.04421, 10.32314
-2.81312, -1.69064, 946.18254, 24.39261, 35.04421, 10.32314
-2.81312, -2.40249, 946.18254, 24.39261, 34.58310, 10.32314
-2.81312, -0.97879, 949.24462, 24.39261, 34.58310, 10.55254
-2.81312, -0.97879, 949.24462, 24.39261, 34.58310, 10.55254
-3.51640, -0.97879, 949.24462, 24.39261, 34.58310, 10.32314
-3.51640, -0.97879, 949.24462, 24.39261, 34.58310, 10.32314
-3.51640, -0.97879, 949.24462, 24.39261, 34.58310, 10.32314
-4.21968, -0.97879, 949.24462, 24.39261, 35.04421, 10.32314
-3.51640, -0.26694, 949.24462, 24.39261, 35.50532, 10.55254
-3.51640, -0.97879, 949.24462, 24.39261, 35.04421, 10.32314
-3.51640, -0.97879, 949.24462, 23.86234, 35.04421, 10.32314
-2.81312, -1.69064, 952.30670, 23.86234, 34.58310, 10.32314
-3.51640, -1.69064, 949.24462, 24.39261, 35.04421, 10.55254
-3.51640, -1.69064, 949.24462, 23.86234, 35.04421, 10.55254
-3.51640, -1.69064, 946.18254, 23.33206, 35.04421, 10.55254
-3.51640, -1.69064, 949.24462, 23.33206, 35.50532, 10.78195
-3.51640, -1.69064, 949.24462, 23.33206, 35.04421, 10.78195
-2.81312, -2.40249, 952.30670, 22.80179, 35.50532, 10.55254
-3.51640, -2.40249, 946.18254, 22.80179, 35.50532, 10.78195
-3.51640, -1.69064, 946.18254, 22.80179, 35.96642, 10.78195
-4.21968, -1.69064, 946.18254, 23.33206, 36.42753, 10.78195
-4.92295, -1.69064, 949.24462, 23.33206, 36.42753, 10.55254
-4.92295, -1.69064, 946.18254, 22.80179, 36.88864, 10.55254
-4.92295, -0.97879, 949.24462, 22.80179, 36.88864, 10.55254
-4.92295, -0.97879, 949.24462, 22.80179, 36.88864, 10.55254
-4.92295, -1.69064, 949.24462, 22.80179, 37.34975, 10.55254
-4.92295, -0.97879, 949.24462, 23.33206, 37.34975, 10.55254
-5.62623, -0.97879, 949.24462, 22.80179, 37.81086, 10.55254
-4.92295, -1.69064, 946.18254, 22.80179, 37.81086, 10.55254
-4.92295, -1.69064, 946.18254, 22.80179, 37.81086, 10.55254
-4.21968, -1.69064, 949.24462, 22.80179, 37.34975, 10.32314
-4.92295, -0.97879, 949.24462, 22.27152, 37.34975, 10.55254
-5.62623, -1.69064, 946.18254, 22.27152, 37.81086, 10.32314
-4.92295, -0.97879, 949.24462, 22.80179, 37.81086, 10.32314
-4.92295, -1.69064, 946.18254, 22.80179, 37.34975, 10.09374
-4.21968, -2.40249, 949.24462, 22.80179, 36.88864, 10.09374
-4.21968, -2.40249, 949.24462, 22.27152, 36.88864, 10.32314
-3.51640, -2.40249, 949.24462, 22.27152, 36.88864, 10.09374
-3.51640, -2.40249, 949.24462, 22.27152, 36.42753, 10.32314
-3.51640, -2.40249, 949.24462, 21.74124, 36.42753, 10.09374
-3.51640, -2.40249, 949.24462, 21.74124, 36.88864, 10.32314
-4.21968, -2.40249, 949.24462, 22.27152, 36.88864, 10.32314
-4.92295, -2.40249, 949.24462, 22.27152, 36.88864, 10.32314
-4.21968, -2.40249, 952.30670, 22.27152, 36.88864, 10.32314
-4.21968, -1.69064, 946.18254, 22.27152, 36.88864, 10.32314
-3.51640, -2.40249, 949.24462, 22.27152, 36.42753, 10.55254
-4.21968, -2.40249, 949.24462, 22.27152, 36.88864, 10.55254
-4.21968, -1.69064, 949.24462, 22.27152, 36.88864, 10.55254
-4.92295, -1.69064, 949.24462, 21.74124, 36.88864, 10.55254
-4.21968, -1.69064, 946.18254, 22.27152, 36.88864, 10.32314
-4.92295, -1.69064, 949.24462, 22.80179, 36.42753, 10.78195
-4.21968, -2.40249, 949.24462, 22.27152, 36.88864, 10.55254
-4.21968, -2.40249, 949.24462, 22.27152, 36.42753, 10.55254
-4.21968, -1.69064, 949.24462, 22.80179, 36.42753, 10.55254
-3.51640, -2.40249, 946.18254, 22.27152, 35.96642, 10.32314
-2.81312, -2.40249, 949.24462, 22.27152, 35.96642, 10.55254
-2.81312, -1.69064, 946.18254, 22.27152, 35.96642, 10.55254
-4.21968, -0.97879, 952.30670, 22.27152, 35.96642, 10.78195
-3.51640, -1.69064, 949.24462, 22.80179, 35.50532, 10.78195
-2.81312, -1.69064, 946.18254, 23.33206, 35.50532, 10.55254
-2.10984, -1.69064, 946.18254, 22.80179, 35.50532, 10.32314
-1.40656, -1.69064, 949.24462, 23.33206, 34.58310, 10.55254
-2.10984, -0.97879, 949.24462, 23.33206, 35.04421, 10.32314
-2.81312, -0.97879, 952.30670, 23.86234, 35.50532, 10.55254
-3.51640, -1.69064, 949.24462, 24.39261, 35.96642, 10.32314
-2.81312, -1.69064, 946.18254, 23.86234, 35.96642, 10.55254
-2.10984, -1.69064, 949.24462, 23.86234, 35.96642, 10.55254
-2.10984, -1.69064, 949.24462, 23.86234, 35.96642, 10.55254
-3.51640, -1.69064, 949.24462, 23.86234, 36.42753, 10.55254
-3.51640, -2.40249, 949.24462, 23.86234, 36.42753, 10.55254
-4.21968, -1.69064, 949.24462, 23.86234, 36.88864, 10.55254
-4.21968, -1.69064, 949.24462, 23.86234, 36.88864, 10.55254
-4.21968, -1.69064, 946.18254, 24.39261, 37.34975, 10.55254
-4.21968, -1.69064, 949.24462, 24.39261, 37.34975, 10.55254
-4.92295, -1.69064, 949.24462, 23.86234, 37.81086, 10.55254
-5.62623, -0.97879, 949.24462, 24.92289, 38.27196, 10.55254
-5.62623, -1.69064, 949.24462, 24.92289, 38.27196, 10.55254
-4.92295, -0.97879, 949.24462, 25.45316, 37.81086, 10.09374
-4.92295, -0.97879, 949.24462, 24.92289, 38.27196, 10.32314
-4.92295, -1.69064, 946.18254, 24.92289, 37.81086, 10.32314
-5.62623, -0.97879, 949.24462, 25.45316, 38.73307, 10.09374
-5.62623, -1.69064, 949.24462, 25.45316, 38.73307, 10.09374
-4.92295, -0.97879, 943.12046, 25.98344, 39.19418, 10.09374
-4.21968, -0.97879, 949.24462, 25.98344, 38.73307, 10.09374
-4.21968, -0.97879, 949.24462, 26.51371, 38.27196,  9.86434
-4.92295, -0.26694, 949.24462, 26.51371, 38.27196,  9.86434
-4.92295, -0.26694, 949.24462, 26.51371, 38.73307,  9.86434
-4.92295, -0.26694, 946.18254, 26.51371, 39.19418,  9.86434
-4.92295, -0.26694, 946.18254, 27.04398, 38.73307,  9.86434
-4.92295, -0.26694, 949.24462, 27.04398, 38.73307,  9.86434
-4.92295, -0.26694, 949.24462, 27.57426, 38.27196,  9.86434
-5.62623, -0.26694, 952.30670, 27.04398, 38.73307, 10.09374
-5.62623, -0.26694, 949.24462, 26.51371, 39.19418, 10.09374
-4.92295, -0.26694, 949.24462, 25.98344, 39.19418, 10.09374
-4.92295, -0.97879, 949.24462, 25.98344, 39.19418, 10.09374
-4.92295, -0.97879, 949.24462, 25.45316, 39.19418, 10.09374
-4.92295, -1.69064, 946.18254, 25.45316, 39.19418, 10.32314
-4.92295, -1.69064, 949.24462, 24.92289, 39.19418, 10.55254
-4.92295, -1.69064, 949.24462, 24.92289, 39.19418, 10.55254
-4.92295, -2.40249, 946.18254, 24.92289, 39.19418, 10.55254
-4.21968, -2.40249, 946.18254, 24.92289, 39.19418, 10.32314
-4.21968, -2.40249, 946.18254, 24.39261, 38.73307, 10.09374
-4.21968, -1.69064, 946.18254, 24.92289, 38.73307, 10.32314
-4.92295, -1.69064, 949.24462, 25.45316, 38.73307, 10.32314
-4.21968, -1.69064, 946.18254, 24.92289, 38.27196, 10.32314
-4.21968, -1.69064, 949.24462, 24.92289, 38.27196, 10.32314
-3.51640, -0.97879, 949.24462, 24.92289, 37.81086, 10.09374
-3.51640, -1.69064, 949.24462, 24.92289, 37.81086, 10.32314
-3.51640, -1.69064, 949.24462, 24.92289, 37.81086, 10.32314
-4.21968, -0.97879, 949.24462, 24.92289, 37.81086, 10.55254
-3.51640, -0.97879, 949.24462, 24.92289, 37.81086, 10.55254
-3.51640, -0.97879, 949.24462, 24.92289, 37.81086, 10.32314
-3.51640, -0.97879, 949.24462, 25.45316, 37.34975, 10.32314
-3.51640, -1.69064, 949.24462, 24.92289, 37.34975, 10.32314
-3.51640, -1.69064, 949.24462, 24.92289, 37.34975, 10.32314
-3.51640, -1.69064, 949.24462, 24.92289, 37.34975, 10.32314
-3.51640, -1.69064, 949.24462, 24.92289, 37.34975, 10.09374
-3.51640, -1.69064, 946.18254, 24.92289, 37.34975, 10.09374
-3.51640, -1.69064, 946.18254, 24.92289, 37.34975, 10.09374
-3.51640, -1.69064, 949.24462, 25.45316, 37.34975, 10.09374
-3.51640, -2.40249, 946.18254, 24.92289, 36.88864, 10.09374
-3.51640, -1.69064, 946.18254, 25.45316, 37.34975, 10.09374
-2.81312, -0.97879, 949.24462, 25.45316, 37.34975, 10.32314
-2.81312, -1.69064, 949.24462, 25.45316, 36.88864, 10.32314
-3.51640, -1.69064, 949.24462, 24.92289, 37.34975, 10.32314
-3.51640, -1.69064, 949.24462, 24.39261, 37.34975, 10.32314
-3.51640, -0.97879, 946.18254, 24.92289, 37.81086, 10.32314
-4.21968, -1.69064, 949.24462, 25.45316, 37.81086, 10.32314
-4.21968, -0.97879, 949.24462, 25.45316, 37.81086, 10.32314
-4.21968, -0.97879, 949.24462, 25.45316, 38.27196, 10.32314
-4.21968, -0.97879, 949.24462, 24.92289, 37.81086, 10.09374
-4.21968, -1.69064, 952.30670, 25.45316, 38.27196, 10.09374
-4.21968, -1.69064, 949.24462, 24.92289, 38.73307, 10.09374
-4.92295, -0.97879, 949.24462, 25.45316, 38.73307, 10.32314
-4.92295, -0.97879, 946.18254, 24.92289, 38.73307, 10.32314
-4.21968, -1.69064, 946.18254, 24.92289, 39.19418, 10.32314
-4.21968, -1.69064, 949.24462, 24.92289, 38.73307, 10.09374
-4.21968, -1.69064, 949.24462, 24.92289, 38.73307, 10.09374
-4.21968, -2.40249, 949.24462, 24.39261, 38.27196, 10.09374
-3.51640, -1.69064, 949.24462, 24.92289, 38.73307, 10.09374
-4.21968, -1.69064, 949.24462, 24.92289, 38.73307, 10.32314
-4.21968, -1.69064, 949.24462, 24.39261, 38.73307, 10.32314
-4.21968, -1.69064, 949.24462, 24.39261, 38.73307, 10.32314
-4.21968, -1.69064, 949.24462, 24.39261, 38.73307, 10.09374
-4.21968, -1.69064, 949.24462, 24.92289, 38.27196, 10.32314
-4.21968, -1.69064, 949.24462, 24.39261, 38.73307, 10.09374
-3.51640, -1.69064, 946.18254, 24.39261, 38.73307, 10.32314
-3.51640, -1.69064, 949.24462, 23.86234, 39.19418, 10.32314
-2.81312, -2.40249, 949.24462, 23.86234, 38.73307, 10.32314
-4.21968, -1.69064, 949.24462, 24.39261, 39.19418, 10.09374
-4.21968, -2.40249, 952.30670, 24.39261, 39.65529, 10.55254
-4.92295, -1.69064, 949.24462, 24.39261, 39.65529, 10.32314
-4.21968, -1.69064, 946.18254, 23.86234, 39.65529, 10.55254
-4.21968, -2.40249, 946.18254, 23.86234, 40.11640, 10.09374
-4.21968, -1.69064, 949.24462, 23.86234, 40.11640, 10.32314
-4.21968, -2.40249, 949.24462, 23.86234, 40.11640, 10.32314
-4.21968, -1.69064, 949.24462, 24.39261, 40.11640, 10.55254
-4.21968, -1.69064, 946.18254, 23.86234, 40.11640, 10.32314
-4.21968, -0.97879, 946.18254, 24.39261, 40.57750, 10.55254
-4.21968, -1.69064, 946.18254, 24.39261, 40.57750, 10.55254
-4.21968, -1.69064, 949.24462, 24.39261, 40.11640, 10.55254
-4.92295, -1.69064, 946.18254, 24.92289, 40.11640, 10.32314
-4.21968, -0.97879, 949.24462, 24.92289, 40.57750, 10.32314
-4.21968, -0.97879, 949.24462, 24.92289, 40.57750, 10.32314
-4.21968, -0.97879, 946.18254, 24.92289, 40.57750, 10.09374
-4.92295, -0.26694, 949.24462, 25.45316, 40.57750, 10.09374
-4.21968, -0.97879, 949.24462, 25.98344, 40.57750,  9.86434
-4.21968, -0.26694, 949.24462, 25.45316, 40.11640, 10.09374
-3.51640, -0.26694, 949.24462, 25.45316, 40.11640, 10.09374
-3.51640, -0.26694, 949.24462, 25.98344, 40.57750, 10.09374
-3.51640, -0.26694, 949.24462, 25.98344, 40.57750, 10.09374
-4.21968, -0.26694, 949.24462, 25.98344, 40.57750,  9.86434
-3.51640, -0.26694, 949.24462, 25.45316, 40.57750,  9.86434
-3.51640, -0.97879, 949.24462, 24.92289, 40.57750, 10.32314
-3.51640, -1.69064, 949.24462, 23.86234, 40.57750, 10.32314
-4.21968, -3.11434, 949.24462, 23.33206, 41.03861, 10.32314
-3.51640, -3.11434, 952.30670, 22.80179, 41.49972, 10.32314
-4.21968, -3.11434, 949.24462, 22.27152, 41.96083, 10.32314
-4.92295, -3.11434, 949.24462, 21.74124, 41.96083, 10.55254
-4.21968, -3.11434, 949.24462, 21.21097, 42.42194, 10.55254
-4.92295, -3.82619, 949.24462, 21.21097, 42.88304, 10.55254
-4.92295, -3.82619, 949.24462, 20.68069, 42.88304, 10.78195
-5.62623, -3.82619, 946.18254, 20.68069, 43.34415, 10.55254
-5.62623, -3.82619, 949.24462, 21.21097, 43.34415, 10.32314
-4.92295, -3.82619, 949.24462, 20.68069, 43.34415, 10.55254
-4.92295, -3.82619, 949.24462, 21.21097, 43.34415, 10.78195
-4.92295, -3.11434, 949.24462, 21.21097, 43.34415, 10.32314
-5.62623, -3.82619, 949.24462, 22.27152, 43.34415, 10.55254
-5.62623, -3.11434, 952.30670, 22.27152, 43.34415, 10.32314
-5.62623, -2.40249, 949.24462, 22.80179, 43.34415, 10.32314
-5.62623, -2.40249, 949.24462, 23.33206, 43.34415, 10.32314
-5.62623, -2.40249, 949.24462, 23.86234, 43.80526, 10.09374
-5.62623, -1.69064, 946.18254, 24.39261, 43.34415, 10.09374
-5.62623, -1.69064, 946.18254, 24.92289, 43.80526, 10.09374
-4.92295, -1.69064, 946.18254, 25.45316, 43.80526, 10.09374
-4.92295, -0.26694, 949.24462, 25.98344, 43.34415,  9.86434
-5.62623, -0.97879, 949.24462, 25.98344, 43.80526, 10.09374
-5.62623, -0.26694, 952.30670, 26.51371, 43.80526, 10.09374
-6.32951, -0.26694, 952.30670, 26.51371, 44.26637, 10.09374
-5.62623, -0.26694, 949.24462, 26.51371, 43.80526,  9.86434
-6.32951, -0.26694, 949.24462, 27.04398, 44.26637, 10.09374
-5.62623, -0.26694, 946.18254, 27.04398, 43.80526,  9.63493
-5.62623, -0.26694, 949.24462, 27.04398, 43.34415,  9.63493
-5.62623, -0.26694, 949.24462, 27.57426, 42.88304,  9.40553
-4.92295, -0.97879, 949.24462, 27.04398, 42.88304,  9.40553
-4.92295, -0.97879, 949.24462, 27.04398, 42.88304,  9.40553
-4.21968, -0.26694, 949.24462, 27.04398, 42.42194,  9.40553
-4.92295, -0.26694, 949.24462, 27.04398, 42.42194,  9.63493
-4.92295, -0.26694, 949.24462, 26.51371, 42.42194,  9.63493
-4.92295, -0.26694, 949.24462, 26.51371, 41.96083,  9.63493
-4.21968, -0.26694, 949.24462, 27.04398, 41.96083,  9.63493
-4.92295, -0.26694, 949.24462, 27.04398, 41.49972,  9.86434
-4.92295, -0.26694, 949.24462, 26.51371, 41.49972,  9.86434
-4.92295, -0.97879, 949.24462, 26.51371, 41.03861,  9.86434
-4.92295, -0.97879, 949.24462, 25.98344, 41.03861,  9.86434
-4.21968, -0.97879, 949.24462, 25.98344, 41.03861, 10.09374
-3.51640, -1.69064, 949.24462, 25.45316, 40.57750, 10.32314
-4.21968, -1.69064, 949.24462, 25.98344, 40.11640, 10.32314
-3.51640, -0.97879, 949.24462, 25.45316, 40.11640, 10.32314
-4.21968, -1.69064, 949.24462, 24.92289, 40.11640, 10.32314
-4.21968, -1.69064, 949.24462, 24.92289, 40.11640, 10.32314
-4.21968, -1.69064, 949.24462, 25.45316, 40.11640, 10.32314
-4.21968, -0.97879, 949.24462, 25.45316, 39.65529, 10.32314
-3.51640, -0.97879, 949.24462, 24.92289, 39.65529, 10.32314
-4.21968, -0.97879, 949.24462, 24.92289, 39.65529, 10.32314
-3.51640, -1.69064, 946.18254, 24.39261, 39.19418, 10.09374
-4.21968, -1.69064, 949.24462, 24.39261, 39.19418, 10.09374
-4.21968, -1.69064, 949.24462, 24.92289, 39.19418,  9.86434
-3.51640, -1.69064, 946.18254, 24.92289, 38.73307,  9.86434
-3.51640, -1.69064, 949.24462, 25.45316, 38.27196,  9.86434
-2.81312, -1.69064, 949.24462, 24.92289, 38.27196,  9.86434
-2.81312, -1.69064, 952.30670, 24.92289, 37.81086,  9.86434
-2.81312, -1.69064, 952.30670, 25.45316, 37.34975,  9.86434
-3.51640, -1.69064, 952.30670, 25.45316, 37.81086,  9.63493
-2.81312, -0.97879, 949.24462, 25.45316, 37.34975,  9.86434
-2.81312, -0.26694, 949.24462, 25.45316, 37.34975,  9.86434
-3.51640, -0.97879, 949.24462, 25.45316, 36.88864,  9.86434
-2.81312, -0.97879, 949.24462, 25.98344, 36.88864,  9.86434
-3.51640, -0.97879, 949.24462, 25.45316, 36.88864, 10.09374
-2.81312, -0.97879, 949.24462, 25.98344, 36.88864, 10.09374
-2.81312, -0.97879, 949.24462, 24.92289, 36.42753, 10.32314
-2.81312, -1.69064, 952.30670, 24.92289, 36.88864, 10.32314
-2.81312, -1.69064, 949.24462, 23.86234, 36.42753, 10.55254
-2.10984, -2.40249, 949.24462, 23.86234, 36.42753, 10.55254
-2.10984, -2.40249, 949.24462, 23.86234, 36.88864, 10.78195
-2.81312, -1.69064, 949.24462, 23.86234, 37.34975, 11.01135
-3.51640, -2.40249, 949.24462, 23.86234, 37.81086, 10.78195
-2.81312, -2.40249, 946.18254, 23.86234, 37.81086, 10.78195
-3.51640, -2.40249, 946.18254, 23.86234, 37.81086, 10.55254
-3.51640, -2.40249, 949.24462, 23.86234, 37.81086, 10.55254
-3.51640, -2.40249, 949.24462, 23.86234, 37.81086, 10.55254
-3.51640, -1.69064, 952.30670, 24.39261, 37.81086, 10.55254
-3.51640, -1.69064, 949.24462, 24.39261, 38.27196, 10.32314
-4.21968, -1.69064, 949.24462, 23.86234, 38.27196, 10.09374
-4.21968, -1.69064, 946.18254, 24.39261, 38.27196, 10.09374
-4.21968, -1.69064, 949.24462, 23.86234, 38.27196, 10.09374
-4.21968, -1.69064, 949.24462, 24.92289, 38.27196, 10.32314
-4.21968, -0.97879, 949.24462, 24.39261, 38.73307, 10.32314
-4.21968, -0.26694, 949.24462, 24.39261, 38.27196, 10.32314
-2.81312, -0.26694, 949.24462, 24.39261, 38.73307, 10.32314
-2.81312, -1.69064, 949.24462, 24.39261, 38.27196, 10.32314
-2.81312, -0.97879, 949.24462, 24.39261, 38.27196, 10.09374
-3.51640, -0.97879, 946.18254, 24.39261, 38.27196, 10.32314
-3.51640, -0.97879, 949.24462, 24.39261, 38.73307, 10.09374
-3.51640, -0.97879, 952.30670, 24.92289, 38.73307, 10.09374
-3.51640, -0.97879, 952.30670, 24.92289, 39.19418, 10.09374
-3.51640, -0.97879, 949.24462, 24.39261, 39.19418,  9.86434
-4.21968, -1.69064, 949.24462, 23.86234, 39.65529, 10.09374
-3.51640, -1.69064, 949.24462, 23.86234, 39.65529, 10.09374
-4.21968, -1.69064, 952.30670, 23.86234, 39.65529, 10.09374
-4.21968, -1.69064, 949.24462, 23.33206, 39.65529, 10.32314
-4.92295, -0.97879, 952.30670, 23.33206, 39.65529, 10.09374
-4.21968, -1.69064, 949.24462, 23.33206, 40.11640, 10.09374
-4.21968, -2.40249, 946.18254, 22.80179, 39.65529, 10.09374
-4.21968, -2.40249, 946.18254, 22.80179, 40.11640, 10.32314
-4.21968, -2.40249, 946.18254, 22.27152, 40.11640, 10.32314
-4.92295, -2.40249, 946.18254, 22.27152, 40.11640, 10.55254
-5.62623, -2.40249, 949.24462, 22.27152, 40.57750, 10.55254
-4.21968, -2.40249, 946.18254, 22.27152, 40.57750, 10.32314
-4.92295, -2.40249, 949.24462, 22.80179, 40.57750, 10.32314
-4.92295, -2.40249, 946.18254, 22.80179, 40.11640, 10.32314
-4.92295, -1.69064, 946.18254, 22.27152, 40.11640, 10.32314
-4.92295, -1.69064, 949.24462, 22.80179, 40.11640, 10.55254
-4.92295, -1.69064, 946.18254, 22.80179, 40.11640, 10.09374
-4.21968, -1.69064, 952.30670, 22.80179, 40.11640, 10.09374
-4.21968, -2.40249, 952.30670, 22.27152, 40.11640, 10.09374
-3.51640, -2.40249, 949.24462, 22.80179, 39.65529, 10.32314
-4.21968, -1.69064, 949.24462, 22.80179, 39.65529, 10.32314
-4.21968, -0.97879, 949.24462, 22.27152, 39.19418, 10.09374
-3.51640, -0.97879, 952.30670, 22.80179, 39.19418, 10.32314
-2.81312, -1.69064, 952.30670, 22.80179, 38.73307, 10.09374
-3.51640, -1.69064, 949.24462, 22.80179, 38.73307, 10.32314
-3.51640, -1.69064, 949.24462, 22.80179, 38.73307, 10.09374
-2.81312, -1.69064, 949.24462, 22.80179, 39.19418, 10.09374
-2.10984, -2.40249, 946.18254, 22.80179, 38.73307, 10.09374
-2.10984, -1.69064, 946.18254, 22.27152, 38.27196, 10.09374
-2.10984, -1.69064, 949.24462, 22.80179, 38.27196, 10.09374
-2.81312, -1.69064, 949.24462, 23.33206, 38.73307, 10.32314
-2.81312, -1.69064, 949.24462, 22.80179, 39.19418, 10.32314
-3.51640, -1.69064, 949.24462, 22.80179, 39.19418, 10.32314
-2.10984, -1.69064, 949.24462, 22.27152, 39.19418, 10.32314
-2.10984, -2.40249, 949.24462, 21.74124, 39.19418, 10.32314
-2.10984, -1.69064, 952.30670, 21.74124, 39.19418, 10.32314
-2.81312, -1.69064, 952.30670, 21.74124, 39.65529, 10.55254
-3.51640, -1.69064, 949.24462, 22.27152, 40.11640, 10.55254
-3.51640, -1.69064, 949.24462, 21.74124, 40.57750, 10.55254
-3.51640, -2.40249, 949.24462, 21.74124, 40.57750, 10.32314
-3.51640, -3.11434, 946.18254, 21.21097, 40.57750, 10.32314
-3.51640, -3.11434, 949.24462, 21.74124, 40.57750, 10.55254
-2.81312, -3.11434, 949.24462, 21.74124, 41.03861, 10.55254
-2.81312, -3.11434, 949.24462, 21.74124, 41.03861, 10.55254
-2.81312, -3.82619, 949.24462, 21.74124, 41.49972, 10.55254
-2.81312, -3.82619, 946.18254, 21.74124, 41.96083, 10.55254
-3.51640, -3.11434, 946.18254, 22.27152, 42.88304, 10.55254
-4.21968, -2.40249, 946.18254, 22.80179, 43.34415, 10.32314
-4.92295, -2.40249, 949.24462, 23.33206, 43.80526, 10.32314
-4.92295, -1.69064, 949.24462, 23.86234, 44.72748, 10.09374
-4.92295, -1.69064, 949.24462, 24.92289, 44.72748, 10.09374
-5.62623, -0.97879, 949.24462, 24.92289, 45.18858,  9.86434
-5.62623, -0.97879, 949.24462, 25.45316, 45.18858, 10.09374
-6.32951, -0.26694, 949.24462, 25.45316, 45.18858,  9.86434
-6.32951,  0.44491, 949.24462, 26.51371, 46.11080,  9.63493
-6.32951,  0.44491, 949.24462, 27.04398, 46.11080,  9.86434
-6.32951, -0.26694, 949.24462, 27.04398, 46.11080,  9.63493
-6.32951, -0.26694, 949.24462, 27.04398, 46.11080,  9.40553
-6.32951, -0.26694, 949.24462, 27.57426, 46.11080,  9.63493
-6.32951, -0.26694, 949.24462, 27.04398, 46.57191,  9.40553
-5.62623, -0.26694, 949.24462, 27.04398, 46.11080,  9.63493
-5.62623, -0.97879, 946.18254, 27.04398, 46.11080,  9.63493
-4.92295, -0.26694, 949.24462, 27.04398, 46.11080,  9.63493
-4.92295, -0.26694, 949.24462, 27.04398, 46.11080,  9.86434
-4.92295, -0.97879, 949.24462, 26.51371, 45.64969,  9.86434
-4.92295, -0.26694, 952.30670, 27.04398, 45.64969,  9.86434
-4.21968, -0.26694, 949.24462, 25.98344, 45.64969, 10.09374
-4.21968, -0.26694, 952.30670, 25.98344, 45.18858,  9.86434
-4.92295, -0.26694, 949.24462, 26.51371, 45.18858,  9.86434
-4.92295, -0.26694, 949.24462, 26.51371, 45.18858,  9.86434
-4.21968, -0.26694, 949.24462, 26.51371, 44.72748, 10.09374
-4.21968, -0.26694, 949.24462, 25.98344, 45.18858,  9.63493
-4.21968, -0.97879, 949.24462, 25.45316, 44.72748,  9.86434
-4.92295, -0.26694, 949.24462, 25.45316, 44.72748, 10.09374
-4.92295, -0.26694, 946.18254, 25.45316, 44.72748,  9.86434
-4.92295, -0.97879, 949.24462, 25.45316, 44.26637,  9.63493
-4.21968, -0.26694, 952.30670, 25.98344, 44.72748,  9.86434
-4.21968, -0.97879, 949.24462, 25.45316, 44.26637,  9.86434
-4.21968, -0.97879, 952.30670, 25.45316, 44.26637,  9.86434
-4.21968, -0.97879, 949.24462, 24.92289, 44.26637,  9.86434
-3.51640, -0.97879, 946.18254, 24.92289, 43.80526,  9.86434
-3.51640, -1.69064, 949.24462, 24.92289, 43.34415,  9.86434
-3.51640, -0.97879, 949.24462, 24.92289, 43.34415,  9.86434
-4.21968, -1.69064, 949.24462, 24.92289, 43.80526,  9.86434
-4.21968, -0.97879, 949.24462, 24.39261, 43.34415, 10.09374
-3.51640, -1.69064, 949.24462, 24.39261, 43.80526, 10.09374
-2.81312, -2.40249, 949.24462, 24.39261, 42.88304,  9.86434
-2.10984, -2.40249, 952.30670, 23.86234, 43.34415,  9.86434
-2.81312, -1.69064, 952.30670, 23.86234, 43.34415, 10.09374
-3.51640, -1.69064, 949.24462, 23.86234, 43.80526, 10.09374
-3.51640, -1.69064, 949.24462, 23.33206, 43.34415, 10.32314
-3.51640, -2.40249, 949.24462, 23.33206, 43.80526, 10.09374
-4.21968, -2.40249, 946.18254, 22.80179, 43.80526, 10.09374
-4.21968, -2.40249, 949.24462, 23.33206, 43.80526, 10.32314
-4.21968, -2.40249, 949.24462, 22.80179, 44.26637, 10.55254
-4.21968, -1.69064, 949.24462, 22.80179, 43.80526, 10.55254
-4.21968, -1.69064, 949.24462, 22.80179, 44.26637, 10.55254
-3.51640, -1.69064, 952.30670, 22.80179, 43.80526, 10.32314
-3.51640, -2.40249, 952.30670, 23.33206, 43.80526, 10.09374
-4.21968, -2.40249, 952.30670, 23.33206, 43.80526,  9.86434
-4.21968, -1.69064, 949.24462, 23.33206, 44.26637, 10.09374
-4.21968, -1.69064, 946.18254, 23.33206, 43.80526,  9.86434
-4.21968, -1.69064, 946.18254, 22.80179, 43.34415, 10.09374
-3.51640, -1.69064, 949.24462, 23.33206, 43.34415, 10.09374
-4.21968, -2.40249, 952.30670, 23.33206, 43.34415, 10.09374
-4.21968, -1.69064, 949.24462, 23.86234, 43.34415,  9.86434
-3.51640, -1.69064, 949.24462, 23.33206, 43.34415,  9.86434
-3.51640, -1.69064, 949.24462, 23.33206, 43.34415,  9.86434
-3.51640, -1.69064, 949.24462, 23.33206, 43.34415,  9.86434
-2.81312, -1.69064, 952.30670, 23.33206, 43.34415,  9.86434
-3.51640, -1.69064, 952.30670, 23.33206, 43.34415,  9.86434
-3.51640, -1.69064, 949.24462, 23.86234, 43.34415,  9.63493
-3.51640, -1.69064, 949.24462, 23.33206, 43.80526,  9.86434
-3.51640, -1.69064, 946.18254, 23.86234, 43.80526,  9.86434
-4.21968, -1.69064, 949.24462, 23.33206, 43.34415,  9.86434
-4.21968, -1.69064, 949.24462, 23.33206, 43.34415,  9.86434
-5.62623, -1.69064, 952.30670, 23.86234, 44.26637,  9.86434
-4.92295, -0.97879, 949.24462, 23.86234, 44.26637,  9.86434
-5.62623, -1.69064, 949.24462, 23.86234, 44.26637,  9.86434
-4.92295, -1.69064, 949.24462, 23.86234, 44.26637, 10.09374
-4.92295, -1.69064, 949.24462, 23.86234, 43.80526,  9.86434
-4.92295, -1.69064, 946.18254, 23.86234, 43.80526, 10.09374
-4.92295, -1.69064, 952.30670, 23.86234, 43.80526, 10.09374
-4.92295, -1.69064, 949.24462, 24.39261, 44.26637, 10.09374
-4.92295, -1.69064, 946.18254, 23.86234, 44.26637, 10.09374
-4.92295, -1.69064, 946.18254, 24.39261, 44.26637, 10.09374
-4.92295, -1.69064, 949.24462, 23.86234, 43.80526, 10.09374
-4.92295, -0.97879, 949.24462, 24.92289, 43.80526, 10.32314
-5.62623, -0.97879, 949.24462, 24.92289, 43.80526,  9.86434
-5.62623, -0.26694, 946.18254, 24.39261, 43.80526,  9.86434
-5.62623, -0.26694, 949.24462, 24.39261, 43.80526,  9.63493
-4.92295, -0.26694, 949.24462, 24.92289, 43.34415,  9.40553
-4.21968, -0.26694, 952.30670, 24.39261, 42.88304,  9.86434
-4.21968, -0.97879, 952.30670, 23.86234, 42.42194, 10.09374
-4.21968, -1.69064, 952.30670, 23.33206, 42.42194, 10.32314
-4.21968, -1.69064, 952.30670, 23.33206, 41.96083, 10.55254
-3.51640, -1.69064, 949.24462, 22.80179, 41.96083, 10.55254
-3.51640, -1.69064, 946.18254, 22.80179, 41.49972, 10.32314
-3.51640, -1.69064, 949.24462, 22.80179, 41.03861, 10.09374
-4.21968, -2.40249, 949.24462, 22.80179, 41.03861, 10.32314
-3.51640, -2.40249, 949.24462, 22.80179, 41.03861, 10.09374
-3.51640, -2.40249, 949.24462, 22.27152, 40.57750, 10.09374
-2.81312, -2.40249, 949.24462, 22.80179, 40.11640, 10.09374
-2.81312, -2.40249, 946.18254, 22.27152, 39.19418,  9.86434
-2.81312, -3.11434, 946.18254, 22.80179, 39.19418, 10.09374
-2.81312, -2.40249, 949.24462, 23.33206, 39.19418, 10.09374
-2.10984, -2.40249, 952.30670, 22.80179, 38.73307, 10.32314
-1.40656, -2.40249, 949.24462, 22.80179, 38.73307, 10.32314
-2.10984, -2.40249, 949.24462, 22.80179, 38.27196, 10.32314
-2.10984, -1.69064, 949.24462, 22.80179, 38.27196, 10.32314
-2.81312, -1.69064, 952.30670, 23.33206, 37.81086, 10.32314
-3.51640, -1.69064, 952.30670, 23.86234, 38.27196, 10.09374
-3.51640, -0.97879, 949.24462, 23.33206, 37.81086, 10.09374
-2.81312, -0.97879, 949.24462, 23.86234, 37.81086,  9.86434
-2.81312, -0.97879, 949.24462, 23.86234, 37.34975,  9.86434
-2.81312, -1.69064, 949.24462, 24.39261, 36.88864,  9.63493
-2.10984, -1.69064, 949.24462, 24.39261, 36.88864,  9.86434
-2.10984, -0.97879, 949.24462, 23.86234, 36.88864,  9.63493
-1.40656, -0.97879, 949.24462, 23.86234, 35.96642,  9.86434
-0.70328, -0.97879, 952.30670, 23.86234, 35.96642, 10.09374
-0.70328, -1.69064, 952.30670, 23.86234, 35.50532, 10.09374
-0.70328, -1.69064, 952.30670, 24.39261, 35.50532, 10.32314
-1.40656, -0.97879, 949.24462, 23.86234, 35.50532, 10.32314
-0.70328, -0.97879, 949.24462, 23.33206, 35.96642, 10.32314
-0.70328, -1.69064, 949.24462, 23.33206, 35.50532, 10.09374
-0.70328, -1.69064, 952.30670, 23.86234, 35.50532, 10.32314
-1.40656, -1.69064, 949.24462, 23.86234, 35.96642, 10.32314
-1.40656, -1.69064, 949.24462, 23.86234, 35.96642, 10.32314
-0.70328, -1.69064, 949.24462, 23.33206, 35.96642, 10.32314
-1.40656, -0.97879, 949.24462, 23.33206, 35.96642, 10.32314
-0.70328, -1.69064, 949.24462, 23.33206, 35.96642, 10.09374
-0.70328, -2.40249, 952.30670, 23.33206, 35.96642, 10.09374
-1.40656, -1.69064, 949.24462, 23.86234, 36.42753, 10.09374
-1.40656, -1.69064, 949.24462, 23.33206, 36.42753, 10.32314
-1.40656, -1.69064, 949.24462, 23.33206, 37.34975, 10.32314
-1.40656, -2.40249, 949.24462, 22.80179, 37.81086, 10.09374
-1.40656, -2.40249, 952.30670, 23.33206, 37.81086, 10.32314
-2.10984, -2.40249, 952.30670, 22.80179, 38.73307, 10.09374
-2.10984, -2.40249, 949.24462, 23.33206, 39.19418, 10.32314
-2.10984, -2.40249, 949.24462, 23.33206, 39.65529, 10.32314
-2.81312, -1.69064, 952.30670, 23.33206, 40.11640, 10.32314
-2.81312, -1.69064, 952.30670, 23.86234, 40.57750, 10.09374
-3.51640, -1.69064, 949.24462, 23.86234, 41.96083, 10.09374
-4.21968, -1.69064, 949.24462, 23.86234, 42.42194, 10.32314
-4.92295, -1.69064, 949.24462, 23.86234, 43.34415, 10.09374
-4.92295, -2.40249, 946.18254, 23.86234, 43.34415, 10.09374
-4.92295, -0.97879, 946.18254, 23.86234, 44.26637, 10.09374
-4.92295, -1.69064, 946.18254, 24.39261, 44.26637,  9.86434
-5.62623, -1.69064, 946.18254, 24.39261, 44.26637,  9.86434
-5.62623, -0.97879, 946.18254, 24.92289, 45.18858,  9.86434
-4.92295, -1.69064, 946.18254, 24.92289, 45.18858, 10.09374
-4.92295, -0.97879, 952.30670, 24.92289, 45.18858, 10.09374
-4.92295, -0.97879, 952.30670, 25.45316, 45.18858,  9.86434
-4.92295, -0.97879, 952.30670, 25.45316, 45.64969, 10.09374
-4.92295, -0.97879, 952.30670, 25.98344, 45.64969, 10.09374
-4.92295, -0.26694, 949.24462, 25.45316, 46.11080, 10.09374
-5.62623, -0.97879, 952.30670, 25.45316, 46.11080, 10.09374
-4.92295, -0.26694, 949.24462, 25.45316, 46.11080, 10.09374
-4.92295, -0.26694, 949.24462, 25.45316, 46.11080, 10.09374
-5.62623, -0.26694, 949.24462, 25.45316, 46.57191, 10.09374
-5.62623, -0.97879, 949.24462, 25.45316, 46.57191, 10.09374
-5.62623, -0.97879, 952.30670, 25.45316, 46.57191, 10.09374
-4.21968, -1.69064, 949.24462, 25.45316, 46.57191, 10.09374
-4.92295, -0.97879, 949.24462, 25.45316, 46.11080, 10.09374
-4.92295, -1.69064, 949.24462, 24.92289, 46.11080, 10.09374
-4.21968, -0.97879, 949.24462, 25.45316, 46.11080, 10.32314
-4.21968, -1.69064, 949.24462, 24.92289, 46.11080, 10.32314
-4.21968, -0.97879, 946.18254, 25.45316, 46.11080, 10.09374
-4.21968, -1.69064, 949.24462, 25.45316, 45.64969, 10.32314
-4.21968, -1.69064, 949.24462, 25.45316, 46.11080,  9.86434
-4.21968, -1.69064, 946.18254, 25.98344, 45.64969, 10.09374
-4.21968, -1.69064, 952.30670, 25.98344, 45.64969, 10.09374
-4.21968, -0.97879, 952.30670, 25.45316, 45.64969, 10.09374
-4.21968, -0.97879, 952.30670, 25.45316, 45.18858, 10.09374
-4.21968, -0.97879, 952.30670, 24.92289, 45.18858, 10.32314
-3.51640, -0.97879, 952.30670, 25.45316, 45.18858, 10.09374
-3.51640, -0.97879, 949.24462, 25.45316, 44.72748, 10.09374
-3.51640, -0.97879, 952.30670, 25.45316, 44.72748,  9.86434
-3.51640, -0.97879, 949.24462, 25.45316, 44.26637,  9.86434
-3.51640, -0.97879, 949.24462, 24.92289, 44.26637,  9.86434
-2.81312, -0.97879, 949.24462, 25.45316, 44.26637, 10.09374
-3.51640, -1.69064, 949.24462, 24.92289, 44.26637,  9.86434
-2.81312, -1.69064, 946.18254, 24.92289, 44.26637,  9.86434
-2.81312, -1.69064, 949.24462, 24.39261, 44.26637,  9.86434
-2.10984, -1.69064, 949.24462, 24.39261, 44.26637,  9.86434
-2.81312, -2.40249, 952.30670, 24.92289, 44.26637,  9.86434
-3.51640, -2.40249, 952.30670, 24.92289, 44.72748,  9.86434
-2.81312, -1.69064, 949.24462, 24.39261, 44.26637,  9.86434
-3.51640, -0.97879, 952.30670, 24.39261, 44.72748,  9.86434
-4.21968, -1.69064, 952.30670, 24.39261, 45.18858,  9.63493
-4.21968, -1.69064, 949.24462, 24.92289, 45.64969,  9.63493
-4.21968, -1.69064, 949.24462, 24.92289, 45.64969,  9.63493
-5.62623, -1.69064, 949.24462, 24.92289, 46.57191,  9.86434
-5.62623, -0.97879, 949.24462, 24.92289, 46.57191,  9.86434
-5.62623, -0.97879, 949.24462, 24.92289, 47.03302,  9.86434
-5.62623, -1.69064, 949.24462, 24.92289, 47.49412,  9.86434
-5.62623, -2.40249, 949.24462, 24.92289, 47.95523,  9.86434
-4.92295, -1.69064, 949.24462, 24.92289, 47.95523,  9.86434
-5.62623, -1.69064, 946.18254, 24.92289, 47.95523,  9.86434
-5.62623, -1.69064, 949.24462, 24.92289, 48.41634,  9.86434
-4.92295, -1.69064, 949.24462, 24.39261, 48.41634, 10.09374
-5.62623, -1.69064, 952.30670, 24.92289, 48.41634, 10.09374
-6.32951, -0.97879, 952.30670, 24.92289, 48.41634, 10.32314
-6.32951, -1.69064, 952.30670, 24.92289, 48.87745, 10.32314
-7.03279, -1.69064, 946.18254, 24.92289, 48.41634, 10.09374
-7.03279, -0.97879, 949.24462, 24.92289, 48.41634,  9.86434
-6.32951, -0.97879, 952.30670, 24.39261, 47.95523,  9.86434
-5.62623, -0.97879, 952.30670, 24.39261, 47.49412,  9.86434
-4.92295, -1.69064, 955.36878, 24.39261, 47.03302,  9.86434
-5.62623, -0.97879, 952.30670, 24.39261, 47.03302,  9.86434
-5.62623, -0.97879, 949.24462, 24.39261, 46.57191,  9.86434
-5.62623, -0.97879, 949.24462, 23.86234, 46.11080,  9.86434
-4.92295, -0.97879, 949.24462, 23.86234, 46.11080,  9.63493
-4.21968, -1.69064, 949.24462, 23.86234, 45.18858,  9.86434
-4.21968, -2.40249, 949.24462, 24.39261, 45.18858,  9.86434
-4.21968, -1.69064, 949.24462, 24.39261, 44.72748,  9.86434
-4.21968, -1.69064, 949.24462, 23.86234, 44.26637,  9.86434
-4.21968, -1.69064, 949.24462, 23.86234, 44.26637, 10.09374
-4.21968, -0.97879, 949.24462, 23.86234, 43.80526,  9.86434
-4.21968, -1.69064, 949.24462, 23.86234, 43.34415,  9.86434
-4.21968, -1.69064, 946.18254, 23.86234, 43.34415, 10.09374
-3.51640, -1.69064, 946.18254, 23.33206, 42.88304, 10.09374
-3.51640, -0.97879, 949.24462, 23.33206, 42.42194, 10.09374
-4.21968, -1.69064, 949.24462, 22.80179, 41.96083,  9.86434
-3.51640, -1.69064, 949.24462, 23.33206, 41.96083, 10.09374
-3.51640, -1.69064, 949.24462, 22.80179, 41.49972,  9.86434
-2.81312, -1.69064, 949.24462, 23.33206, 41.03861, 10.09374
-2.81312, -0.97879, 952.30670, 22.80179, 41.03861, 10.09374
-2.81312, -1.69064, 952.30670, 22.80179, 40.57750, 10.09374
-3.51640, -1.69064, 952.30670, 22.80179, 40.11640,  9.86434
-2.81312, -2.40249, 949.24462, 22.80179, 40.11640,  9.86434
-2.81312, -2.40249, 949.24462, 22.27152, 40.11640, 10.09374
-2.10984, -2.40249, 946.18254, 22.80179, 39.65529, 10.09374
-1.40656, -3.11434, 949.24462, 22.27152, 38.73307, 10.32314
-1.40656, -3.11434, 949.24462, 21.74124, 38.27196, 10.32314
-1.40656, -3.82619, 949.24462, 21.21097, 38.27196, 10.32314
-2.10984, -3.82619, 949.24462, 21.21097, 37.81086, 10.55254
-2.10984, -3.82619, 949.24462, 21.21097, 37.81086, 10.32314
-2.10984, -3.82619, 946.18254, 21.21097, 37.34975, 10.55254
-2.10984, -3.11434, 949.24462, 21.74124, 37.34975, 10.32314
-2.10984, -3.11434, 949.24462, 21.74124, 37.34975, 10.55254
-2.10984, -3.11434, 952.30670, 22.27152, 37.34975, 10.55254
-2.81312, -3.11434, 952.30670, 22.80179, 36.88864, 10.32314
-2.81312, -1.69064, 952.30670, 23.33206, 37.34975, 10.32314
-2.81312, -1.69064, 952.30670, 23.33206, 37.34975, 10.55254
-2.10984, -0.97879, 952.30670, 23.86234, 36.88864, 10.32314
-2.81312, -1.69064, 949.24462, 23.33206, 36.88864, 10.09374
-2.81312, -1.69064, 949.24462, 23.86234, 36.88864, 10.09374
-2.81312, -1.69064, 949.24462, 23.86234, 36.88864, 10.32314
-2.10984, -0.97879, 949.24462, 24.39261, 36.42753, 10.09374
-2.10984, -0.97879, 946.18254, 24.39261, 36.42753,  9.86434
-2.10984, -1.69064, 949.24462, 24.39261, 35.96642, 10.09374
-0.70328, -1.69064, 952.30670, 23.86234, 35.50532, 10.32314
-0.70328, -1.69064, 952.30670, 24.92289, 35.50532, 10.32314
-1.40656, -0.26694, 949.24462, 25.45316, 35.96642, 10.55254
-2.10984, -0.26694, 946.18254, 25.98344, 35.96642, 10.55254
-2.10984, -0.26694, 949.24462, 25.98344, 35.96642, 10.55254
-1.40656, -0.26694, 949.24462, 25.98344, 35.96642, 10.32314
-0.70328, -0.97879, 949.24462, 25.98344, 35.50532, 10.09374
-1.40656, -0.97879, 949.24462, 25.98344, 35.96642,  9.86434
-1.40656, -0.26694, 952.30670, 25.98344, 35.96642,  9.86434
-2.10984,  0.44491, 949.24462, 25.98344, 35.96642,  9.86434
-2.10984, -0.26694, 949.24462, 25.45316, 36.42753,  9.86434
-2.10984, -0.97879, 949.24462, 24.92289, 36.42753,  9.86434
-2.10984, -1.69064, 949.24462, 24.39261, 35.96642, 10.09374
-2.10984, -1.69064, 949.24462, 24.39261, 36.42753, 10.09374
-2.81312, -1.69064, 952.30670, 24.92289, 36.88864, 10.78195
-2.81312, -1.69064, 949.24462, 23.86234, 37.34975, 10.78195
-1.40656, -2.40249, 952.30670, 23.86234, 37.34975, 10.78195
-2.10984, -3.11434, 949.24462, 23.86234, 37.81086, 11.01135
-2.10984, -2.40249, 952.30670, 23.86234, 37.81086, 10.78195
-2.81312, -3.11434, 949.24462, 23.33206, 38.27196, 10.78195
-4.21968, -3.11434, 949.24462, 24.39261, 38.73307, 10.55254
-4.92295, -3.11434, 949.24462, 24.39261, 39.65529, 10.78195
-4.92295, -2.40249, 949.24462, 24.92289, 40.11640, 10.55254
-4.21968, -2.40249, 949.24462, 24.39261, 40.11640, 10.32314
-4.21968, -1.69064, 949.24462, 24.92289, 39.65529, 10.32314
-3.51640, -0.97879, 949.24462, 25.45316, 39.19418, 10.32314
-3.51640, -0.97879, 952.30670, 25.45316, 39.65529, 10.32314
-2.81312, -0.97879, 952.30670, 25.98344, 39.65529, 10.32314
-2.81312, -0.26694, 952.30670, 26.51371, 39.65529, 10.32314
-2.81312, -0.26694, 949.24462, 25.98344, 40.11640, 10.32314
-3.51640, -0.97879, 949.24462, 25.98344, 40.11640, 10.32314
-4.21968, -0.26694, 946.18254, 26.51371, 40.57750, 10.09374
-4.21968, -0.97879, 952.30670, 26.51371, 40.57750, 10.09374
-4.92295, -0.26694, 949.24462, 27.04398, 41.49972, 10.09374
-4.21968, -0.26694, 949.24462, 27.04398, 41.49972,  9.86434
-4.21968, -0.26694, 949.24462, 27.04398, 41.49972,  9.63493
-4.21968, -0.26694, 949.24462, 26.51371, 41.49972,  9.40553
-4.21968, -0.97879, 949.24462, 27.04398, 41.49972,  9.63493
-4.21968, -0.97879, 949.24462, 27.04398, 41.49972,  9.63493
-4.21968, -0.26694, 949.24462, 26.51371, 41.49972,  9.40553
-3.51640, -0.26694, 952.30670, 26.51371, 41.03861,  9.86434
-3.51640, -0.26694, 952.30670, 26.51371, 41.49972,  9.86434
-4.21968, -0.97879, 949.24462, 25.98344, 41.49972, 10.09374
-4.92295, -0.26694, 949.24462, 25.98344, 41.96083, 10.09374
-4.92295, -0.26694, 949.24462, 25.98344, 41.96083, 10.32314
-4.21968, -0.97879, 949.24462, 25.45316, 41.96083, 10.32314
-3.51640, -1.69064, 949.24462, 25.45316, 41.49972, 10.32314
-3.51640, -1.69064, 952.30670, 25.45316, 41.49972, 10.32314
-4.21968, -1.69064, 952.30670, 24.92289, 41.49972, 10.32314
-4.21968, -2.40249, 952.30670, 24.92289, 41.49972, 10.55254
-4.21968, -2.40249, 949.24462, 24.39261, 41.49972, 10.32314
-4.21968, -2.40249, 949.24462, 23.86234, 41.49972, 10.55254
-3.51640, -2.40249, 949.24462, 24.39261, 41.96083, 10.32314
-4.21968, -2.40249, 949.24462, 24.39261, 41.49972, 10.32314
-4.21968, -2.40249, 949.24462, 24.39261, 41.49972, 10.32314
-4.21968, -2.40249, 949.24462, 23.86234, 41.49972, 10.32314
-3.51640, -1.69064, 946.18254, 24.39261, 41.49972, 10.32314
-3.51640, -2.40249, 949.24462, 24.39261, 41.49972, 10.32314
-3.51640, -2.40249, 952.30670, 24.39261, 41.03861, 10.09374
-3.51640, -2.40249, 952.30670, 24.39261, 41.03861, 10.09374
-3.51640, -1.69064, 952.30670, 24.39261, 41.03861, 10.32314
-2.81312, -1.69064, 949.24462, 24.39261, 40.57750, 10.32314
-2.81312, -1.69064, 949.24462, 24.39261, 40.57750, 10.32314
-2.81312, -1.69064, 949.24462, 24.92289, 41.03861, 10.32314
-2.81312, -1.69064, 949.24462, 24.92289, 41.03861, 10.09374
-3.51640, -1.69064, 952.30670, 25.45316, 41.03861, 10.09374
-3.51640, -1.69064, 952.30670, 25.98344, 41.03861, 10.09374
-3.51640, -0.97879, 952.30670, 25.98344, 41.03861, 10.09374
-3.51640, -0.97879, 952.30670, 25.45316, 41.03861, 10.09374
-2.81312, -0.97879, 955.36878, 25.45316, 41.03861, 10.09374
-3.51640, -0.97879, 952.30670, 25.98344, 41.03861, 10.09374
-3.51640, -0.97879, 949.24462, 25.98344, 41.49972,  9.86434
-3.51640, -0.97879, 946.18254, 25.98344, 41.49972,  9.86434
-3.51640, -0.97879, 946.18254, 25.98344, 41.49972,  9.86434
-3.51640, -0.97879, 946.18254, 25.98344, 41.03861,  9.86434
-2.81312, -1.69064, 949.24462, 25.98344, 41.03861, 10.09374
-2.81312, -1.69064, 949.24462, 25.45316, 40.57750, 10.09374
-2.10984, -1.69064, 952.30670, 25.45316, 40.57750, 10.09374
-2.81312, -1.69064, 952.30670, 25.45316, 41.03861, 10.32314
-3.51640, -0.97879, 952.30670, 25.98344, 41.03861, 10.55254
-3.51640, -0.97879, 949.24462, 25.98344, 41.49972, 10.32314
-4.21968, -0.97879, 952.30670, 25.98344, 41.03861, 10.09374
-3.51640, -0.97879, 949.24462, 25.98344, 41.03861,  9.86434
-3.51640, -1.69064, 952.30670, 25.98344, 41.03861, 10.09374
-4.21968, -0.97879, 949.24462, 25.98344, 41.03861, 10.09374
-3.51640, -0.97879, 952.30670, 25.45316, 41.49972, 10.32314
-3.51640, -0.97879, 949.24462, 24.92289, 41.49972, 10.32314
-3.51640, -1.69064, 949.24462, 25.45316, 41.49972, 10.32314
-4.21968, -1.69064, 952.30670, 24.92289, 41.49972, 10.32314
-3.51640, -1.69064, 952.30670, 25.45316, 41.49972, 10.32314
-3.51640, -1.69064, 952.30670, 24.92289, 41.49972, 10.32314
-3.51640, -0.97879, 949.24462, 24.39261, 41.96083, 10.32314
-4.21968, -1.69064, 952.30670, 24.39261, 41.96083, 10.32314
-3.51640, -1.69064, 949.24462, 24.39261, 41.96083, 10.32314
-4.21968, -2.40249, 946.18254, 24.39261, 41.96083, 10.09374
-3.51640, -2.40249, 949.24462, 23.86234, 41.49972, 10.09374
-2.81312, -2.40249, 946.18254, 24.39261, 41.49972, 10.32314
-4.21968, -1.69064, 949.24462, 24.39261, 41.96083, 10.32314
-4.21968, -1.69064, 949.24462, 24.39261, 41.49972, 10.09374
-4.21968, -1.69064, 949.24462, 24.39261, 41.96083, 10.32314
-3.51640, -1.69064, 952.30670, 23.86234, 41.49972, 10.09374
-2.81312, -0.97879, 952.30670, 23.86234, 41.03861,  9.86434
-2.81312, -1.69064, 949.24462, 23.86234, 41.03861,  9.86434
-3.51640, -1.69064, 952.30670, 23.33206, 41.49972, 10.09374
-3.51640, -1.69064, 952.30670, 23.86234, 41.49972, 10.09374
-3.51640, -1.69064, 955.36878, 23.33206, 41.49972, 10.32314
-3.51640, -1.69064, 952.30670, 23.33206, 41.96083,  9.86434
-3.51640, -1.69064, 946.18254, 23.33206, 41.96083,  9.86434
-3.51640, -1.69064, 946.18254, 23.33206, 41.96083,  9.86434
-3.51640, -2.40249, 952.30670, 23.33206, 41.96083,  9.86434
-4.21968, -2.40249, 952.30670, 23.33206, 42.42194, 10.09374
-4.21968, -1.69064, 952.30670, 22.80179, 42.88304, 10.09374
-4.21968, -2.40249, 949.24462, 22.80179, 42.42194, 10.09374
-4.21968, -2.40249, 949.24462, 22.80179, 42.42194, 10.09374
-3.51640, -2.40249, 949.24462, 22.80179, 42.42194, 10.32314
-4.21968, -3.11434, 949.24462, 23.33206, 42.42194, 10.32314
-4.92295, -1.69064, 949.24462, 23.33206, 42.88304, 10.55254
-4.21968, -1.69064, 949.24462, 23.33206, 42.88304, 10.55254
-4.21968, -1.69064, 949.24462, 23.33206, 42.88304, 10.32314
-4.21968, -1.69064, 949.24462, 23.33206, 42.42194, 10.55254
-4.92295, -2.40249, 952.30670, 23.33206, 42.88304, 10.32314
-4.92295, -2.40249, 952.30670, 23.33206, 42.42194, 10.32314
-4.92295, -1.69064, 949.24462, 23.33206, 42.42194, 10.32314
-4.21968, -2.40249, 949.24462, 23.33206, 42.42194, 10.32314
-3.51640, -1.69064, 949.24462, 23.86234, 41.96083, 10.32314
-4.21968, -1.69064, 952.30670, 23.33206, 41.96083, 10.32314
-4.21968, -1.69064, 949.24462, 23.33206, 41.96083, 10.09374
-4.21968, -1.69064, 949.24462, 23.86234, 42.42194, 10.32314
-4.92295, -1.69064, 949.24462, 24.39261, 41.96083, 10.09374
-4.21968, -0.97879, 949.24462, 23.86234, 41.96083, 10.32314
-3.51640, -0.97879, 949.24462, 23.86234, 41.49972, 10.32314
-3.51640, -1.69064, 949.24462, 23.33206, 41.49972, 10.09374
-4.21968, -1.69064, 949.24462, 24.39261, 41.49972, 10.09374
-4.21968, -1.69064, 949.24462, 24.92289, 41.03861, 10.32314
-4.21968, -1.69064, 949.24462, 24.39261, 41.49972, 10.32314
-3.51640, -0.97879, 952.30670, 24.39261, 41.03861, 10.32314
-3.51640, -1.69064, 955.36878, 23.86234, 40.57750, 10.32314
-4.21968, -1.69064, 955.36878, 23.86234, 40.57750, 10.32314
-4.21968, -1.69064, 955.36878, 24.39261, 40.11640, 10.09374
-4.21968, -0.97879, 949.24462, 24.39261, 40.11640, 10.09374
-4.92295, -0.97879, 946.18254, 24.92289, 40.11640, 10.09374
-4.21968, -0.26694, 946.18254, 24.92289, 39.65529,  9.86434
-4.21968, -0.97879, 946.18254, 24.92289, 39.19418,  9.86434
-3.51640, -0.97879, 949.24462, 24.39261, 39.19418,  9.86434
-2.81312, -1.69064, 952.30670, 24.92289, 38.73307,  9.63493
-2.81312, -1.69064, 949.24462, 24.92289, 38.27196,  9.63493
-1.40656, -1.69064, 952.30670, 24.92289, 37.81086,  9.63493
-1.40656, -0.97879, 949.24462, 24.39261, 37.34975,  9.86434
-2.10984, -0.97879, 952.30670, 24.39261, 37.34975, 10.09374
-2.10984, -0.97879, 952.30670, 24.39261, 36.88864, 10.09374
-2.81312, -0.97879, 952.30670, 24.92289, 36.88864, 10.32314
-2.81312, -0.97879, 949.24462, 24.39261, 36.88864, 10.32314
-2.81312, -0.97879, 949.24462, 23.86234, 36.88864, 10.32314
-2.10984, -1.69064, 952.30670, 23.86234, 36.42753, 10.55254
-1.40656, -1.69064, 952.30670, 23.86234, 36.42753, 10.32314
-1.40656, -1.69064, 952.30670, 23.33206, 36.42753, 10.55254
-2.81312, -1.69064, 949.24462, 23.86234, 36.42753, 10.55254
-2.81312, -1.69064, 949.24462, 23.86234, 36.42753, 10.55254
-2.10984, -2.40249, 949.24462, 23.33206, 36.88864, 10.55254
-1.40656, -2.40249, 949.24462, 23.33206, 36.42753, 10.55254
-2.10984, -3.11434, 949.24462, 22.80179, 36.88864, 10.78195
-2.81312, -2.40249, 952.30670, 23.33206, 37.34975, 10.78195
-3.51640, -1.69064, 949.24462, 23.86234, 37.34975, 10.78195
-3.51640, -1.69064, 949.24462, 24.39261, 38.27196, 10.55254
-3.51640, -1.69064, 946.18254, 24.39261, 37.81086, 10.32314
-3.51640, -1.69064, 949.24462, 24.92289, 37.81086, 10.55254
-2.81312, -0.97879, 952.30670, 24.39261, 37.81086, 10.32314
-2.81312, -0.97879, 952.30670, 24.92289, 37.81086, 10.32314
-2.81312, -0.97879, 952.30670, 24.92289, 37.81086, 10.32314
-3.51640, -0.97879, 949.24462, 24.92289, 37.81086, 10.09374
-2.81312, -0.97879, 949.24462, 25.45316, 37.34975, 10.09374
-2.81312, -0.97879, 952.30670, 24.92289, 36.88864, 10.09374
-2.81312, -0.97879, 952.30670, 24.92289, 36.88864, 10.32314
-2.81312, -0.26694, 949.24462, 25.45316, 37.34975, 10.09374
-3.51640, -0.26694, 949.24462, 24.92289, 37.34975,  9.86434
-3.51640, -0.97879, 949.24462, 25.45316, 37.81086,  9.86434
-4.21968, -1.69064, 949.24462, 25.45316, 38.27196, 10.09374
-4.21968, -0.97879, 946.18254, 25.45316, 38.27196, 10.09374
-3.51640, -0.97879, 949.24462, 25.45316, 38.73307, 10.09374
-3.51640, -0.26694, 949.24462, 25.45316, 38.73307, 10.09374
-4.21968, -0.26694, 949.24462, 24.92289, 38.73307, 10.32314
-4.21968, -0.97879, 952.30670, 25.45316, 38.73307, 10.09374
-4.21968, -0.97879, 952.30670, 25.45316, 38.73307, 10.09374
-4.21968, -0.97879, 949.24462, 24.92289, 38.73307, 10.09374
-4.21968, -0.26694, 949.24462, 24.92289, 38.73307, 10.09374
-4.21968, -0.26694, 952.30670, 25.45316, 38.27196, 10.09374
-3.51640, -0.26694, 952.30670, 24.92289, 38.27196, 10.09374
-4.21968, -0.26694, 952.30670, 24.92289, 38.73307, 10.09374
-4.21968, -0.26694, 952.30670, 24.39261, 38.27196, 10.09374
-4.21968, -0.97879, 952.30670, 24.39261, 38.73307, 10.09374
-4.21968, -0.97879, 949.24462, 24.39261, 38.73307, 10.32314
-4.21968, -1.69064, 949.24462, 23.86234, 38.27196, 10.55254
-3.51640, -0.97879, 949.24462, 23.33206, 38.27196, 10.55254
-3.51640, -0.97879, 949.24462, 23.33206, 38.27196, 10.55254
-4.21968, -0.97879, 949.24462, 23.33206, 38.27196, 10.55254
-3.51640, -2.40249, 949.24462, 22.80179, 38.27196, 10.55254
-4.21968, -2.40249, 949.24462, 22.80179, 38.27196, 10.55254
-3.51640, -1.69064, 949.24462, 22.27152, 38.27196, 10.32314
-4.92295, -1.69064, 949.24462, 22.27152, 38.27196, 10.32314
-4.92295, -2.40249, 949.24462, 22.27152, 38.27196, 10.32314
-4.21968, -1.69064, 949.24462, 22.27152, 38.27196, 10.55254
-4.21968, -2.40249, 949.24462, 21.74124, 38.27196, 10.32314
-4.21968, -1.69064, 949.24462, 21.74124, 38.27196, 10.32314
-3.51640, -1.69064, 949.24462, 21.74124, 37.81086, 10.32314
-3.51640, -2.40249, 952.30670, 21.74124, 37.34975, 10.32314
-3.51640, -2.40249, 949.24462, 21.74124, 37.34975, 10.55254
-3.51640, -2.40249, 949.24462, 21.21097, 37.34975, 10.55254
-3.51640, -2.40249, 952.30670, 21.21097, 37.34975, 10.55254
-3.51640, -2.40249, 949.24462, 21.21097, 37.34975, 10.55254
-3.51640, -3.11434, 949.24462, 21.21097, 37.34975, 10.55254
-2.81312, -3.11434, 949.24462, 21.21097, 36.88864, 10.55254
-3.51640, -3.11434, 949.24462, 21.74124, 36.88864, 10.78195
-2.81312, -2.40249, 952.30670, 21.21097, 36.88864, 10.78195
-2.81312, -3.11434, 949.24462, 21.21097, 36.88864, 10.55254
-2.81312, -2.40249, 949.24462, 21.74124, 36.88864, 10.55254
-2.81312, -2.40249, 946.18254, 22.27152, 36.88864, 10.32314
-3.51640, -2.40249, 949.24462, 22.27152, 36.88864, 10.32314
-3.51640, -1.69064, 949.24462, 23.33206, 36.88864, 10.32314
-4.21968, -0.97879, 952.30670, 23.33206, 36.88864, 10.32314
-4.21968, -0.26694, 949.24462, 23.33206, 36.88864, 10.09374
-4.21968, -0.26694, 949.24462, 23.86234, 36.88864, 10.09374
-3.51640, -0.26694, 949.24462, 24.39261, 36.42753,  9.86434
-4.21968, -0.26694, 949.24462, 24.39261, 35.96642,  9.86434
-4.21968, -0.26694, 946.18254, 24.39261, 35.96642, 10.09374
-4.21968,  0.44491, 949.24462, 24.39261, 35.96642, 10.09374
-4.92295, -0.26694, 949.24462, 23.86234, 35.96642, 10.09374
-4.21968, -0.26694, 952.30670, 23.86234, 35.50532, 10.09374
-2.81312, -0.97879, 952.30670, 23.86234, 35.04421, 10.09374
-2.81312, -0.97879, 952.30670, 23.86234, 35.04421, 10.32314
-3.51640, -0.97879, 952.30670, 23.33206, 35.96642, 10.55254
-3.51640, -0.97879, 952.30670, 22.80179, 35.96642, 10.78195
-4.21968, -1.69064, 949.24462, 22.27152, 35.96642, 10.78195
-3.51640, -1.69064, 949.24462, 21.74124, 35.96642, 10.78195
-2.81312, -3.11434, 949.24462, 21.74124, 35.50532, 10.78195
-2.81312, -3.11434, 949.24462, 21.74124, 35.50532, 10.55254
-2.81312, -3.11434, 949.24462, 22.27152, 35.50532, 10.55254
-2.81312, -2.40249, 949.24462, 21.74124, 35.50532, 10.55254
-2.81312, -3.11434, 949.24462, 21.21097, 35.04421, 10.32314
-2.81312, -3.11434, 952.30670, 21.74124, 34.58310, 10.32314
-2.10984, -3.82619, 949.24462, 22.27152, 34.12199, 10.09374
-2.10984, -3.11434, 946.18254, 21.74124, 34.12199, 10.32314
-2.81312, -3.11434, 949.24462, 21.21097, 34.12199, 10.55254
-2.81312, -2.40249, 946.18254, 21.74124, 34.58310, 10.55254
-2.10984, -2.40249, 946.18254, 21.74124, 34.12199, 10.78195
-2.10984, -2.40249, 949.24462, 22.27152, 34.12199, 10.78195
-2.10984, -1.69064, 949.24462, 22.27152, 33.66088, 11.01135
-2.10984, -1.69064, 952.30670, 22.80179, 34.12199, 10.55254
-2.81312, -1.69064, 949.24462, 23.33206, 34.12199, 10.78195
-2.81312, -0.26694, 952.30670, 23.86234, 34.58310, 10.55254
-3.51640, -0.26694, 949.24462, 24.39261, 34.58310, 10.55254
-3.51640, -0.26694, 952.30670, 24.92289, 34.58310, 10.32314
-2.81312, -0.26694, 952.30670, 25.45316, 34.12199, 10.32314
-2.81312,  0.44491, 952.30670, 25.45316, 34.12199, 10.32314
-2.81312,  0.44491, 952.30670, 25.45316, 33.66088, 10.55254
-2.81312, -0.26694, 949.24462, 24.92289, 33.66088, 10.09374
-2.10984, -0.26694, 949.24462, 24.92289, 33.66088, 10.09374
-2.10984, -0.97879, 949.24462, 25.45316, 34.12199, 10.32314
-2.10984, -0.97879, 949.24462, 25.45316, 34.12199, 10.32314
-2.10984, -0.26694, 952.30670, 24.92289, 34.58310, 10.55254
-2.10984, -0.97879, 952.30670, 24.39261, 34.58310, 10.55254
-2.10984, -0.97879, 952.30670, 23.86234, 35.04421, 10.78195
-2.10984, -1.69064, 952.30670, 24.39261, 35.04421, 10.55254
-2.81312, -1.69064, 949.24462, 23.86234, 35.96642, 10.55254
-3.51640, -1.69064, 949.24462, 24.39261, 36.42753, 10.55254
-3.51640, -1.69064, 949.24462, 23.86234, 36.42753, 10.32314
-3.51640, -1.69064, 952.30670, 24.39261, 36.88864, 10.32314
-4.21968, -0.97879, 949.24462, 24.39261, 36.88864, 10.55254
-3.51640, -1.69064, 952.30670, 24.39261, 36.88864, 10.55254
-4.21968, -1.69064, 949.24462, 23.86234, 37.81086, 10.32314
-4.21968, -0.97879, 952.30670, 23.86234, 37.81086, 10.32314
-4.92295, -1.69064, 952.30670, 24.39261, 38.73307, 10.32314
-4.92295, -0.97879, 946.18254, 23.86234, 38.73307, 10.55254
-4.92295, -0.97879, 949.24462, 23.86234, 38.73307, 10.32314
-4.92295, -1.69064, 949.24462, 23.33206, 38.73307, 10.32314
-4.21968, -1.69064, 946.18254, 23.33206, 39.19418, 10.32314
-4.92295, -2.40249, 946.18254, 23.86234, 38.73307, 10.32314
-4.21968, -1.69064, 949.24462, 23.86234, 38.73307, 10.32314
-3.51640, -1.69064, 952.30670, 23.86234, 38.73307, 10.32314
-3.51640, -1.69064, 955.36878, 23.86234, 38.73307, 10.32314
-3.51640, -1.69064, 952.30670, 23.86234, 38.73307, 10.09374
-4.21968, -1.69064, 949.24462, 24.39261, 39.19418, 10.09374
-4.92295, -1.69064, 949.24462, 24.92289, 39.19418, 10.09374
-5.62623, -0.97879, 949.24462, 25.45316, 40.11640, 10.32314
-4.92295, -0.26694, 949.24462, 25.45316, 39.65529, 10.09374
-4.92295, -0.26694, 949.24462, 24.92289, 39.65529, 10.09374
-4.21968, -0.97879, 952.30670, 24.92289, 39.65529, 10.09374
-4.92295, -0.97879, 952.30670, 24.92289, 39.65529, 10.09374
-4.92295, -0.97879, 952.30670, 25.45316, 39.19418, 10.32314
-5.62623, -0.26694, 949.24462, 24.92289, 39.65529, 10.55254
-4.21968, -0.97879, 949.24462, 25.45316, 39.65529, 10.55254
-4.21968, -0.97879, 949.24462, 24.92289, 39.19418, 10.32314
-4.21968, -0.97879, 952.30670, 24.39261, 39.19418, 10.32314
-3.51640, -1.69064, 949.24462, 24.92289, 38.73307, 10.32314
-3.51640, -1.69064, 949.24462, 24.92289, 38.73307, 10.09374
-3.51640, -0.97879, 949.24462, 24.92289, 38.73307, 10.55254
-4.21968, -1.69064, 952.30670, 24.39261, 39.19418, 10.55254
-4.21968, -0.97879, 949.24462, 24.39261, 39.19418, 10.78195
-4.92295, -0.97879, 952.30670, 24.92289, 39.19418, 10.78195
-4.21968, -1.69064, 949.24462, 24.92289, 39.19418, 10.55254
-4.21968, -0.97879, 949.24462, 24.39261, 38.73307, 10.55254
-4.92295, -0.26694, 949.24462, 24.92289, 39.19418, 10.55254
-5.62623, -0.26694, 952.30670, 24.92289, 39.19418, 10.55254
-5.62623, -0.26694, 949.24462, 24.92289, 39.19418, 10.32314
-4.92295, -0.26694, 952.30670, 24.39261, 38.73307, 10.09374
-4.21968, -0.97879, 949.24462, 24.39261, 38.27196, 10.32314
-3.51640, -0.97879, 949.24462, 24.39261, 37.81086, 10.09374
-3.51640, -1.69064, 949.24462, 23.86234, 37.34975, 10.09374
-3.51640, -1.69064, 949.24462, 23.86234, 37.34975, 10.32314
-3.51640, -1.69064, 949.24462, 23.33206, 37.34975, 10.32314
-2.81312, -1.69064, 949.24462, 23.33206, 37.34975, 10.09374
-2.10984, -2.40249, 949.24462, 22.80179, 36.88864, 10.32314
-2.81312, -2.40249, 949.24462, 23.33206, 36.88864, 10.09374
-2.81312, -2.40249, 949.24462, 23.33206, 36.42753, 10.09374
-2.81312, -2.40249, 949.24462, 22.80179, 36.88864, 10.09374
-2.81312, -1.69064, 949.24462, 22.80179, 36.88864, 10.09374
-2.81312, -1.69064, 949.24462, 23.86234, 36.88864, 10.09374
-3.51640, -1.69064, 949.24462, 23.33206, 37.34975, 10.09374
-4.21968, -1.69064, 949.24462, 23.33206, 37.34975, 10.09374
-4.21968, -1.69064, 949.24462, 23.33206, 37.34975, 10.32314
-3.51640, -1.69064, 949.24462, 23.33206, 37.34975, 10.55254
-4.21968, -0.97879, 952.30670, 22.80179, 37.34975, 10.55254
-3.51640, -0.97879, 949.24462, 23.33206, 37.81086, 10.32314
-3.51640, -2.40249, 949.24462, 22.80179, 37.81086, 10.32314
-4.21968, -2.40249, 949.24462, 22.80179, 38.27196, 10.55254
-3.51640, -1.69064, 949.24462, 23.33206, 38.27196, 10.55254
-4.21968, -1.69064, 949.24462, 23.33206, 38.73307, 10.78195
-4.92295, -1.69064, 949.24462, 23.33206, 38.27196, 10.78195
-4.21968, -1.69064, 949.24462, 22.80179, 39.19418, 11.01135
-4.21968, -0.97879, 949.24462, 22.27152, 39.19418, 10.78195
-4.92295, -1.69064, 949.24462, 22.27152, 39.19418, 10.78195
-4.21968, -1.69064, 949.24462, 22.80179, 39.65529, 10.55254
-4.21968, -1.69064, 949.24462, 23.33206, 38.73307, 10.55254
-4.21968, -1.69064, 949.24462, 23.33206, 38.73307, 10.55254
-4.21968, -0.97879, 946.18254, 22.80179, 39.19418, 10.55254
-4.21968, -0.97879, 946.18254, 23.33206, 38.73307, 10.55254
-4.21968, -0.97879, 946.18254, 22.80179, 38.73307, 10.32314
-4.21968, -1.69064, 949.24462, 22.80179, 38.27196, 10.32314
-4.21968, -0.97879, 949.24462, 22.27152, 38.27196, 10.32314
-4.21968, -0.97879, 949.24462, 22.80179, 38.73307, 10.32314
-4.21968, -0.26694, 949.24462, 22.80179, 38.73307, 10.32314
-4.21968, -0.97879, 946.18254, 22.80179, 38.27196, 10.32314
-3.51640, -1.69064, 949.24462, 21.74124, 38.73307, 10.32314
-2.81312, -1.69064, 949.24462, 22.27152, 38.27196, 10.32314
-2.81312, -1.69064, 952.30670, 21.74124, 37.81086, 10.32314
-2.81312, -1.69064, 952.30670, 22.27152, 37.81086, 10.32314
-3.51640, -1.69064, 952.30670, 21.74124, 37.81086, 10.32314
-3.51640, -1.69064, 949.24462, 21.74124, 37.81086, 10.32314
-3.51640, -1.69064, 949.24462, 21.74124, 37.81086, 10.09374
-4.21968, -1.69064, 946.18254, 21.74124, 37.81086, 10.09374
-4.21968, -1.69064, 949.24462, 22.27152, 37.34975, 10.32314
-4.21968, -1.69064, 952.30670, 22.27152, 37.34975, 10.32314
-3.51640, -1.69064, 949.24462, 21.74124, 37.34975, 10.55254
-3.51640, -1.69064, 949.24462, 21.21097, 36.88864, 10.55254
-2.81312, -3.11434, 952.30670, 21.74124, 36.42753, 10.32314
-2.10984, -3.11434, 949.24462, 21.21097, 36.42753, 10.55254
-2.10984, -3.11434, 949.24462, 21.21097, 35.96642, 10.55254
-2.10984, -3.11434, 952.30670, 20.68069, 35.50532, 10.78195
-2.10984, -3.11434, 949.24462, 20.15042, 35.50532, 10.78195
-2.10984, -3.11434, 949.24462, 20.15042, 35.50532, 10.78195
-2.81312, -3.82619, 949.24462, 20.68069, 35.50532, 10.55254
-2.81312, -3.11434, 949.24462, 21.21097, 35.50532, 10.55254
-2.81312, -2.40249, 949.24462, 21.21097, 35.50532, 10.55254
-2.81312, -2.40249, 949.24462, 21.74124, 35.96642, 10.55254
-2.81312, -1.69064, 949.24462, 21.74124, 35.96642, 10.32314
-2.81312, -1.69064, 949.24462, 22.27152, 36.42753, 10.32314
-2.81312, -1.69064, 949.24462, 22.27152, 36.42753, 10.55254
-2.81312, -1.69064, 949.24462, 22.27152, 36.88864, 10.55254
-2.81312, -0.97879, 952.30670, 22.80179, 36.88864, 10.55254
-3.51640, -0.97879, 949.24462, 23.33206, 37.81086, 10.55254
-3.51640, -0.97879, 949.24462, 22.80179, 37.81086, 10.55254
-4.21968, -0.97879, 949.24462, 22.80179, 38.27196, 10.55254
-4.21968, -0.97879, 949.24462, 23.33206, 38.27196, 10.55254
-4.21968, -0.97879, 952.30670, 23.33206, 38.27196, 10.55254
-4.21968, -0.97879, 952.30670, 23.86234, 38.73307, 10.55254
-4.21968, -1.69064, 952.30670, 23.33206, 38.73307, 10.32314
-4.21968, -0.97879, 949.24462, 23.86234, 38.73307, 10.32314
-3.51640, -1.69064, 949.24462, 23.86234, 39.19418, 10.32314
-3.51640, -1.69064, 946.18254, 23.86234, 38.73307, 10.32314
-2.81312, -1.69064, 949.24462, 24.39261, 38.73307, 10.32314
-3.51640, -0.97879, 949.24462, 24.39261, 39.19418, 10.32314
-4.21968, -0.97879, 949.24462, 24.39261, 39.65529, 10.32314
-3.51640, -0.97879, 949.24462, 24.39261, 39.65529, 10.32314
-3.51640, -0.97879, 949.24462, 24.92289, 39.65529, 10.32314
-3.51640, -0.26694, 949.24462, 24.92289, 39.65529, 10.09374
-4.21968, -0.26694, 949.24462, 24.92289, 39.65529, 10.09374
-4.92295, -0.26694, 952.30670, 25.45316, 40.11640, 10.09374
-4.92295,  0.44491, 952.30670, 25.45316, 40.11640, 10.09374
-4.92295, -0.26694, 949.24462, 25.45316, 40.57750,  9.86434
-4.21968, -0.26694, 949.24462, 25.45316, 40.57750,  9.86434
-4.21968, -0.97879, 949.24462, 25.98344, 40.11640,  9.86434
-4.21968, -0.97879, 949.24462, 24.92289, 40.57750,  9.86434
-4.21968, -0.97879, 949.24462, 25.45316, 40.11640, 10.09374
-3.51640, -0.97879, 949.24462, 24.92289, 40.57750, 10.09374
-4.21968, -0.97879, 949.24462, 24.92289, 40.57750, 10.09374
-4.21968, -1.69064, 949.24462, 24.92289, 41.03861, 10.32314
-4.92295, -0.97879, 946.18254, 24.92289, 41.03861, 10.32314
-5.62623, -1.69064, 949.24462, 24.92289, 41.49972, 10.32314
-5.62623, -0.97879, 949.24462, 24.92289, 41.49972, 10.55254
-5.62623, -0.97879, 949.24462, 25.45316, 41.96083, 10.55254
-5.62623, -0.97879, 949.24462, 24.92289, 41.49972, 10.55254
-4.92295, -1.69064, 949.24462, 24.92289, 41.49972, 10.55254
-4.21968, -1.69064, 952.30670, 24.39261, 41.03861, 10.55254
-4.21968, -0.97879, 952.30670, 24.39261, 41.03861, 10.32314
-5.62623, -0.97879, 949.24462, 24.39261, 41.03861, 10.55254
-5.62623, -0.26694, 952.30670, 24.92289, 41.03861, 10.32314
-4.92295, -0.26694, 949.24462, 24.92289, 41.49972, 10.32314
-4.21968, -1.69064, 949.24462, 24.39261, 40.57750, 10.09374
-4.21968, -0.97879, 949.24462, 24.39261, 40.57750, 10.09374
-2.81312, -1.69064, 949.24462, 24.39261, 40.11640, 10.09374
-3.51640, -1.69064, 949.24462, 24.92289, 40.11640, 10.09374
-4.21968, -1.69064, 946.18254, 24.39261, 40.11640, 10.09374
-3.51640, -0.97879, 946.18254, 24.39261, 40.11640, 10.09374
-3.51640, -1.69064, 949.24462, 24.39261, 39.65529, 10.32314
-2.81312, -1.69064, 952.30670, 24.39261, 39.65529, 10.09374
-2.81312, -1.69064, 952.30670, 24.92289, 39.65529, 10.09374
-4.21968, -0.97879, 952.30670, 24.39261, 40.11640, 10.09374
-3.51640, -0.97879, 949.24462, 24.92289, 40.11640, 10.09374
-3.51640, -0.26694, 949.24462, 25.45316, 39.65529, 10.32314
-3.51640, -0.26694, 949.24462, 25.45316, 39.65529, 10.09374
-3.51640, -0.26694, 952.30670, 25.45316, 39.65529, 10.09374
-4.21968, -0.26694, 949.24462, 25.98344, 40.11640, 10.32314
-5.62623, -0.26694, 949.24462, 25.45316, 40.11640, 10.32314
-4.92295, -0.97879, 949.24462, 25.45316, 40.11640, 10.32314
-4.21968, -0.97879, 949.24462, 24.92289, 39.65529, 10.32314
-3.51640, -0.97879, 949.24462, 24.39261, 39.19418, 10.55254
-3.51640, -0.97879, 949.24462, 24.92289, 39.19418, 10.32314
-4.21968, -1.69064, 949.24462, 24.92289, 39.19418, 10.55254
-4.21968, -0.97879, 949.24462, 24.92289, 39.19418, 10.55254
-4.21968, -0.97879, 949.24462, 24.39261, 39.19418, 10.55254
-4.21968, -0.97879, 949.24462, 24.39261, 39.19418, 10.55254
-3.51640, -1.69064, 949.24462, 24.39261, 38.73307, 10.32314
-3.51640, -0.97879, 952.30670, 24.39261, 38.73307, 10.32314
-3.51640, -0.97879, 949.24462, 24.39261, 38.73307, 10.32314
-3.51640, -0.97879, 952.30670, 24.92289, 38.73307, 10.32314
-2.81312, -0.97879, 949.24462, 24.39261, 39.19418, 10.32314
-3.51640, -0.97879, 952.30670, 23.86234, 38.73307, 10.32314
-3.51640, -0.97879, 949.24462, 23.33206, 39.19418, 10.32314
-3.51640, -0.97879, 949.24462, 23.86234, 38.73307, 10.32314
-4.21968, -0.97879, 952.30670, 23.86234, 38.73307, 10.32314
-4.21968, -0.26694, 952.30670, 23.86234, 39.19418, 10.09374
-3.51640, -0.97879, 949.24462, 23.86234, 38.73307, 10.32314
-2.81312, -0.97879, 949.24462, 23.33206, 38.73307, 10.09374
-3.51640, -0.97879, 949.24462, 22.80179, 38.73307, 10.32314
-3.51640, -1.69064, 946.18254, 22.80179, 39.19418, 10.09374
-3.51640, -1.69064, 946.18254, 21.74124, 39.19418, 10.32314
-4.21968, -1.69064, 946.18254, 22.80179, 39.19418, 10.32314
-4.21968, -1.69064, 949.24462, 22.27152, 39.19418, 10.32314
-3.51640, -1.69064, 949.24462, 21.74124, 39.19418, 10.32314
-3.51640, -2.40249, 949.24462, 21.74124, 39.19418, 10.32314
-3.51640, -3.11434, 952.30670, 21.74124, 39.19418, 10.32314
-4.21968, -2.40249, 949.24462, 21.74124, 39.65529, 10.32314
-4.92295, -1.69064, 949.24462, 21.74124, 39.65529, 10.32314
-4.92295, -2.40249, 949.24462, 21.74124, 39.65529, 10.32314
-4.92295, -2.40249, 952.30670, 21.74124, 39.19418, 10.32314
-4.92295, -2.40249, 949.24462, 22.27152, 39.19418, 10.09374
-5.62623, -2.40249, 949.24462, 21.74124, 39.19418, 10.09374
-4.92295, -2.40249, 949.24462, 22.27152, 39.19418, 10.09374
-4.92295, -2.40249, 949.24462, 22.27152, 38.73307, 10.32314
-4.21968, -1.69064, 949.24462, 21.74124, 39.19418, 10.32314
-4.92295, -1.69064, 949.24462, 21.74124, 38.27196, 10.55254
-4.92295, -1.69064, 949.24462, 21.21097, 38.73307, 10.55254
-3.51640, -2.40249, 952.30670, 20.68069, 38.27196, 10.55254
-4.21968, -3.11434, 952.30670, 20.68069, 38.27196, 10.55254
-4.21968, -2.40249, 949.24462, 21.21097, 38.27196, 10.55254
-3.51640, -3.11434, 949.24462, 21.74124, 37.81086, 10.55254
-3.51640, -2.40249, 949.24462, 21.74124, 36.88864, 10.55254
-3.51640, -2.40249, 952.30670, 21.21097, 37.34975, 10.32314
-3.51640, -2.40249, 949.24462, 21.21097, 36.88864, 10.32314
-3.51640, -1.69064, 949.24462, 21.21097, 36.88864, 10.09374
-2.81312, -1.69064, 949.24462, 21.74124, 36.88864, 10.32314
-2.81312, -2.40249, 946.18254, 21.21097, 36.42753, 10.32314
-2.10984, -2.40249, 949.24462, 21.74124, 35.96642, 10.32314
-2.10984, -2.40249, 949.24462, 21.21097, 35.96642, 10.32314
-2.10984, -1.69064, 949.24462, 21.21097, 35.96642, 10.32314
-2.81312, -1.69064, 952.30670, 21.74124, 35.50532, 10.55254
