
-7.03279,  2.84740, 910.58587, 36.39007, -53.48853, 12.84658
-6.32951,  2.13555, 913.64795, 35.85979, -53.94964, 12.61717
-5.62623,  2.13555, 913.64795, 34.79924, -54.87185, 12.61717
-5.62623,  0.00000, 916.71003, 34.26897, -55.33296, 12.61717
-6.32951,  0.71185, 913.64795, 34.26897, -55.79407, 12.38777
-5.62623, -0.71185, 913.64795, 32.67815, -55.33296, 12.38777
-6.32951, -0.71185, 910.58587, 32.67815, -54.87185, 12.15837
-7.03279, -2.13555, 916.71003, 32.14787, -54.41074, 12.38777
-7.73607, -1.42370, 916.71003, 32.14787, -54.41074, 12.61717
-7.03279, -1.42370, 919.77211, 32.14787, -54.41074, 12.84658
-7.03279, -1.42370, 919.77211, 32.14787, -54.41074, 12.84658
-7.03279, -2.84740, 913.64795, 32.67815, -54.87185, 12.61717
-7.03279, -3.55925, 913.64795, 32.67815, -54.87185, 12.61717
-5.62623, -2.84740, 913.64795, 32.67815, -54.87185, 12.15837
-5.62623, -2.84740, 913.64795, 32.14787, -55.33296, 11.92896
-4.92295, -2.84740, 913.64795, 32.14787, -56.25518, 11.92896
-4.21968, -2.84740, 913.64795, 32.67815, -56.25518, 11.92896
-5.62623, -2.84740, 910.58587, 33.20842, -56.25518, 11.92896
-5.62623, -2.84740, 907.52379, 33.20842, -56.25518, 11.92896
-5.62623, -2.84740, 910.58587, 32.14787, -56.25518, 11.69956
-5.62623, -2.84740, 913.64795, 31.61760, -56.25518, 12.15837
-6.32951, -2.84740, 913.64795, 32.14787, -55.79407, 11.92896
-7.03279, -2.13555, 913.64795, 32.67815, -55.79407, 12.38777
-6.32951, -1.42370, 916.71003, 32.67815, -55.79407, 12.61717
-6.32951, -2.13555, 913.64795, 32.14787, -54.87185, 12.38777
-7.03279, -2.13555, 913.64795, 31.61760, -54.87185, 12.38777
-7.73607, -2.84740, 913.64795, 31.08732, -54.87185, 12.61717
-7.03279, -2.13555, 916.71003, 30.55705, -54.87185, 12.61717
-6.32951, -2.13555, 919.77211, 30.55705, -54.87185, 13.07598
-6.32951, -2.84740, 919.77211, 31.61760, -54.87185, 13.07598
-8.43935, -2.84740, 916.71003, 32.14787, -53.94964, 12.84658
-8.43935, -1.42370, 913.64795, 33.20842, -53.94964, 12.84658
-7.73607, -0.71185, 913.64795, 33.20842, -53.94964, 12.61717
-7.03279, -0.71185, 916.71003, 33.20842, -54.87185, 12.38777
-7.03279, -1.42370, 916.71003, 34.26897, -55.33296, 12.38777
-5.62623, -1.42370, 919.77211, 33.73870, -56.25518, 12.15837
-4.21968, -1.42370, 916.71003, 33.73870, -56.71628, 11.92896
-4.92295, -1.42370, 913.64795, 33.73870, -56.71628, 11.92896
-4.92295, -1.42370, 913.64795, 33.73870, -56.71628, 11.92896
-4.92295, -1.42370, 916.71003, 33.73870, -56.71628, 12.15837
-4.92295, -2.13555, 913.64795, 33.73870, -57.63850, 12.15837
-4.92295, -2.13555, 910.58587, 33.73870, -57.63850, 12.38777
-4.21968, -1.42370, 913.64795, 34.26897, -58.09961, 12.15837
-3.51640, -1.42370, 916.71003, 34.26897, -58.56072, 12.38777
-3.51640, -2.13555, 916.71003, 34.26897, -59.02182, 12.15837
-3.51640, -3.55925, 916.71003, 34.26897, -59.02182, 12.15837
-4.21968, -3.55925, 913.64795, 34.26897, -59.02182, 12.38777
-4.21968, -2.84740, 913.64795, 34.26897, -59.48293, 12.61717
-3.51640, -2.13555, 913.64795, 33.73870, -59.94404, 12.84658
-2.81312, -2.13555, 916.71003, 33.20842, -60.40515, 13.07598
-2.81312, -2.84740, 913.64795, 33.73870, -60.40515, 12.84658
-3.51640, -2.84740, 916.71003, 35.32952, -60.40515, 12.84658
-2.81312, -2.13555, 913.64795, 35.32952, -60.40515, 13.07598
-2.81312, -2.13555, 913.64795, 34.79924, -60.40515, 13.07598
-2.81312, -2.13555, 913.64795, 34.79924, -59.94404, 13.07598
-2.10984, -2.13555, 916.71003, 34.79924, -59.94404, 13.07598
-3.51640, -2.13555, 916.71003, 35.32952, -59.48293, 13.07598
-3.51640, -0.71185, 913.64795, 36.39007, -59.02182, 12.84658
-4.21968,  0.00000, 913.64795, 36.92034, -58.56072, 13.30538
-4.21968,  0.00000, 913.64795, 37.45062, -57.63850, 13.07598
-4.92295,  0.00000, 916.71003, 37.98089, -57.63850, 13.07598
-4.92295,  0.00000, 916.71003, 37.98089, -56.71628, 13.07598
-4.92295,  1.42370, 916.71003, 39.04144, -56.25518, 12.84658
-4.21968,  1.42370, 916.71003, 39.04144, -55.33296, 12.84658
-4.21968,  0.71185, 916.71003, 39.57171, -55.33296, 12.38777
-4.21968,  0.71185, 916.71003, 37.98089, -54.87185, 12.38777
-6.32951, -0.71185, 916.71003, 36.92034, -53.94964, 12.15837
-7.03279, -1.42370, 916.71003, 36.39007, -53.48853, 12.15837
-6.32951, -1.42370, 916.71003, 35.85979, -53.48853, 12.38777
-5.62623, -1.42370, 913.64795, 35.85979, -53.48853, 12.38777
-6.32951, -2.13555, 916.71003, 35.32952, -53.02742, 12.38777
-5.62623, -2.13555, 916.71003, 35.32952, -53.48853, 12.84658
-5.62623, -2.84740, 916.71003, 34.79924, -53.48853, 12.84658
-6.32951, -3.55925, 916.71003, 35.32952, -53.94964, 12.61717
-6.32951, -2.84740, 916.71003, 35.32952, -53.94964, 12.61717
-5.62623, -2.84740, 913.64795, 34.79924, -54.41074, 12.61717
-5.62623, -2.84740, 913.64795, 34.79924, -54.87185, 12.61717
-5.62623, -2.84740, 913.64795, 34.79924, -54.41074, 12.38777
-4.92295, -2.84740, 913.64795, 34.79924, -54.41074, 12.61717
-4.92295, -2.84740, 913.64795, 34.79924, -54.41074, 12.61717
-4.92295, -2.84740, 916.71003, 34.79924, -53.94964, 12.38777
-4.92295, -2.84740, 916.71003, 35.32952, -53.94964, 12.61717
-4.21968, -3.55925, 913.64795, 35.85979, -52.56631, 12.15837
-4.92295, -4.27110, 916.71003, 34.79924, -52.10520, 12.38777
-6.32951, -3.55925, 913.64795, 35.85979, -51.18299, 12.38777
-8.43935, -2.13555, 916.71003, 36.39007, -50.26077, 12.84658
-9.14263, -0.71185, 913.64795, 37.45062, -49.33856, 12.84658
-8.43935, -0.71185, 913.64795, 36.92034, -48.87745, 12.84658
-8.43935, -1.42370, 913.64795, 36.92034, -48.41634, 12.84658
-8.43935, -1.42370, 913.64795, 36.92034, -47.95523, 13.07598
-9.14263, -0.71185, 913.64795, 37.45062, -47.03302, 13.30538
-10.54919, -0.71185, 913.64795, 38.51116, -46.57191, 13.07598
-9.14263,  0.00000, 919.77211, 39.04144, -46.11080, 13.30538
-7.73607,  0.00000, 916.71003, 39.57171, -46.57191, 13.53479
-8.43935,  0.00000, 916.71003, 39.57171, -46.57191, 13.30538
-9.14263,  0.71185, 916.71003, 40.10199, -46.57191, 13.07598
-9.84591,  1.42370, 916.71003, 40.63226, -46.57191, 12.84658
-9.14263,  0.00000, 913.64795, 40.10199, -47.03302, 13.07598
-7.73607,  0.00000, 916.71003, 39.57171, -47.49412, 13.07598
-7.03279,  0.00000, 916.71003, 40.10199, -47.95523, 13.07598
-6.32951, -0.71185, 913.64795, 39.04144, -48.41634, 13.07598
-7.03279, -0.71185, 916.71003, 40.10199, -48.41634, 13.07598
-6.32951, -1.42370, 916.71003, 39.57171, -48.41634, 12.84658
-6.32951, -0.71185, 916.71003, 39.57171, -48.87745, 12.84658
-7.03279, -1.42370, 916.71003, 39.04144, -48.41634, 12.84658
-7.03279, -0.71185, 916.71003, 39.04144, -48.41634, 12.84658
-6.32951, -1.42370, 913.64795, 38.51116, -48.87745, 12.61717
-5.62623, -2.13555, 916.71003, 38.51116, -48.41634, 12.61717
-6.32951, -2.13555, 913.64795, 37.98089, -48.41634, 12.84658
-7.03279, -1.42370, 916.71003, 37.98089, -48.41634, 12.84658
-6.32951, -2.13555, 913.64795, 37.98089, -47.95523, 13.07598
-7.03279, -2.13555, 913.64795, 37.98089, -48.41634, 13.07598
-7.03279, -2.13555, 913.64795, 37.98089, -48.41634, 13.07598
-7.03279, -2.13555, 913.64795, 37.45062, -47.95523, 13.07598
-6.32951, -2.13555, 913.64795, 37.98089, -47.95523, 13.07598
-6.32951, -2.84740, 916.71003, 38.51116, -48.41634, 13.07598
-6.32951, -1.42370, 916.71003, 39.04144, -47.95523, 12.84658
-5.62623, -0.71185, 916.71003, 40.10199, -47.95523, 12.61717
-6.32951, -0.71185, 913.64795, 39.57171, -48.41634, 12.84658
-7.03279, -0.71185, 916.71003, 39.57171, -47.95523, 12.84658
-8.43935, -0.71185, 916.71003, 39.57171, -47.95523, 12.61717
-8.43935, -0.71185, 913.64795, 39.04144, -47.95523, 12.84658
-9.14263,  0.00000, 916.71003, 38.51116, -47.95523, 12.61717
-8.43935,  0.00000, 913.64795, 39.04144, -48.41634, 12.84658
-7.73607, -0.71185, 913.64795, 38.51116, -47.95523, 12.84658
-7.03279, -1.42370, 916.71003, 37.98089, -48.41634, 13.07598
-7.03279, -2.13555, 916.71003, 37.45062, -48.41634, 13.07598
-5.62623, -2.13555, 919.77211, 36.92034, -48.41634, 12.84658
-6.32951, -2.13555, 916.71003, 36.92034, -48.41634, 12.84658
-7.03279, -2.84740, 916.71003, 36.39007, -47.95523, 12.84658
-7.73607, -2.13555, 916.71003, 36.39007, -47.95523, 12.84658
-7.03279, -2.13555, 913.64795, 36.39007, -48.41634, 12.84658
-7.03279, -2.84740, 919.77211, 36.39007, -48.41634, 13.07598
-7.73607, -2.13555, 916.71003, 36.39007, -48.41634, 12.84658
-7.73607, -1.42370, 916.71003, 37.45062, -48.41634, 12.84658
-7.73607, -2.13555, 913.64795, 36.92034, -48.87745, 12.61717
-7.03279, -2.84740, 913.64795, 36.39007, -48.87745, 12.61717
-6.32951, -3.55925, 916.71003, 35.85979, -49.79966, 12.61717
-5.62623, -2.84740, 916.71003, 35.85979, -50.26077, 12.38777
-5.62623, -2.84740, 916.71003, 35.85979, -50.26077, 12.15837
-5.62623, -2.13555, 916.71003, 36.39007, -50.72188, 12.38777
-5.62623, -2.84740, 913.64795, 36.39007, -50.26077, 12.38777
-5.62623, -2.84740, 916.71003, 36.39007, -50.26077, 12.38777
-5.62623, -3.55925, 916.71003, 35.85979, -50.26077, 12.15837
-6.32951, -3.55925, 916.71003, 35.85979, -49.79966, 12.38777
-6.32951, -2.84740, 916.71003, 36.39007, -49.79966, 12.38777
-5.62623, -2.84740, 916.71003, 37.98089, -49.79966, 12.38777
-4.92295, -2.13555, 916.71003, 38.51116, -49.79966, 12.61717
-4.92295, -2.13555, 916.71003, 39.04144, -49.79966, 12.61717
-5.62623, -2.13555, 913.64795, 39.04144, -49.33856, 12.61717
-7.03279, -2.13555, 910.58587, 39.04144, -49.33856, 12.61717
-7.73607, -1.42370, 913.64795, 39.04144, -48.87745, 12.84658
-7.03279, -1.42370, 913.64795, 39.04144, -49.33856, 13.07598
-6.32951, -1.42370, 910.58587, 39.04144, -49.79966, 13.30538
-5.62623, -1.42370, 913.64795, 40.10199, -50.72188, 13.07598
-5.62623, -1.42370, 916.71003, 39.57171, -50.26077, 12.84658
-6.32951, -1.42370, 916.71003, 40.63226, -50.26077, 12.84658
-5.62623, -0.71185, 919.77211, 41.16253, -50.72188, 12.84658
-5.62623,  0.00000, 916.71003, 40.63226, -51.18299, 13.07598
-6.32951,  0.71185, 916.71003, 40.63226, -51.18299, 13.30538
-6.32951,  0.00000, 916.71003, 40.63226, -51.18299, 13.07598
-7.03279, -0.71185, 916.71003, 40.63226, -51.64410, 13.07598
-6.32951, -0.71185, 916.71003, 40.10199, -52.10520, 13.07598
-5.62623,  0.00000, 916.71003, 39.57171, -52.56631, 13.07598
-4.92295, -0.71185, 916.71003, 39.04144, -52.56631, 12.84658
-4.21968, -1.42370, 919.77211, 37.98089, -53.02742, 13.07598
-4.92295, -2.13555, 919.77211, 37.45062, -53.02742, 13.07598
-5.62623, -2.13555, 919.77211, 38.51116, -52.56631, 12.84658
-4.92295, -2.13555, 919.77211, 38.51116, -52.56631, 12.61717
-4.21968, -1.42370, 916.71003, 39.04144, -52.56631, 12.61717
-4.92295, -2.13555, 916.71003, 38.51116, -53.02742, 12.38777
-4.92295, -2.13555, 919.77211, 39.04144, -53.02742, 12.38777
-4.92295, -2.84740, 919.77211, 38.51116, -53.02742, 12.15837
-4.21968, -2.84740, 916.71003, 38.51116, -53.02742, 12.38777
-4.21968, -2.84740, 913.64795, 37.98089, -53.48853, 12.38777
-3.51640, -2.84740, 916.71003, 37.98089, -53.94964, 12.38777
-3.51640, -2.13555, 916.71003, 39.04144, -53.94964, 12.38777
-3.51640, -2.13555, 913.64795, 39.57171, -53.94964, 12.38777
-3.51640, -2.13555, 916.71003, 40.10199, -53.94964, 12.38777
-2.81312, -2.84740, 916.71003, 39.04144, -54.41074, 12.38777
-3.51640, -2.13555, 916.71003, 39.04144, -54.41074, 12.38777
-4.21968, -2.13555, 916.71003, 40.10199, -54.41074, 12.38777
-4.21968, -2.13555, 919.77211, 40.63226, -53.94964, 12.38777
-4.21968, -1.42370, 913.64795, 41.16253, -53.48853, 12.38777
-4.21968, -1.42370, 916.71003, 41.16253, -53.02742, 12.38777
-4.21968, -0.71185, 916.71003, 40.63226, -52.56631, 12.61717
-4.21968, -0.71185, 913.64795, 41.16253, -52.56631, 12.84658
-5.62623, -0.71185, 916.71003, 41.69281, -51.64410, 13.07598
-7.03279,  0.00000, 916.71003, 41.69281, -51.18299, 13.07598
-7.03279,  0.00000, 916.71003, 41.69281, -50.72188, 12.84658
-6.32951,  0.00000, 916.71003, 42.22308, -50.72188, 12.84658
-6.32951, -0.71185, 916.71003, 41.69281, -50.72188, 12.84658
-7.03279,  0.00000, 919.77211, 41.69281, -50.72188, 12.84658
-6.32951, -0.71185, 919.77211, 41.16253, -50.72188, 12.84658
-5.62623, -1.42370, 919.77211, 41.16253, -50.72188, 13.07598
-6.32951, -0.71185, 919.77211, 40.63226, -50.72188, 13.30538
-7.03279, -0.71185, 916.71003, 39.57171, -50.26077, 13.53479
-7.73607, -1.42370, 919.77211, 39.04144, -49.79966, 13.53479
-9.14263, -1.42370, 916.71003, 39.57171, -50.26077, 13.53479
-7.03279, -1.42370, 916.71003, 40.63226, -50.72188, 13.30538
-5.62623, -1.42370, 916.71003, 40.63226, -51.18299, 12.84658
-4.21968, -2.13555, 916.71003, 40.63226, -51.64410, 12.61717
-3.51640, -2.84740, 919.77211, 40.10199, -52.56631, 12.61717
-4.21968, -2.13555, 919.77211, 39.57171, -52.10520, 12.61717
-4.92295, -1.42370, 916.71003, 39.57171, -53.02742, 12.38777
-4.92295, -1.42370, 916.71003, 39.57171, -53.02742, 12.15837
-4.21968, -2.13555, 913.64795, 39.57171, -53.02742, 12.38777
-3.51640, -2.13555, 913.64795, 39.04144, -53.48853, 12.38777
-3.51640, -2.13555, 913.64795, 39.04144, -53.94964, 12.38777
-2.81312, -2.13555, 913.64795, 39.04144, -54.41074, 12.38777
-3.51640, -1.42370, 916.71003, 39.57171, -54.41074, 12.38777
-3.51640, -1.42370, 916.71003, 39.04144, -54.41074, 12.61717
-4.21968, -2.13555, 916.71003, 39.04144, -53.94964, 12.38777
-4.21968, -2.13555, 916.71003, 39.04144, -53.94964, 12.15837
-4.21968, -2.13555, 916.71003, 39.04144, -53.48853, 12.61717
-3.51640, -2.84740, 916.71003, 38.51116, -53.02742, 12.38777
-4.21968, -2.84740, 916.71003, 38.51116, -52.56631, 12.61717
-5.62623, -2.84740, 919.77211, 38.51116, -52.10520, 12.61717
-7.03279, -2.84740, 916.71003, 39.04144, -51.64410, 12.84658
-8.43935, -2.13555, 916.71003, 38.51116, -50.72188, 13.07598
-7.73607, -1.42370, 916.71003, 39.04144, -50.72188, 13.30538
-7.73607, -1.42370, 913.64795, 39.04144, -50.26077, 12.84658
-7.03279, -2.13555, 913.64795, 39.04144, -50.72188, 12.61717
-6.32951, -2.84740, 913.64795, 39.04144, -51.18299, 12.61717
-6.32951, -2.13555, 913.64795, 39.04144, -51.18299, 12.61717
-6.32951, -2.13555, 916.71003, 39.04144, -51.18299, 12.61717
-5.62623, -1.42370, 913.64795, 39.04144, -51.64410, 12.61717
-6.32951, -2.13555, 913.64795, 39.04144, -51.18299, 12.61717
-6.32951, -2.13555, 913.64795, 39.57171, -50.26077, 12.61717
-7.03279, -2.13555, 913.64795, 40.10199, -50.72188, 12.61717
-6.32951, -1.42370, 913.64795, 40.63226, -50.72188, 12.84658
-6.32951, -1.42370, 916.71003, 40.63226, -51.18299, 12.84658
-5.62623, -1.42370, 913.64795, 40.63226, -51.18299, 12.61717
-5.62623, -2.13555, 913.64795, 40.63226, -51.18299, 12.61717
-4.92295, -1.42370, 913.64795, 40.10199, -51.18299, 12.61717
-5.62623, -1.42370, 913.64795, 39.57171, -51.18299, 12.61717
-6.32951, -1.42370, 913.64795, 39.57171, -50.72188, 12.84658
-6.32951, -1.42370, 916.71003, 39.57171, -51.18299, 13.07598
-5.62623, -1.42370, 916.71003, 40.10199, -50.72188, 12.84658
-5.62623, -2.13555, 916.71003, 40.63226, -51.18299, 12.61717
-5.62623, -2.13555, 916.71003, 40.10199, -50.72188, 12.61717
-5.62623, -2.13555, 916.71003, 39.57171, -50.26077, 12.84658
-7.73607, -1.42370, 916.71003, 40.10199, -49.79966, 12.84658
-7.73607, -0.71185, 913.64795, 40.63226, -49.79966, 12.84658
-7.03279, -1.42370, 916.71003, 40.63226, -49.33856, 12.84658
-6.32951, -2.13555, 916.71003, 40.63226, -49.33856, 12.84658
-7.73607, -2.13555, 913.64795, 40.10199, -49.33856, 12.84658
-7.73607, -1.42370, 913.64795, 40.10199, -48.87745, 13.07598
-7.73607, -1.42370, 913.64795, 40.63226, -48.87745, 13.30538
-7.73607, -1.42370, 913.64795, 40.63226, -48.87745, 13.53479
-7.73607, -1.42370, 916.71003, 40.63226, -48.87745, 13.30538
-7.03279, -1.42370, 913.64795, 41.16253, -49.33856, 13.07598
-6.32951, -1.42370, 913.64795, 40.63226, -49.33856, 12.84658
-6.32951, -2.13555, 916.71003, 40.63226, -49.33856, 12.61717
-7.73607, -1.42370, 913.64795, 41.16253, -49.33856, 12.84658
-8.43935, -0.71185, 913.64795, 41.69281, -49.33856, 12.84658
-8.43935,  0.00000, 913.64795, 41.69281, -49.33856, 13.07598
-8.43935,  0.00000, 913.64795, 41.16253, -49.79966, 13.07598
-7.03279, -0.71185, 913.64795, 40.63226, -50.26077, 12.61717
-5.62623, -1.42370, 913.64795, 40.63226, -50.26077, 12.15837
-4.92295, -1.42370, 913.64795, 41.16253, -51.18299, 12.15837
-4.21968, -0.71185, 916.71003, 41.69281, -51.64410, 12.15837
-3.51640, -1.42370, 916.71003, 41.16253, -51.64410, 12.38777
-4.21968, -1.42370, 913.64795, 40.63226, -51.64410, 12.15837
-4.92295, -2.13555, 913.64795, 40.63226, -51.18299, 12.38777
-7.03279, -0.71185, 913.64795, 40.10199, -50.72188, 12.15837
-7.03279, -1.42370, 913.64795, 40.63226, -50.26077, 12.15837
-4.92295, -1.42370, 913.64795, 40.63226, -51.18299, 12.38777
-4.21968, -2.13555, 916.71003, 39.57171, -51.18299, 12.15837
-4.21968, -2.84740, 916.71003, 39.04144, -51.64410, 12.38777
-5.62623, -3.55925, 919.77211, 37.98089, -51.18299, 12.38777
-7.73607, -3.55925, 913.64795, 37.45062, -49.79966, 12.84658
-7.73607, -3.55925, 913.64795, 36.39007, -49.33856, 13.07598
-7.73607, -3.55925, 913.64795, 36.39007, -48.87745, 13.30538
-7.03279, -3.55925, 913.64795, 36.92034, -48.87745, 13.07598
-6.32951, -4.27110, 916.71003, 36.92034, -49.33856, 13.07598
-5.62623, -3.55925, 916.71003, 36.92034, -49.33856, 13.30538
-7.03279, -3.55925, 916.71003, 37.45062, -48.41634, 13.07598
-7.03279, -3.55925, 916.71003, 37.45062, -48.87745, 13.07598
-6.32951, -3.55925, 916.71003, 37.45062, -48.87745, 12.84658
-7.03279, -4.27110, 919.77211, 37.98089, -48.87745, 13.07598
-6.32951, -3.55925, 913.64795, 38.51116, -48.87745, 12.61717
-5.62623, -2.84740, 913.64795, 38.51116, -48.87745, 12.84658
-4.92295, -2.84740, 916.71003, 39.04144, -48.87745, 12.84658
-5.62623, -2.84740, 913.64795, 39.57171, -48.87745, 13.07598
-6.32951, -1.42370, 916.71003, 40.63226, -48.87745, 13.07598
-5.62623, -1.42370, 916.71003, 40.63226, -48.41634, 12.84658
-5.62623, -1.42370, 913.64795, 40.63226, -49.33856, 12.84658
-5.62623, -0.71185, 916.71003, 40.63226, -48.87745, 12.84658
-5.62623, -0.71185, 913.64795, 41.16253, -48.41634, 12.84658
-6.32951, -0.71185, 916.71003, 41.16253, -48.41634, 12.61717
-6.32951, -0.71185, 913.64795, 41.16253, -47.95523, 12.61717
-5.62623, -1.42370, 916.71003, 41.16253, -47.95523, 12.61717
-4.92295, -0.71185, 919.77211, 41.69281, -47.95523, 12.61717
-5.62623, -0.71185, 919.77211, 41.69281, -47.95523, 12.61717
-6.32951, -0.71185, 919.77211, 41.69281, -47.95523, 12.84658
-7.03279, -0.71185, 916.71003, 42.22308, -47.49412, 12.84658
-7.73607,  0.00000, 913.64795, 42.22308, -47.49412, 12.61717
-7.73607,  0.00000, 913.64795, 42.22308, -47.03302, 12.61717
-6.32951,  0.00000, 916.71003, 42.22308, -47.49412, 12.38777
-6.32951, -0.71185, 916.71003, 42.22308, -47.49412, 12.38777
-6.32951, -1.42370, 919.77211, 42.75336, -47.49412, 12.38777
-6.32951, -1.42370, 919.77211, 42.75336, -47.95523, 12.38777
-4.92295, -1.42370, 916.71003, 41.69281, -47.95523, 12.61717
-4.92295, -2.84740, 916.71003, 40.63226, -47.49412, 12.84658
-5.62623, -3.55925, 916.71003, 39.57171, -47.49412, 12.84658
-7.03279, -2.84740, 919.77211, 39.57171, -46.57191, 12.84658
-7.73607, -2.13555, 919.77211, 40.10199, -46.11080, 13.07598
-7.73607, -2.84740, 916.71003, 40.63226, -46.11080, 13.07598
-7.73607, -2.84740, 916.71003, 40.63226, -46.11080, 12.84658
-6.32951, -2.13555, 913.64795, 40.63226, -46.57191, 12.84658
-6.32951, -2.84740, 913.64795, 39.57171, -46.57191, 12.84658
-6.32951, -2.84740, 916.71003, 39.57171, -47.03302, 12.61717
-5.62623, -2.84740, 919.77211, 39.57171, -46.57191, 12.61717
-5.62623, -2.84740, 919.77211, 39.57171, -46.57191, 12.61717
-4.92295, -2.13555, 916.71003, 40.10199, -47.03302, 12.84658
-4.92295, -2.13555, 919.77211, 40.10199, -47.03302, 12.61717
-5.62623, -2.13555, 916.71003, 40.63226, -47.03302, 12.84658
-5.62623, -1.42370, 913.64795, 40.63226, -46.57191, 13.07598
-5.62623, -1.42370, 916.71003, 40.10199, -46.57191, 12.84658
-4.92295, -2.13555, 919.77211, 40.63226, -46.57191, 12.61717
-4.92295, -1.42370, 916.71003, 40.63226, -47.03302, 12.61717
-4.92295, -1.42370, 919.77211, 40.63226, -47.03302, 12.61717
-4.92295, -2.13555, 916.71003, 40.63226, -46.57191, 12.84658
-4.92295, -1.42370, 916.71003, 42.22308, -46.11080, 12.61717
-4.92295, -1.42370, 916.71003, 42.22308, -46.57191, 12.61717
-4.92295, -1.42370, 916.71003, 41.69281, -46.11080, 12.61717
-4.92295, -1.42370, 916.71003, 41.69281, -46.57191, 12.84658
-4.92295, -2.13555, 916.71003, 41.16253, -46.57191, 13.07598
-5.62623, -1.42370, 916.71003, 42.22308, -46.57191, 13.07598
-4.92295, -0.71185, 916.71003, 42.75336, -46.57191, 12.61717
-4.92295, -0.71185, 916.71003, 43.28363, -46.57191, 12.38777
-4.92295, -1.42370, 916.71003, 43.28363, -46.57191, 12.61717
-5.62623, -1.42370, 919.77211, 43.28363, -46.57191, 12.84658
-5.62623, -1.42370, 919.77211, 43.81391, -46.11080, 13.07598
-6.32951, -0.71185, 919.77211, 43.28363, -46.11080, 12.84658
-7.03279, -1.42370, 916.71003, 43.28363, -46.11080, 12.84658
-6.32951, -1.42370, 916.71003, 43.28363, -45.64969, 13.30538
-5.62623, -1.42370, 913.64795, 43.28363, -45.64969, 13.30538
-5.62623, -0.71185, 913.64795, 43.81391, -45.64969, 13.07598
-4.92295, -0.71185, 916.71003, 43.81391, -46.11080, 13.07598
-4.92295, -1.42370, 916.71003, 43.81391, -46.11080, 12.84658
-4.92295, -1.42370, 919.77211, 43.81391, -46.11080, 13.07598
-5.62623, -0.71185, 919.77211, 43.28363, -46.57191, 13.07598
-4.92295, -0.71185, 916.71003, 43.28363, -46.57191, 13.07598
-5.62623, -0.71185, 916.71003, 43.28363, -46.57191, 13.07598
-5.62623, -0.71185, 913.64795, 44.34418, -46.57191, 12.84658
-4.92295, -0.71185, 916.71003, 44.34418, -47.49412, 12.61717
-3.51640, -0.71185, 916.71003, 44.34418, -47.49412, 12.61717
-3.51640, -1.42370, 916.71003, 43.28363, -47.49412, 12.38777
-4.21968, -1.42370, 916.71003, 42.75336, -47.95523, 12.38777
-4.21968, -0.71185, 916.71003, 42.22308, -47.49412, 12.61717
-4.21968, -0.71185, 916.71003, 41.69281, -47.03302, 12.61717
-5.62623, -0.71185, 916.71003, 42.22308, -47.03302, 12.38777
-4.21968, -1.42370, 916.71003, 42.22308, -47.03302, 12.38777
-2.81312, -2.13555, 919.77211, 42.22308, -47.49412, 12.38777
-2.81312, -1.42370, 916.71003, 42.22308, -47.49412, 12.38777
-4.92295, -1.42370, 919.77211, 41.69281, -47.03302, 12.38777
-4.92295, -2.13555, 919.77211, 41.16253, -46.57191, 12.38777
-4.92295, -2.13555, 919.77211, 41.16253, -46.57191, 12.38777
-4.92295, -2.84740, 916.71003, 40.63226, -47.03302, 12.38777
-4.21968, -2.84740, 916.71003, 41.16253, -46.11080, 12.38777
-4.21968, -2.13555, 916.71003, 41.16253, -46.11080, 12.38777
-4.92295, -2.84740, 913.64795, 41.16253, -46.11080, 12.15837
-4.92295, -3.55925, 916.71003, 40.63226, -45.64969, 12.61717
-4.92295, -2.84740, 919.77211, 40.10199, -45.64969, 12.84658
-4.92295, -2.84740, 919.77211, 40.10199, -45.64969, 12.84658
-4.92295, -3.55925, 916.71003, 40.10199, -45.18858, 12.84658
-4.92295, -2.84740, 916.71003, 40.63226, -44.72748, 12.84658
-4.92295, -2.84740, 913.64795, 41.16253, -44.26637, 12.61717
-5.62623, -1.42370, 916.71003, 41.16253, -44.26637, 12.84658
-5.62623, -1.42370, 916.71003, 41.16253, -44.26637, 13.07598
-6.32951, -1.42370, 919.77211, 41.69281, -43.34415, 13.30538
-7.03279, -1.42370, 916.71003, 41.69281, -43.80526, 13.07598
-5.62623, -1.42370, 919.77211, 42.22308, -43.80526, 13.07598
-6.32951, -0.71185, 916.71003, 42.75336, -43.34415, 13.07598
-6.32951, -1.42370, 916.71003, 42.22308, -42.88304, 13.07598
-7.03279, -1.42370, 919.77211, 42.22308, -43.34415, 13.07598
-6.32951, -2.13555, 919.77211, 42.22308, -42.88304, 13.07598
-4.92295, -2.13555, 919.77211, 41.69281, -42.88304, 12.84658
-5.62623, -2.13555, 916.71003, 41.16253, -42.42194, 13.07598
-5.62623, -2.13555, 916.71003, 41.16253, -42.42194, 13.07598
-5.62623, -2.13555, 913.64795, 41.69281, -42.42194, 13.30538
-4.92295, -1.42370, 916.71003, 42.22308, -42.42194, 13.07598
-4.92295, -1.42370, 916.71003, 42.75336, -42.88304, 12.84658
-5.62623, -1.42370, 916.71003, 42.75336, -42.42194, 12.84658
-5.62623, -1.42370, 916.71003, 42.22308, -42.42194, 12.84658
-5.62623, -2.13555, 916.71003, 42.22308, -42.42194, 12.84658
-5.62623, -1.42370, 916.71003, 42.22308, -42.42194, 12.84658
-5.62623, -2.13555, 916.71003, 42.22308, -41.96083, 12.61717
-4.92295, -2.13555, 916.71003, 42.22308, -42.42194, 12.61717
-4.92295, -2.13555, 916.71003, 42.22308, -41.96083, 12.61717
-5.62623, -2.84740, 919.77211, 41.69281, -41.96083, 13.07598
-6.32951, -2.13555, 916.71003, 40.63226, -41.03861, 13.30538
-7.03279, -1.42370, 916.71003, 41.69281, -40.57750, 13.07598
-7.73607, -1.42370, 916.71003, 42.22308, -40.57750, 13.07598
-6.32951, -1.42370, 916.71003, 42.75336, -40.57750, 12.84658
-4.92295, -2.13555, 916.71003, 42.75336, -41.03861, 12.84658
-5.62623, -2.13555, 919.77211, 42.22308, -41.03861, 12.61717
-7.03279, -1.42370, 916.71003, 42.22308, -40.57750, 12.61717
-7.03279, -0.71185, 916.71003, 42.75336, -40.11640, 12.84658
-7.03279, -1.42370, 916.71003, 42.75336, -40.57750, 12.61717
-6.32951, -1.42370, 916.71003, 42.75336, -40.57750, 12.61717
-5.62623, -2.13555, 916.71003, 42.22308, -40.57750, 12.84658
-6.32951, -2.13555, 916.71003, 42.22308, -40.11640, 12.84658
-6.32951, -2.13555, 913.64795, 42.22308, -39.65529, 12.84658
-7.03279, -2.13555, 916.71003, 41.69281, -39.65529, 13.07598
-7.03279, -2.13555, 919.77211, 42.75336, -39.19418, 13.07598
-7.73607, -2.13555, 916.71003, 42.75336, -38.73307, 13.30538
-7.73607, -1.42370, 916.71003, 42.22308, -38.73307, 13.30538
-7.03279, -2.13555, 913.64795, 42.22308, -38.27196, 13.07598
-7.73607, -1.42370, 913.64795, 42.75336, -37.81086, 13.07598
-8.43935, -1.42370, 916.71003, 42.75336, -37.81086, 13.30538
-8.43935, -0.71185, 916.71003, 43.28363, -38.27196, 13.30538
-8.43935,  0.00000, 916.71003, 44.34418, -38.27196, 13.53479
-7.73607, -0.71185, 916.71003, 44.87445, -38.73307, 13.07598
-7.73607, -1.42370, 916.71003, 44.34418, -38.73307, 12.84658
-7.73607, -0.71185, 916.71003, 43.28363, -39.19418, 12.84658
-7.73607, -1.42370, 916.71003, 43.28363, -39.19418, 12.84658
-7.73607, -0.71185, 916.71003, 42.75336, -39.65529, 13.07598
-7.03279, -1.42370, 919.77211, 42.75336, -39.65529, 12.84658
-5.62623, -2.13555, 919.77211, 42.22308, -40.11640, 12.84658
-6.32951, -2.13555, 919.77211, 42.22308, -40.11640, 12.84658
-6.32951, -1.42370, 919.77211, 41.69281, -39.65529, 13.07598
-6.32951, -2.13555, 913.64795, 41.16253, -39.65529, 12.84658
-6.32951, -1.42370, 913.64795, 41.16253, -39.19418, 13.30538
-7.03279, -1.42370, 913.64795, 41.69281, -39.19418, 13.30538
-7.73607, -0.71185, 913.64795, 42.22308, -39.65529, 13.07598
-7.03279, -1.42370, 913.64795, 42.22308, -40.11640, 12.61717
-6.32951, -1.42370, 916.71003, 41.69281, -40.57750, 12.61717
-5.62623, -2.84740, 916.71003, 41.69281, -41.03861, 12.61717
-5.62623, -3.55925, 916.71003, 41.69281, -41.03861, 12.61717
-6.32951, -2.13555, 916.71003, 41.69281, -41.03861, 12.61717
-6.32951, -2.13555, 913.64795, 41.16253, -41.49972, 12.84658
-5.62623, -2.84740, 916.71003, 41.16253, -41.49972, 12.84658
-4.92295, -2.13555, 913.64795, 41.69281, -41.96083, 12.84658
-4.92295, -1.42370, 916.71003, 41.69281, -42.42194, 12.84658
-5.62623, -2.13555, 916.71003, 41.69281, -42.42194, 12.84658
-6.32951, -2.13555, 916.71003, 41.16253, -42.42194, 13.07598
-7.03279, -2.13555, 916.71003, 41.16253, -42.42194, 13.07598
-6.32951, -2.13555, 916.71003, 41.16253, -42.42194, 13.30538
-6.32951, -2.13555, 916.71003, 41.16253, -42.88304, 13.30538
-5.62623, -2.13555, 916.71003, 40.63226, -43.34415, 13.07598
-5.62623, -2.13555, 916.71003, 41.16253, -43.34415, 13.07598
-4.92295, -1.42370, 919.77211, 41.69281, -43.34415, 13.30538
-4.21968, -2.13555, 916.71003, 41.69281, -43.34415, 13.07598
-4.92295, -2.84740, 913.64795, 41.16253, -43.80526, 12.84658
-5.62623, -2.84740, 916.71003, 41.16253, -43.80526, 12.61717
-5.62623, -2.13555, 913.64795, 41.16253, -43.80526, 12.61717
-6.32951, -2.13555, 916.71003, 42.22308, -44.26637, 12.61717
-4.21968, -2.13555, 913.64795, 42.22308, -44.72748, 12.61717
-4.92295, -2.13555, 916.71003, 42.22308, -45.18858, 12.61717
-3.51640, -2.84740, 916.71003, 42.22308, -45.64969, 12.38777
-4.21968, -2.84740, 916.71003, 42.22308, -46.11080, 12.38777
-3.51640, -2.13555, 916.71003, 42.22308, -45.64969, 12.38777
-3.51640, -1.42370, 916.71003, 42.22308, -46.57191, 12.38777
-2.81312, -1.42370, 916.71003, 42.22308, -46.57191, 12.38777
-3.51640, -2.13555, 916.71003, 42.75336, -46.57191, 12.38777
-3.51640, -1.42370, 916.71003, 42.75336, -46.11080, 12.61717
-3.51640, -1.42370, 913.64795, 43.28363, -46.11080, 12.61717
-3.51640, -0.71185, 916.71003, 43.28363, -46.11080, 12.61717
-2.81312, -1.42370, 916.71003, 42.75336, -46.57191, 12.61717
-2.81312, -1.42370, 919.77211, 42.75336, -46.57191, 12.61717
-3.51640, -2.13555, 919.77211, 42.22308, -46.57191, 12.61717
-4.21968, -1.42370, 916.71003, 42.75336, -46.11080, 12.84658
-4.92295, -1.42370, 916.71003, 42.75336, -45.64969, 12.84658
-3.51640, -1.42370, 916.71003, 42.75336, -46.11080, 12.84658
-2.81312, -1.42370, 913.64795, 42.75336, -45.64969, 12.84658
-2.81312, -2.13555, 916.71003, 42.75336, -45.64969, 12.84658
-3.51640, -0.71185, 916.71003, 42.75336, -45.18858, 12.84658
-4.21968, -1.42370, 916.71003, 42.75336, -44.72748, 12.84658
-4.92295, -1.42370, 916.71003, 42.75336, -44.26637, 13.07598
-4.21968, -1.42370, 919.77211, 42.75336, -43.80526, 13.30538
-5.62623, -2.84740, 916.71003, 42.22308, -43.80526, 13.30538
-4.92295, -2.13555, 916.71003, 42.22308, -43.34415, 13.30538
-5.62623, -2.13555, 919.77211, 41.69281, -42.88304, 13.30538
-5.62623, -1.42370, 916.71003, 42.75336, -42.42194, 13.07598
-5.62623, -1.42370, 913.64795, 43.81391, -42.42194, 13.07598
-4.92295, -1.42370, 916.71003, 43.81391, -42.42194, 12.84658
-4.92295, -1.42370, 916.71003, 43.28363, -42.42194, 12.84658
-4.92295, -1.42370, 919.77211, 43.28363, -42.42194, 12.84658
-6.32951, -0.71185, 916.71003, 43.81391, -41.49972, 12.61717
-6.32951,  0.00000, 913.64795, 44.34418, -41.03861, 12.61717
-7.03279,  0.00000, 913.64795, 44.34418, -40.11640, 12.61717
-7.03279,  0.00000, 913.64795, 44.87445, -40.11640, 12.84658
-7.03279,  0.00000, 916.71003, 43.81391, -40.11640, 12.84658
-7.03279, -0.71185, 919.77211, 43.28363, -40.11640, 12.61717
-7.03279, -0.71185, 919.77211, 43.81391, -40.11640, 12.61717
-7.03279, -1.42370, 919.77211, 43.81391, -40.11640, 12.38777
-6.32951, -0.71185, 916.71003, 43.81391, -39.65529, 12.38777
-4.92295, -1.42370, 919.77211, 43.28363, -40.11640, 12.61717
-5.62623, -1.42370, 919.77211, 42.75336, -39.65529, 12.84658
-6.32951, -2.13555, 916.71003, 42.22308, -39.65529, 12.61717
-7.03279, -2.13555, 916.71003, 42.22308, -39.19418, 12.84658
-6.32951, -1.42370, 916.71003, 42.75336, -39.65529, 12.84658
-6.32951, -2.13555, 913.64795, 41.69281, -39.65529, 12.61717
-5.62623, -2.84740, 913.64795, 41.16253, -39.65529, 12.61717
-5.62623, -3.55925, 916.71003, 40.10199, -39.19418, 12.84658
-5.62623, -3.55925, 916.71003, 39.57171, -39.19418, 12.84658
-5.62623, -3.55925, 916.71003, 39.04144, -38.73307, 13.07598
-6.32951, -3.55925, 916.71003, 39.57171, -38.27196, 13.30538
-6.32951, -3.55925, 916.71003, 40.10199, -38.27196, 13.07598
-6.32951, -3.55925, 916.71003, 39.57171, -37.81086, 13.30538
-6.32951, -4.27110, 916.71003, 39.57171, -37.34975, 13.30538
-7.03279, -3.55925, 916.71003, 39.57171, -36.42753, 13.07598
-7.03279, -3.55925, 916.71003, 40.10199, -35.96642, 13.07598
-7.73607, -2.84740, 916.71003, 40.63226, -35.96642, 13.07598
-7.03279, -2.13555, 913.64795, 41.69281, -35.50532, 13.30538
-7.73607, -2.13555, 919.77211, 41.69281, -35.50532, 13.53479
-7.73607, -2.13555, 919.77211, 42.22308, -35.50532, 13.53479
-8.43935, -1.42370, 916.71003, 43.81391, -35.04421, 13.30538
-7.03279, -0.71185, 913.64795, 44.34418, -35.50532, 13.30538
-7.73607,  0.00000, 913.64795, 43.81391, -35.04421, 13.30538
-8.43935, -0.71185, 913.64795, 43.28363, -35.50532, 13.07598
-8.43935, -0.71185, 913.64795, 43.28363, -34.58310, 13.07598
-9.14263, -0.71185, 913.64795, 43.28363, -35.04421, 12.84658
-8.43935, -1.42370, 916.71003, 43.28363, -35.04421, 12.84658
-7.73607, -1.42370, 919.77211, 43.81391, -35.04421, 12.84658
-8.43935, -1.42370, 916.71003, 43.81391, -35.04421, 12.84658
-8.43935, -0.71185, 916.71003, 43.81391, -35.04421, 12.84658
-9.14263, -0.71185, 913.64795, 43.81391, -35.04421, 12.84658
-7.73607,  0.00000, 916.71003, 43.81391, -35.96642, 12.61717
-7.03279, -0.71185, 919.77211, 43.81391, -36.42753, 12.61717
-6.32951, -1.42370, 919.77211, 43.81391, -36.88864, 12.38777
-6.32951, -1.42370, 916.71003, 44.87445, -37.34975, 12.15837
-5.62623, -1.42370, 919.77211, 44.34418, -37.34975, 12.38777
-5.62623, -1.42370, 919.77211, 43.81391, -37.81086, 12.15837
-5.62623, -2.13555, 916.71003, 43.28363, -37.34975, 12.38777
-6.32951, -2.13555, 916.71003, 43.28363, -36.88864, 12.61717
-7.03279, -2.13555, 913.64795, 42.75336, -36.88864, 12.84658
-7.73607, -2.13555, 916.71003, 42.22308, -36.88864, 13.07598
-7.03279, -2.13555, 916.71003, 42.22308, -36.88864, 12.84658
-7.03279, -2.84740, 919.77211, 41.69281, -37.81086, 12.84658
-6.32951, -2.84740, 919.77211, 41.69281, -37.34975, 12.84658
-6.32951, -3.55925, 916.71003, 41.69281, -37.34975, 13.07598
-7.03279, -3.55925, 913.64795, 41.69281, -37.34975, 13.07598
-7.03279, -2.84740, 913.64795, 41.69281, -37.81086, 13.53479
-7.03279, -3.55925, 913.64795, 41.69281, -38.73307, 13.30538
-7.03279, -3.55925, 916.71003, 41.69281, -38.73307, 13.53479
-6.32951, -3.55925, 916.71003, 41.16253, -39.65529, 13.76419
-5.62623, -3.55925, 916.71003, 41.69281, -39.65529, 13.53479
-5.62623, -2.13555, 916.71003, 42.22308, -39.65529, 13.30538
-4.92295, -1.42370, 916.71003, 42.75336, -39.65529, 13.30538
-4.92295, -1.42370, 913.64795, 43.28363, -40.11640, 13.30538
-4.21968, -1.42370, 919.77211, 42.75336, -40.57750, 13.30538
-4.21968, -1.42370, 922.83419, 43.28363, -41.03861, 13.30538
-4.92295, -0.71185, 919.77211, 44.87445, -40.57750, 13.07598
-5.62623,  0.71185, 916.71003, 45.93500, -40.57750, 12.61717
-5.62623,  0.71185, 916.71003, 45.93500, -41.03861, 12.38777
-5.62623,  0.00000, 916.71003, 45.40473, -41.03861, 12.38777
-5.62623, -1.42370, 916.71003, 45.40473, -41.49972, 12.61717
-5.62623, -0.71185, 913.64795, 44.87445, -41.49972, 12.61717
-5.62623, -0.71185, 916.71003, 45.40473, -41.49972, 12.61717
-4.92295,  0.00000, 916.71003, 45.93500, -41.96083, 12.38777
-4.92295, -0.71185, 913.64795, 45.93500, -41.96083, 12.38777
-4.21968, -1.42370, 913.64795, 44.87445, -42.42194, 12.38777
-4.21968, -1.42370, 913.64795, 44.34418, -42.42194, 12.38777
-4.21968, -1.42370, 916.71003, 44.34418, -42.88304, 12.38777
-4.21968, -0.71185, 919.77211, 44.87445, -43.34415, 12.38777
-2.81312, -1.42370, 919.77211, 45.40473, -43.80526, 12.38777
-2.81312, -1.42370, 919.77211, 44.34418, -43.80526, 12.15837
-2.81312, -2.13555, 919.77211, 44.34418, -44.26637, 12.38777
-3.51640, -2.13555, 919.77211, 43.81391, -44.26637, 12.61717
-3.51640, -1.42370, 919.77211, 43.81391, -43.80526, 12.84658
-2.81312, -2.13555, 916.71003, 43.28363, -43.80526, 12.84658
-3.51640, -2.84740, 916.71003, 43.28363, -43.34415, 13.07598
-4.21968, -2.13555, 919.77211, 43.81391, -42.88304, 13.07598
-4.92295, -2.13555, 919.77211, 43.81391, -42.88304, 13.30538
-4.92295, -2.13555, 913.64795, 43.81391, -42.88304, 13.07598
-5.62623, -2.13555, 913.64795, 44.34418, -42.42194, 13.07598
-4.92295, -2.13555, 916.71003, 43.81391, -42.42194, 13.30538
-4.21968, -2.13555, 916.71003, 43.28363, -42.88304, 13.07598
-4.21968, -2.13555, 916.71003, 43.28363, -43.34415, 13.30538
-4.21968, -2.84740, 916.71003, 43.81391, -42.88304, 13.07598
-4.92295, -2.13555, 916.71003, 43.81391, -43.34415, 13.30538
-4.21968, -2.13555, 916.71003, 43.81391, -42.88304, 13.30538
-3.51640, -2.13555, 913.64795, 43.81391, -42.88304, 13.30538
-3.51640, -1.42370, 916.71003, 43.81391, -42.88304, 13.07598
-3.51640, -1.42370, 916.71003, 43.81391, -42.42194, 12.84658
-4.21968, -1.42370, 916.71003, 44.34418, -42.42194, 12.84658
-4.21968, -1.42370, 919.77211, 45.40473, -42.42194, 12.84658
-4.92295, -0.71185, 916.71003, 46.46528, -41.96083, 12.61717
-4.21968,  0.00000, 916.71003, 45.93500, -42.42194, 12.61717
-4.21968,  0.00000, 916.71003, 45.40473, -41.49972, 12.61717
-4.92295, -0.71185, 916.71003, 44.87445, -41.49972, 12.84658
-4.92295, -0.71185, 916.71003, 45.40473, -41.49972, 12.61717
-4.21968, -0.71185, 916.71003, 44.87445, -41.49972, 12.38777
-3.51640, -1.42370, 919.77211, 44.34418, -41.49972, 12.38777
-3.51640, -1.42370, 919.77211, 44.87445, -41.03861, 12.61717
-4.21968, -1.42370, 916.71003, 44.87445, -41.03861, 12.84658
-4.21968, -1.42370, 919.77211, 44.34418, -40.57750, 12.61717
-4.21968, -2.84740, 916.71003, 43.81391, -40.11640, 12.61717
-5.62623, -2.84740, 916.71003, 43.81391, -40.11640, 12.61717
-5.62623, -2.84740, 919.77211, 43.81391, -39.65529, 12.84658
-4.92295, -2.13555, 919.77211, 43.81391, -39.19418, 12.84658
-4.92295, -2.13555, 919.77211, 44.34418, -39.19418, 12.84658
-4.92295, -2.13555, 916.71003, 44.87445, -39.19418, 12.84658
-4.92295, -2.13555, 913.64795, 44.87445, -38.27196, 12.84658
-5.62623, -1.42370, 913.64795, 44.87445, -37.81086, 12.61717
-6.32951, -1.42370, 913.64795, 44.34418, -37.81086, 12.84658
-4.92295, -2.13555, 916.71003, 44.87445, -37.34975, 12.84658
-4.92295, -0.71185, 916.71003, 45.40473, -37.34975, 12.61717
-4.92295, -1.42370, 919.77211, 45.40473, -37.34975, 12.61717
-6.32951, -0.71185, 916.71003, 45.40473, -36.42753, 12.84658
-7.73607, -1.42370, 916.71003, 45.93500, -35.50532, 13.07598
-8.43935, -1.42370, 916.71003, 45.40473, -35.04421, 13.07598
-7.73607, -1.42370, 916.71003, 44.87445, -35.04421, 13.30538
-7.73607, -1.42370, 916.71003, 44.87445, -35.04421, 13.53479
-7.03279, -1.42370, 919.77211, 44.87445, -35.04421, 13.76419
-7.73607, -1.42370, 919.77211, 44.87445, -34.58310, 13.76419
-7.03279, -1.42370, 916.71003, 45.40473, -34.58310, 13.53479
-6.32951, -0.71185, 916.71003, 44.87445, -35.04421, 13.30538
-5.62623, -1.42370, 916.71003, 44.34418, -34.58310, 13.30538
-6.32951, -1.42370, 916.71003, 44.34418, -34.58310, 13.07598
-6.32951, -1.42370, 919.77211, 43.81391, -34.58310, 13.30538
-5.62623, -2.13555, 919.77211, 44.87445, -34.58310, 12.84658
-5.62623, -2.13555, 919.77211, 44.87445, -35.04421, 12.84658
-5.62623, -2.13555, 919.77211, 44.34418, -35.04421, 12.84658
-4.92295, -2.84740, 916.71003, 43.81391, -35.50532, 12.84658
-6.32951, -2.13555, 916.71003, 43.81391, -34.58310, 12.84658
-7.03279, -2.13555, 916.71003, 44.34418, -34.58310, 12.84658
-7.03279, -1.42370, 916.71003, 44.34418, -34.58310, 12.84658
-5.62623, -2.13555, 916.71003, 43.81391, -35.04421, 12.84658
-5.62623, -2.84740, 913.64795, 43.81391, -34.58310, 12.38777
-6.32951, -2.84740, 913.64795, 43.81391, -34.12199, 12.61717
-6.32951, -2.84740, 919.77211, 43.28363, -34.12199, 13.07598
-7.03279, -1.42370, 916.71003, 43.81391, -34.12199, 13.30538
-6.32951, -0.71185, 919.77211, 44.34418, -34.12199, 13.07598
-5.62623, -1.42370, 919.77211, 44.34418, -34.12199, 12.84658
-5.62623, -2.13555, 916.71003, 44.34418, -34.12199, 12.61717
-6.32951, -1.42370, 919.77211, 43.81391, -34.12199, 12.84658
-6.32951, -1.42370, 919.77211, 43.28363, -33.66088, 12.84658
-6.32951,  0.00000, 919.77211, 44.34418, -33.66088, 12.61717
-6.32951, -0.71185, 919.77211, 44.87445, -33.66088, 12.61717
-6.32951, -0.71185, 916.71003, 44.34418, -34.12199, 12.61717
-5.62623, -2.13555, 919.77211, 43.81391, -34.12199, 12.61717
-4.92295, -2.13555, 919.77211, 43.28363, -34.58310, 12.84658
-5.62623, -2.13555, 916.71003, 43.28363, -34.12199, 12.84658
-4.92295, -2.84740, 916.71003, 43.28363, -34.12199, 12.84658
-4.21968, -2.84740, 916.71003, 42.75336, -34.12199, 12.84658
-3.51640, -2.84740, 916.71003, 42.22308, -33.66088, 13.07598
-4.21968, -2.84740, 916.71003, 42.22308, -33.66088, 13.30538
-5.62623, -2.84740, 916.71003, 41.69281, -33.19978, 13.30538
-7.03279, -3.55925, 919.77211, 42.22308, -33.19978, 13.53479
-7.03279, -3.55925, 916.71003, 42.75336, -32.73867, 13.53479
-6.32951, -2.13555, 916.71003, 43.28363, -32.73867, 13.53479
-4.21968, -1.42370, 916.71003, 44.34418, -33.19978, 13.30538
-4.21968, -2.13555, 916.71003, 43.81391, -33.19978, 13.30538
-5.62623, -2.13555, 919.77211, 43.81391, -33.19978, 13.30538
-6.32951, -1.42370, 919.77211, 44.87445, -32.73867, 13.30538
-5.62623, -0.71185, 916.71003, 45.93500, -32.73867, 13.30538
-5.62623, -0.71185, 919.77211, 46.46528, -32.27756, 13.30538
-4.92295,  0.00000, 919.77211, 45.93500, -32.73867, 13.30538
-5.62623, -1.42370, 916.71003, 45.93500, -32.27756, 13.53479
-7.03279,  0.00000, 916.71003, 46.46528, -31.81645, 13.30538
-7.03279,  0.71185, 916.71003, 46.99555, -31.35534, 13.07598
-6.32951,  0.00000, 919.77211, 47.52583, -32.27756, 12.84658
-5.62623,  0.00000, 919.77211, 46.99555, -32.73867, 12.84658
-4.92295,  0.00000, 919.77211, 46.99555, -32.73867, 12.61717
-6.32951, -0.71185, 916.71003, 45.93500, -32.27756, 12.61717
-5.62623,  0.00000, 916.71003, 45.93500, -32.27756, 12.61717
-5.62623, -1.42370, 919.77211, 45.40473, -32.73867, 12.84658
-5.62623, -1.42370, 916.71003, 45.93500, -32.73867, 12.84658
-4.92295, -1.42370, 919.77211, 44.87445, -32.73867, 12.61717
-4.92295, -2.13555, 916.71003, 44.34418, -33.19978, 12.61717
-4.92295, -2.13555, 916.71003, 43.81391, -33.66088, 12.84658
-4.21968, -2.13555, 916.71003, 43.81391, -34.12199, 13.07598
-3.51640, -2.13555, 919.77211, 43.28363, -33.66088, 13.07598
-4.21968, -2.84740, 916.71003, 43.28363, -33.66088, 13.07598
-4.92295, -2.13555, 916.71003, 43.28363, -33.19978, 13.07598
-5.62623, -2.13555, 919.77211, 43.81391, -33.19978, 12.84658
-4.92295, -1.42370, 919.77211, 44.87445, -33.66088, 12.84658
-4.21968, -2.13555, 919.77211, 43.28363, -33.66088, 12.84658
-4.21968, -2.84740, 916.71003, 42.75336, -33.66088, 13.07598
-5.62623, -2.84740, 919.77211, 43.28363, -33.19978, 12.84658
-6.32951, -2.13555, 919.77211, 43.28363, -33.19978, 13.07598
-4.92295, -1.42370, 916.71003, 43.81391, -33.19978, 13.07598
-4.21968, -1.42370, 916.71003, 44.34418, -33.66088, 13.07598
-3.51640, -2.84740, 919.77211, 43.81391, -34.12199, 13.07598
-4.21968, -2.13555, 922.83419, 44.34418, -33.66088, 13.07598
-4.92295, -1.42370, 919.77211, 43.81391, -33.19978, 13.07598
-4.92295, -1.42370, 916.71003, 43.81391, -32.73867, 13.07598
-5.62623, -1.42370, 916.71003, 44.87445, -32.73867, 12.84658
-4.92295, -1.42370, 916.71003, 44.87445, -32.73867, 12.61717
-3.51640, -1.42370, 913.64795, 44.34418, -32.73867, 12.84658
-4.92295, -1.42370, 913.64795, 44.34418, -32.73867, 13.30538
-5.62623, -0.71185, 916.71003, 44.87445, -32.73867, 13.07598
-5.62623, -0.71185, 916.71003, 45.40473, -32.27756, 13.07598
-5.62623, -1.42370, 916.71003, 45.40473, -32.73867, 12.84658
-5.62623, -1.42370, 916.71003, 45.40473, -32.73867, 12.61717
-4.21968, -1.42370, 916.71003, 44.87445, -33.19978, 12.84658
-4.21968, -0.71185, 919.77211, 44.34418, -33.66088, 12.84658
-4.21968, -0.71185, 916.71003, 44.34418, -33.19978, 12.84658
-4.92295, -1.42370, 919.77211, 44.34418, -33.19978, 13.07598
-4.21968, -1.42370, 916.71003, 44.34418, -33.66088, 13.07598
-4.21968, -1.42370, 919.77211, 43.81391, -33.66088, 13.07598
-4.21968, -2.13555, 916.71003, 43.28363, -33.66088, 13.07598
-3.51640, -2.13555, 916.71003, 43.28363, -34.12199, 13.07598
-3.51640, -2.13555, 916.71003, 42.75336, -34.12199, 13.30538
-4.92295, -1.42370, 916.71003, 42.75336, -33.66088, 13.30538
-5.62623, -2.84740, 916.71003, 42.22308, -33.66088, 13.30538
-5.62623, -3.55925, 916.71003, 42.75336, -33.66088, 13.07598
-4.21968, -3.55925, 916.71003, 42.22308, -33.66088, 12.61717
-2.81312, -3.55925, 916.71003, 41.69281, -34.12199, 12.84658
-2.81312, -3.55925, 916.71003, 41.16253, -34.12199, 12.84658
-2.81312, -3.55925, 916.71003, 41.16253, -34.12199, 13.07598
-3.51640, -3.55925, 916.71003, 42.22308, -33.66088, 13.07598
-3.51640, -2.84740, 919.77211, 42.22308, -33.19978, 13.07598
-3.51640, -2.13555, 919.77211, 43.28363, -33.19978, 13.07598
-3.51640, -2.13555, 919.77211, 43.28363, -33.19978, 13.07598
-4.21968, -1.42370, 916.71003, 43.81391, -32.73867, 12.84658
-4.92295, -1.42370, 916.71003, 43.81391, -32.27756, 12.84658
-5.62623, -1.42370, 916.71003, 44.34418, -31.81645, 12.84658
-5.62623, -0.71185, 916.71003, 44.34418, -31.35534, 12.61717
-5.62623,  0.00000, 916.71003, 45.40473, -31.35534, 12.84658
-4.92295,  0.00000, 916.71003, 45.40473, -31.35534, 13.07598
-4.21968, -0.71185, 916.71003, 45.40473, -31.35534, 13.07598
-4.92295, -0.71185, 919.77211, 44.87445, -30.89424, 12.84658
-4.92295,  0.00000, 916.71003, 44.87445, -30.89424, 12.84658
-4.92295, -0.71185, 919.77211, 44.87445, -30.43313, 12.84658
-5.62623,  0.00000, 916.71003, 44.87445, -30.43313, 12.84658
-6.32951, -1.42370, 916.71003, 44.34418, -29.51091, 13.07598
-5.62623, -2.13555, 919.77211, 44.34418, -29.97202, 12.84658
-5.62623, -2.84740, 922.83419, 43.28363, -29.97202, 13.07598
-6.32951, -2.13555, 919.77211, 43.28363, -29.51091, 13.30538
-6.32951, -2.84740, 916.71003, 43.28363, -29.04980, 13.30538
-7.03279, -1.42370, 916.71003, 43.81391, -28.58870, 13.30538
-6.32951, -2.13555, 913.64795, 43.81391, -28.58870, 13.53479
-6.32951, -2.13555, 913.64795, 43.28363, -28.58870, 13.30538
-6.32951, -2.84740, 916.71003, 43.28363, -29.04980, 13.07598
-6.32951, -2.84740, 916.71003, 43.81391, -29.04980, 13.07598
-5.62623, -2.84740, 919.77211, 43.81391, -29.51091, 13.07598
-5.62623, -4.27110, 919.77211, 43.81391, -29.04980, 13.07598
-4.92295, -2.84740, 916.71003, 43.81391, -29.51091, 12.84658
-4.92295, -2.84740, 916.71003, 43.81391, -29.51091, 13.07598
-4.92295, -2.13555, 919.77211, 43.81391, -29.51091, 13.07598
-5.62623, -2.13555, 916.71003, 43.28363, -29.51091, 13.30538
-6.32951, -2.13555, 916.71003, 43.28363, -29.04980, 13.30538
-6.32951, -1.42370, 913.64795, 43.81391, -29.04980, 13.53479
-5.62623, -1.42370, 916.71003, 44.87445, -29.51091, 13.53479
-5.62623, -0.71185, 919.77211, 44.87445, -29.51091, 13.30538
-4.92295, -1.42370, 916.71003, 45.40473, -29.51091, 13.30538
-5.62623, -1.42370, 919.77211, 44.87445, -29.51091, 13.07598
-5.62623, -1.42370, 913.64795, 44.87445, -29.51091, 13.07598
-5.62623, -1.42370, 916.71003, 44.34418, -29.51091, 13.30538
-5.62623, -0.71185, 919.77211, 45.40473, -29.51091, 13.07598
-4.21968, -0.71185, 919.77211, 45.93500, -29.97202, 12.84658
-4.21968, -0.71185, 919.77211, 45.40473, -29.97202, 12.84658
-3.51640, -0.71185, 919.77211, 45.93500, -29.97202, 12.84658
-4.21968, -0.71185, 916.71003, 45.40473, -29.51091, 12.84658
-4.92295, -0.71185, 919.77211, 45.40473, -29.04980, 12.84658
-6.32951,  0.00000, 916.71003, 45.93500, -28.58870, 12.84658
-7.03279, -0.71185, 916.71003, 46.46528, -28.12759, 13.07598
-5.62623, -1.42370, 919.77211, 46.46528, -28.12759, 12.84658
-4.92295, -1.42370, 916.71003, 45.93500, -28.58870, 12.84658
-6.32951, -1.42370, 913.64795, 45.93500, -28.12759, 12.84658
-5.62623, -1.42370, 913.64795, 45.40473, -28.12759, 12.84658
-5.62623, -2.13555, 919.77211, 43.81391, -28.58870, 12.84658
-5.62623, -2.84740, 916.71003, 43.81391, -28.58870, 12.84658
-6.32951, -2.84740, 919.77211, 43.28363, -27.66648, 12.61717
-6.32951, -2.84740, 916.71003, 43.81391, -27.20537, 12.84658
-5.62623, -2.84740, 916.71003, 43.28363, -27.20537, 13.07598
-6.32951, -2.13555, 919.77211, 43.81391, -27.20537, 13.07598
-6.32951, -2.84740, 916.71003, 43.81391, -26.74426, 12.84658
-7.03279, -2.84740, 919.77211, 44.34418, -26.28316, 13.30538
-7.03279, -2.84740, 919.77211, 44.87445, -26.28316, 13.30538
-5.62623, -1.42370, 916.71003, 44.87445, -26.28316, 13.53479
-7.03279, -2.13555, 916.71003, 44.87445, -26.28316, 13.53479
-7.03279, -1.42370, 916.71003, 45.40473, -26.28316, 13.53479
-7.03279, -1.42370, 913.64795, 46.46528, -26.28316, 13.53479
-6.32951, -0.71185, 913.64795, 46.46528, -26.28316, 13.30538
-5.62623, -1.42370, 916.71003, 45.93500, -26.74426, 13.53479
-6.32951, -1.42370, 919.77211, 45.93500, -26.74426, 13.53479
-6.32951, -0.71185, 919.77211, 45.93500, -26.28316, 13.30538
-6.32951, -0.71185, 919.77211, 46.46528, -26.28316, 13.30538
-6.32951, -0.71185, 919.77211, 46.99555, -26.28316, 13.30538
-7.03279, -0.71185, 916.71003, 47.52583, -26.28316, 13.07598
-7.03279, -0.71185, 913.64795, 47.52583, -26.28316, 13.30538
-7.03279,  0.00000, 916.71003, 46.99555, -26.74426, 13.30538
-7.03279, -0.71185, 916.71003, 46.46528, -27.20537, 13.07598
-7.03279, -0.71185, 913.64795, 46.99555, -27.20537, 13.07598
-6.32951, -0.71185, 916.71003, 46.46528, -27.20537, 12.84658
-6.32951, -0.71185, 916.71003, 47.52583, -27.66648, 12.84658
-6.32951, -0.71185, 916.71003, 46.46528, -28.12759, 12.84658
-5.62623, -1.42370, 916.71003, 46.46528, -28.58870, 12.84658
-4.92295, -1.42370, 916.71003, 45.40473, -28.58870, 12.61717
-5.62623, -1.42370, 916.71003, 45.40473, -28.12759, 12.84658
-4.92295, -1.42370, 916.71003, 45.93500, -28.58870, 12.84658
-4.21968, -1.42370, 916.71003, 45.93500, -29.51091, 12.61717
-4.92295, -2.13555, 916.71003, 45.93500, -29.51091, 12.61717
-4.92295, -2.13555, 916.71003, 45.40473, -29.51091, 12.61717
-4.92295, -2.13555, 916.71003, 45.40473, -29.51091, 12.84658
-4.21968, -2.84740, 916.71003, 44.87445, -29.51091, 12.84658
-4.92295, -3.55925, 916.71003, 44.34418, -29.97202, 13.07598
-4.92295, -3.55925, 916.71003, 44.34418, -29.97202, 13.07598
-4.92295, -2.84740, 919.77211, 44.87445, -30.43313, 13.30538
-4.21968, -2.84740, 919.77211, 44.87445, -30.43313, 13.30538
-4.21968, -3.55925, 919.77211, 44.87445, -30.43313, 13.30538
-4.92295, -2.13555, 916.71003, 44.34418, -30.43313, 13.53479
-4.92295, -2.13555, 916.71003, 44.34418, -30.43313, 13.76419
-4.92295, -1.42370, 919.77211, 44.87445, -30.43313, 13.53479
-4.92295, -1.42370, 916.71003, 45.40473, -30.43313, 13.76419
-4.92295, -2.13555, 916.71003, 45.93500, -30.43313, 13.30538
-3.51640, -1.42370, 916.71003, 45.93500, -30.89424, 13.30538
-2.81312, -0.71185, 919.77211, 45.93500, -30.43313, 13.30538
-3.51640, -0.71185, 919.77211, 45.93500, -30.43313, 13.30538
-4.92295, -0.71185, 919.77211, 46.46528, -30.43313, 13.30538
-4.92295, -0.71185, 916.71003, 47.52583, -30.43313, 13.07598
-4.92295, -0.71185, 916.71003, 47.52583, -30.43313, 13.07598
-3.51640, -0.71185, 916.71003, 46.99555, -30.89424, 12.84658
-2.81312, -1.42370, 916.71003, 46.46528, -31.35534, 12.84658
-3.51640, -0.71185, 916.71003, 46.46528, -30.89424, 12.84658
-3.51640, -0.71185, 916.71003, 46.46528, -31.81645, 13.07598
-3.51640, -0.71185, 916.71003, 46.46528, -31.81645, 12.61717
-3.51640, -0.71185, 919.77211, 46.99555, -31.81645, 12.61717
-3.51640, -0.71185, 919.77211, 46.46528, -31.81645, 12.38777
-3.51640, -1.42370, 916.71003, 46.46528, -31.81645, 12.38777
-2.81312, -1.42370, 916.71003, 45.93500, -31.81645, 12.61717
-2.81312, -2.13555, 916.71003, 45.40473, -31.35534, 12.84658
-4.92295, -2.13555, 916.71003, 44.87445, -30.89424, 13.07598
-5.62623, -2.13555, 919.77211, 45.40473, -30.89424, 13.07598
-4.21968, -2.13555, 916.71003, 45.40473, -30.89424, 12.84658
-4.21968, -2.13555, 916.71003, 44.87445, -30.89424, 12.84658
-3.51640, -2.84740, 919.77211, 44.34418, -30.89424, 13.07598
-4.21968, -3.55925, 919.77211, 44.34418, -30.43313, 13.30538
-5.62623, -3.55925, 919.77211, 44.34418, -30.43313, 13.30538
-5.62623, -2.84740, 916.71003, 44.87445, -29.51091, 13.07598
-4.92295, -2.13555, 919.77211, 45.40473, -29.51091, 13.07598
-4.21968, -2.13555, 919.77211, 45.40473, -29.97202, 13.30538
-5.62623, -2.13555, 916.71003, 45.93500, -29.97202, 13.30538
-5.62623, -0.71185, 916.71003, 46.46528, -29.04980, 13.07598
-4.92295, -1.42370, 919.77211, 45.93500, -29.04980, 13.30538
-5.62623, -1.42370, 919.77211, 46.99555, -29.51091, 13.30538
-4.92295, -1.42370, 919.77211, 46.46528, -29.04980, 13.53479
-5.62623, -1.42370, 919.77211, 46.46528, -29.04980, 13.30538
-6.32951, -0.71185, 916.71003, 47.52583, -28.12759, 13.30538
-7.03279, -0.71185, 913.64795, 47.52583, -28.12759, 13.07598
-5.62623, -1.42370, 916.71003, 47.52583, -28.58870, 13.07598
-5.62623, -0.71185, 916.71003, 46.99555, -28.58870, 13.30538
-5.62623, -0.71185, 919.77211, 46.99555, -29.04980, 13.53479
-4.92295, -0.71185, 916.71003, 46.99555, -29.04980, 13.30538
-4.92295, -0.71185, 916.71003, 46.99555, -29.04980, 13.07598
-4.21968, -0.71185, 916.71003, 46.99555, -29.51091, 13.07598
-5.62623, -0.71185, 916.71003, 46.46528, -29.51091, 13.07598
-5.62623, -1.42370, 919.77211, 46.46528, -29.51091, 12.84658
-4.92295, -2.13555, 919.77211, 45.93500, -29.97202, 13.07598
-4.92295, -2.13555, 919.77211, 45.93500, -29.51091, 13.07598
-4.92295, -2.13555, 916.71003, 45.93500, -29.51091, 13.07598
-4.92295, -2.13555, 916.71003, 45.93500, -29.51091, 12.84658
-4.21968, -2.13555, 916.71003, 45.93500, -29.51091, 12.84658
-4.21968, -1.42370, 916.71003, 46.46528, -29.97202, 13.07598
-5.62623, -1.42370, 916.71003, 45.93500, -29.51091, 13.30538
-5.62623, -2.13555, 916.71003, 45.93500, -29.04980, 13.07598
-6.32951, -1.42370, 916.71003, 45.40473, -29.04980, 13.07598
-5.62623, -2.13555, 916.71003, 45.40473, -29.04980, 12.84658
-6.32951, -2.13555, 916.71003, 45.40473, -29.04980, 12.84658
-5.62623, -2.13555, 916.71003, 45.93500, -29.51091, 13.07598
-5.62623, -2.13555, 916.71003, 46.46528, -29.51091, 13.07598
-4.92295, -1.42370, 916.71003, 46.46528, -29.51091, 13.07598
-5.62623, -2.13555, 913.64795, 46.46528, -29.97202, 13.07598
-6.32951, -1.42370, 916.71003, 45.93500, -29.51091, 13.07598
-5.62623, -2.13555, 916.71003, 45.93500, -30.43313, 13.07598
-5.62623, -1.42370, 916.71003, 45.93500, -30.43313, 12.84658
-4.92295, -1.42370, 916.71003, 45.93500, -30.43313, 13.30538
-4.92295,  0.00000, 916.71003, 46.46528, -30.89424, 13.30538
-4.92295, -0.71185, 916.71003, 46.46528, -30.89424, 13.07598
-4.21968, -1.42370, 919.77211, 45.93500, -31.35534, 13.07598
-5.62623, -2.13555, 916.71003, 45.40473, -30.89424, 13.07598
-5.62623, -1.42370, 916.71003, 45.40473, -30.89424, 13.07598
-4.92295, -1.42370, 916.71003, 45.93500, -30.89424, 13.30538
-4.21968, -1.42370, 919.77211, 45.93500, -31.35534, 13.07598
-3.51640, -2.13555, 919.77211, 45.93500, -31.81645, 13.07598
-4.21968, -2.13555, 916.71003, 45.93500, -31.81645, 13.07598
-4.92295, -2.13555, 913.64795, 45.40473, -31.35534, 13.07598
-4.92295, -2.13555, 913.64795, 45.40473, -31.35534, 13.07598
-5.62623, -2.13555, 913.64795, 45.40473, -31.35534, 13.07598
-5.62623, -2.13555, 916.71003, 45.40473, -31.81645, 13.30538
-4.21968, -2.13555, 916.71003, 45.40473, -32.27756, 12.84658
-3.51640, -2.13555, 916.71003, 46.46528, -32.27756, 12.84658
-3.51640, -2.13555, 916.71003, 46.46528, -31.81645, 12.84658
-4.21968, -2.13555, 916.71003, 45.93500, -31.81645, 12.84658
-4.92295, -1.42370, 916.71003, 45.93500, -31.35534, 12.84658
-4.92295, -1.42370, 919.77211, 46.46528, -30.89424, 13.07598
-4.21968, -0.71185, 916.71003, 46.46528, -31.35534, 13.07598
-3.51640, -1.42370, 919.77211, 46.46528, -31.81645, 12.84658
-3.51640, -1.42370, 916.71003, 45.93500, -31.81645, 13.07598
-4.92295, -2.13555, 916.71003, 45.40473, -31.35534, 13.07598
-6.32951, -1.42370, 916.71003, 45.40473, -31.35534, 13.30538
-4.92295, -1.42370, 916.71003, 45.93500, -31.35534, 13.30538
-3.51640, -1.42370, 916.71003, 45.40473, -31.81645, 13.30538
-3.51640, -1.42370, 916.71003, 45.40473, -31.81645, 13.07598
-4.21968, -2.84740, 916.71003, 44.34418, -31.35534, 12.84658
-5.62623, -2.13555, 916.71003, 45.40473, -30.89424, 12.61717
-4.92295, -2.13555, 916.71003, 44.87445, -30.89424, 12.84658
-4.21968, -2.13555, 916.71003, 44.87445, -30.89424, 12.84658
-4.92295, -2.13555, 916.71003, 45.40473, -30.89424, 12.61717
-5.62623, -2.13555, 916.71003, 45.93500, -30.43313, 12.61717
-5.62623, -2.13555, 916.71003, 45.40473, -29.97202, 12.61717
-5.62623, -2.84740, 919.77211, 44.87445, -29.97202, 13.07598
-4.92295, -2.84740, 919.77211, 44.87445, -29.97202, 13.30538
-5.62623, -2.84740, 922.83419, 44.87445, -29.97202, 13.30538
-5.62623, -2.13555, 919.77211, 45.40473, -29.51091, 13.30538
-5.62623, -1.42370, 919.77211, 45.40473, -29.04980, 13.53479
-6.32951, -0.71185, 916.71003, 45.40473, -29.04980, 13.76419
-6.32951, -1.42370, 916.71003, 45.40473, -29.04980, 13.76419
-7.03279, -1.42370, 913.64795, 45.40473, -28.58870, 13.76419
-6.32951, -1.42370, 913.64795, 45.40473, -28.58870, 13.53479
-5.62623, -2.84740, 916.71003, 45.40473, -29.04980, 13.07598
-4.21968, -2.84740, 916.71003, 45.40473, -29.51091, 13.07598
-4.92295, -2.84740, 916.71003, 45.40473, -29.51091, 13.30538
-5.62623, -2.13555, 916.71003, 45.40473, -29.51091, 13.30538
-7.03279, -2.13555, 916.71003, 45.93500, -28.58870, 13.30538
-6.32951, -2.13555, 916.71003, 46.46528, -29.04980, 13.30538
-4.92295, -2.13555, 916.71003, 46.46528, -29.04980, 13.30538
-4.21968, -2.13555, 916.71003, 46.46528, -29.51091, 13.30538
-4.21968, -2.84740, 916.71003, 46.46528, -29.51091, 13.07598
-4.92295, -2.13555, 916.71003, 46.46528, -29.51091, 13.07598
-5.62623, -0.71185, 916.71003, 46.99555, -29.51091, 13.07598
-6.32951, -0.71185, 913.64795, 48.05610, -29.04980, 12.84658
-5.62623, -0.71185, 916.71003, 48.58637, -29.04980, 12.84658
-4.92295,  0.00000, 913.64795, 48.05610, -29.51091, 12.61717
-4.92295, -0.71185, 916.71003, 47.52583, -29.51091, 12.84658
-5.62623, -0.71185, 919.77211, 46.99555, -29.51091, 12.84658
-7.03279,  0.00000, 919.77211, 46.99555, -29.04980, 12.84658
-6.32951, -0.71185, 916.71003, 46.99555, -28.58870, 12.61717
-5.62623, -0.71185, 916.71003, 46.99555, -29.04980, 12.84658
-4.92295, -0.71185, 916.71003, 46.99555, -29.04980, 13.07598
-4.21968, -1.42370, 919.77211, 45.40473, -29.04980, 13.30538
-5.62623, -2.84740, 922.83419, 44.87445, -29.04980, 13.30538
-6.32951, -2.84740, 919.77211, 45.40473, -29.04980, 13.30538
-5.62623, -2.13555, 916.71003, 45.40473, -29.04980, 12.84658
-4.92295, -2.84740, 913.64795, 45.40473, -29.04980, 12.61717
-4.92295, -2.13555, 916.71003, 44.87445, -29.04980, 12.61717
-5.62623, -2.84740, 916.71003, 44.34418, -29.04980, 12.84658
-5.62623, -2.84740, 916.71003, 44.34418, -28.58870, 12.84658
-5.62623, -2.84740, 916.71003, 44.87445, -28.58870, 12.84658
-4.92295, -2.84740, 916.71003, 45.40473, -29.04980, 12.84658
-4.21968, -2.84740, 919.77211, 45.40473, -29.04980, 12.84658
-4.92295, -2.84740, 916.71003, 44.34418, -29.04980, 12.84658
-4.92295, -2.84740, 916.71003, 43.81391, -29.04980, 13.07598
-5.62623, -2.84740, 922.83419, 43.81391, -28.58870, 13.30538
-5.62623, -2.13555, 919.77211, 44.87445, -28.58870, 13.53479
-4.92295, -2.13555, 919.77211, 44.87445, -29.04980, 13.30538
-4.92295, -1.42370, 919.77211, 44.34418, -29.04980, 13.07598
-4.21968, -2.13555, 916.71003, 44.87445, -29.51091, 13.30538
-4.21968, -2.13555, 916.71003, 44.87445, -29.04980, 13.30538
-4.21968, -2.13555, 916.71003, 45.40473, -29.04980, 13.30538
-4.92295, -0.71185, 916.71003, 45.93500, -28.58870, 13.53479
-5.62623, -1.42370, 916.71003, 45.93500, -28.58870, 13.07598
-4.92295, -2.13555, 919.77211, 46.46528, -28.58870, 13.07598
-3.51640, -2.13555, 916.71003, 46.99555, -29.51091, 13.30538
-3.51640, -2.13555, 919.77211, 47.52583, -29.51091, 13.07598
-3.51640, -1.42370, 919.77211, 47.52583, -29.51091, 13.30538
-4.92295, -1.42370, 916.71003, 48.05610, -28.58870, 13.30538
-5.62623, -1.42370, 916.71003, 49.11665, -28.12759, 13.07598
-5.62623, -1.42370, 916.71003, 49.64692, -27.66648, 13.30538
-4.92295, -1.42370, 916.71003, 49.11665, -28.12759, 13.30538
-4.92295, -1.42370, 919.77211, 49.11665, -28.58870, 13.53479
-4.92295, -1.42370, 922.83419, 48.58637, -28.58870, 13.76419
-5.62623, -0.71185, 919.77211, 48.58637, -28.12759, 13.76419
-6.32951, -0.71185, 916.71003, 48.58637, -27.66648, 13.30538
-6.32951, -0.71185, 913.64795, 49.11665, -27.66648, 13.07598
-6.32951, -2.13555, 916.71003, 48.58637, -27.66648, 12.84658
-6.32951, -2.13555, 919.77211, 48.05610, -27.66648, 13.07598
-7.73607, -1.42370, 916.71003, 48.05610, -27.20537, 13.07598
-7.03279,  0.00000, 913.64795, 48.05610, -27.20537, 12.84658
-6.32951, -0.71185, 916.71003, 48.58637, -27.66648, 13.07598
-5.62623, -0.71185, 919.77211, 47.52583, -28.58870, 12.84658
-5.62623, -1.42370, 916.71003, 46.99555, -28.12759, 12.61717
-5.62623, -2.13555, 919.77211, 46.46528, -28.58870, 12.84658
-6.32951, -2.84740, 916.71003, 47.52583, -28.58870, 12.84658
-5.62623, -0.71185, 916.71003, 47.52583, -29.04980, 13.07598
-4.21968, -0.71185, 913.64795, 48.58637, -29.97202, 12.84658
-3.51640, -0.71185, 916.71003, 48.58637, -30.43313, 13.07598
-3.51640, -1.42370, 919.77211, 47.52583, -30.43313, 12.84658
-3.51640, -2.84740, 916.71003, 47.52583, -30.43313, 12.61717
-3.51640, -2.13555, 919.77211, 47.52583, -30.43313, 12.84658
-4.21968, -1.42370, 922.83419, 48.05610, -30.43313, 13.07598
-4.92295, -0.71185, 919.77211, 47.52583, -30.43313, 13.07598
-4.92295, -0.71185, 916.71003, 48.05610, -30.43313, 13.30538
-3.51640, -1.42370, 916.71003, 47.52583, -30.89424, 13.30538
-2.81312, -1.42370, 919.77211, 46.99555, -30.89424, 13.07598
-2.81312, -2.84740, 922.83419, 46.46528, -30.89424, 13.07598
-3.51640, -2.84740, 922.83419, 47.52583, -30.89424, 12.84658
-4.21968, -1.42370, 919.77211, 47.52583, -30.43313, 13.30538
-5.62623, -1.42370, 916.71003, 47.52583, -29.97202, 13.53479
-6.32951, -1.42370, 916.71003, 46.99555, -29.97202, 13.76419
-7.03279, -2.13555, 916.71003, 46.99555, -29.51091, 13.99359
-5.62623, -2.13555, 919.77211, 46.99555, -29.51091, 13.76419
-5.62623, -2.84740, 919.77211, 46.46528, -29.51091, 13.30538
-4.21968, -2.13555, 919.77211, 47.52583, -29.51091, 13.30538
-4.21968, -2.84740, 919.77211, 46.99555, -29.51091, 13.07598
-5.62623, -3.55925, 919.77211, 46.99555, -29.04980, 13.07598
-6.32951, -3.55925, 916.71003, 46.99555, -28.58870, 13.07598
-4.92295, -2.84740, 916.71003, 48.05610, -28.58870, 13.07598
-4.21968, -2.84740, 919.77211, 47.52583, -29.04980, 13.07598
-4.92295, -2.13555, 919.77211, 48.05610, -29.04980, 13.07598
-5.62623, -2.13555, 916.71003, 49.11665, -29.04980, 13.07598
-5.62623, -0.71185, 913.64795, 49.11665, -29.04980, 12.84658
-5.62623, -0.71185, 913.64795, 49.64692, -28.58870, 13.07598
-6.32951,  0.00000, 919.77211, 49.64692, -29.04980, 13.07598
-5.62623,  0.00000, 916.71003, 50.70747, -29.04980, 13.07598
-4.92295,  0.00000, 919.77211, 50.17720, -29.04980, 12.84658
-4.92295,  0.71185, 916.71003, 50.17720, -29.04980, 12.84658
-4.92295,  0.71185, 919.77211, 50.17720, -29.51091, 12.84658
-5.62623,  1.42370, 919.77211, 49.11665, -29.04980, 12.61717
-4.92295,  1.42370, 919.77211, 49.64692, -29.04980, 12.61717
-5.62623,  0.00000, 922.83419, 49.64692, -29.04980, 12.61717
-5.62623,  0.00000, 919.77211, 48.58637, -29.04980, 12.84658
-5.62623, -0.71185, 919.77211, 48.05610, -29.04980, 12.84658
-5.62623, -0.71185, 916.71003, 47.52583, -28.58870, 12.61717
-5.62623, -2.13555, 913.64795, 46.46528, -28.58870, 12.84658
-5.62623, -2.13555, 913.64795, 45.93500, -28.58870, 12.84658
-5.62623, -2.84740, 916.71003, 45.40473, -28.58870, 13.07598
-5.62623, -2.84740, 916.71003, 45.40473, -28.58870, 13.30538
-4.21968, -4.27110, 919.77211, 43.81391, -29.04980, 13.07598
-4.92295, -4.98295, 919.77211, 43.81391, -29.04980, 13.30538
-5.62623, -4.27110, 919.77211, 43.81391, -28.58870, 13.30538
-5.62623, -3.55925, 919.77211, 44.87445, -28.58870, 13.30538
-5.62623, -3.55925, 916.71003, 44.87445, -28.12759, 13.07598
-5.62623, -4.27110, 919.77211, 45.40473, -29.04980, 13.07598
-5.62623, -3.55925, 919.77211, 45.40473, -29.04980, 13.07598
-5.62623, -3.55925, 919.77211, 44.87445, -28.58870, 13.07598
-5.62623, -3.55925, 919.77211, 44.34418, -28.12759, 13.07598
-6.32951, -2.84740, 919.77211, 44.34418, -28.12759, 13.53479
-7.03279, -2.84740, 919.77211, 45.40473, -28.12759, 13.76419
-7.03279, -2.13555, 919.77211, 46.46528, -28.12759, 13.53479
-6.32951, -1.42370, 916.71003, 46.99555, -28.58870, 13.76419
-4.92295, -1.42370, 919.77211, 46.99555, -28.58870, 13.30538
-4.92295, -2.13555, 919.77211, 46.99555, -28.58870, 13.30538
-4.92295, -2.13555, 919.77211, 46.46528, -28.58870, 13.07598
-4.92295, -1.42370, 919.77211, 46.99555, -28.58870, 13.07598
-5.62623, -0.71185, 919.77211, 48.05610, -29.04980, 12.84658
-5.62623, -1.42370, 919.77211, 48.58637, -29.51091, 12.84658
-4.21968, -0.71185, 922.83419, 48.58637, -30.43313, 12.84658
-4.21968, -1.42370, 919.77211, 48.58637, -30.43313, 12.84658
-3.51640, -1.42370, 916.71003, 48.58637, -30.43313, 12.84658
-4.21968, -1.42370, 919.77211, 48.05610, -30.43313, 13.07598
-4.21968, -1.42370, 919.77211, 48.05610, -30.89424, 13.30538
-4.92295, -1.42370, 919.77211, 47.52583, -30.89424, 13.30538
-4.21968, -1.42370, 916.71003, 48.05610, -30.89424, 13.07598
-2.81312, -1.42370, 916.71003, 48.05610, -31.81645, 12.84658
-2.10984, -2.13555, 919.77211, 48.05610, -32.27756, 12.61717
-2.10984, -2.13555, 922.83419, 47.52583, -31.81645, 12.61717
-2.81312, -1.42370, 919.77211, 46.99555, -31.81645, 12.38777
-4.92295, -2.13555, 919.77211, 46.46528, -30.89424, 12.61717
-5.62623, -2.13555, 919.77211, 46.46528, -30.89424, 13.07598
-5.62623, -1.42370, 919.77211, 47.52583, -30.89424, 13.07598
-5.62623, -1.42370, 919.77211, 47.52583, -30.89424, 13.30538
-4.21968, -2.13555, 919.77211, 48.05610, -31.35534, 13.07598
-2.81312, -2.13555, 922.83419, 48.05610, -31.81645, 13.30538
-2.81312, -2.13555, 919.77211, 47.52583, -31.81645, 13.07598
-4.21968, -2.13555, 919.77211, 48.58637, -31.35534, 12.84658
-4.92295, -1.42370, 916.71003, 48.58637, -30.89424, 13.07598
-4.92295, -0.71185, 916.71003, 48.58637, -30.43313, 13.07598
-4.21968, -1.42370, 922.83419, 48.58637, -31.35534, 12.84658
-3.51640, -2.13555, 922.83419, 48.58637, -31.35534, 12.38777
-3.51640, -1.42370, 922.83419, 48.58637, -31.35534, 12.61717
-4.21968, -0.71185, 919.77211, 49.11665, -30.89424, 13.07598
-4.21968,  0.00000, 919.77211, 49.64692, -30.89424, 13.07598
-4.92295,  0.00000, 922.83419, 49.64692, -30.89424, 13.07598
-5.62623, -0.71185, 922.83419, 49.64692, -30.89424, 13.07598
-5.62623, -0.71185, 919.77211, 49.11665, -30.43313, 13.30538
-4.92295, -0.71185, 916.71003, 48.58637, -30.43313, 13.30538
-4.92295,  0.00000, 916.71003, 48.05610, -30.43313, 13.53479
-5.62623, -0.71185, 919.77211, 48.58637, -30.43313, 13.53479
-5.62623, -1.42370, 919.77211, 48.05610, -30.89424, 13.53479
-4.21968, -1.42370, 919.77211, 47.52583, -30.89424, 13.30538
-4.21968, -1.42370, 919.77211, 47.52583, -30.89424, 13.07598
-4.21968, -2.13555, 922.83419, 46.99555, -30.89424, 13.07598
-4.21968, -1.42370, 919.77211, 46.46528, -31.35534, 12.84658
-4.92295, -2.13555, 919.77211, 46.99555, -31.35534, 13.07598
-4.21968, -2.13555, 919.77211, 46.46528, -31.35534, 12.84658
-2.81312, -2.84740, 922.83419, 46.46528, -31.81645, 12.84658
-2.10984, -2.84740, 919.77211, 45.93500, -31.81645, 12.61717
-3.51640, -3.55925, 919.77211, 45.40473, -31.35534, 12.84658
-4.92295, -2.84740, 919.77211, 45.40473, -31.35534, 12.84658
-4.92295, -2.13555, 919.77211, 46.46528, -30.89424, 12.84658
-5.62623, -2.13555, 919.77211, 46.46528, -31.35534, 12.84658
-4.92295, -2.84740, 916.71003, 45.93500, -31.35534, 12.84658
-4.21968, -2.84740, 919.77211, 45.40473, -31.81645, 12.84658
-4.92295, -2.84740, 919.77211, 45.40473, -31.81645, 12.61717
-4.92295, -2.84740, 922.83419, 45.93500, -31.81645, 12.61717
-4.92295, -2.13555, 919.77211, 46.46528, -31.81645, 12.61717
-4.21968, -2.13555, 916.71003, 45.93500, -31.81645, 12.61717
-4.21968, -2.13555, 916.71003, 45.93500, -31.35534, 12.61717
-4.21968, -1.42370, 919.77211, 45.93500, -31.35534, 13.07598
-4.21968, -2.84740, 922.83419, 45.40473, -31.35534, 13.07598
-4.92295, -2.84740, 919.77211, 45.93500, -31.81645, 13.07598
-4.21968, -2.13555, 919.77211, 46.99555, -31.81645, 13.07598
-3.51640, -2.13555, 922.83419, 46.99555, -31.81645, 12.84658
-4.21968, -2.13555, 922.83419, 45.93500, -31.81645, 13.30538
-5.62623, -2.13555, 919.77211, 45.40473, -31.35534, 13.53479
-5.62623, -2.13555, 919.77211, 45.40473, -30.89424, 13.53479
-5.62623, -2.84740, 919.77211, 45.40473, -31.35534, 13.30538
-4.92295, -2.84740, 916.71003, 45.93500, -30.89424, 13.30538
-4.92295, -2.84740, 916.71003, 46.46528, -30.89424, 13.07598
-5.62623, -2.13555, 916.71003, 45.93500, -30.89424, 13.07598
-4.92295, -2.13555, 919.77211, 45.93500, -30.43313, 13.30538
-4.21968, -2.84740, 919.77211, 45.93500, -30.89424, 13.30538
-4.92295, -2.84740, 919.77211, 46.46528, -30.89424, 13.30538
-5.62623, -2.84740, 922.83419, 46.99555, -31.35534, 12.84658
-5.62623, -2.84740, 916.71003, 45.93500, -30.89424, 12.84658
-4.92295, -2.84740, 916.71003, 45.93500, -30.89424, 13.07598
-5.62623, -2.84740, 916.71003, 45.93500, -30.89424, 13.07598
-5.62623, -2.13555, 919.77211, 46.46528, -30.89424, 13.30538
-5.62623, -2.13555, 919.77211, 46.99555, -30.89424, 13.30538
-4.92295, -2.13555, 919.77211, 48.05610, -31.35534, 13.30538
-5.62623, -2.13555, 922.83419, 47.52583, -31.35534, 13.30538
-4.92295, -2.13555, 922.83419, 46.99555, -31.81645, 13.07598
-5.62623, -1.42370, 919.77211, 46.46528, -31.81645, 12.84658
-6.32951, -0.71185, 916.71003, 47.52583, -31.35534, 12.84658
-4.92295, -1.42370, 919.77211, 48.05610, -31.81645, 12.38777
-4.92295, -2.13555, 922.83419, 48.05610, -31.81645, 12.61717
-4.92295, -1.42370, 922.83419, 48.05610, -31.81645, 12.61717
-5.62623, -0.71185, 919.77211, 48.05610, -31.35534, 12.61717
-4.92295, -1.42370, 919.77211, 48.58637, -31.81645, 12.61717
-4.92295, -0.71185, 919.77211, 48.58637, -31.81645, 12.84658
-5.62623, -0.71185, 916.71003, 48.58637, -31.81645, 12.84658
-5.62623, -0.71185, 919.77211, 48.05610, -31.81645, 12.84658
-4.92295, -2.13555, 916.71003, 47.52583, -32.27756, 12.84658
-3.51640, -2.13555, 919.77211, 46.46528, -32.27756, 12.61717
-4.21968, -2.13555, 916.71003, 47.52583, -32.27756, 12.38777
-4.21968, -2.84740, 919.77211, 46.99555, -32.27756, 12.38777
-3.51640, -2.84740, 922.83419, 46.99555, -32.27756, 12.84658
-3.51640, -2.84740, 919.77211, 46.99555, -31.81645, 12.84658
-3.51640, -2.84740, 919.77211, 46.46528, -31.81645, 12.84658
-4.21968, -2.13555, 913.64795, 46.99555, -31.35534, 13.07598
-4.21968, -2.84740, 916.71003, 46.99555, -30.89424, 13.30538
-4.92295, -2.13555, 919.77211, 48.05610, -31.35534, 13.30538
-4.92295, -2.13555, 922.83419, 48.58637, -31.35534, 13.07598
-5.62623, -1.42370, 922.83419, 49.64692, -31.35534, 13.30538
-5.62623, -0.71185, 916.71003, 49.64692, -30.89424, 13.53479
-4.92295, -0.71185, 913.64795, 49.11665, -30.89424, 13.30538
-6.32951, -0.71185, 913.64795, 48.58637, -30.43313, 13.30538
-6.32951, -0.71185, 919.77211, 49.11665, -30.43313, 13.53479
-6.32951, -0.71185, 922.83419, 49.64692, -30.89424, 13.07598
-6.32951, -0.71185, 925.89627, 50.17720, -30.89424, 13.30538
-5.62623, -0.71185, 919.77211, 49.64692, -30.89424, 13.07598
-4.92295, -0.71185, 916.71003, 49.11665, -31.35534, 13.07598
-4.92295, -1.42370, 916.71003, 48.58637, -30.89424, 13.07598
-4.21968, -0.71185, 919.77211, 48.05610, -30.89424, 13.07598
-4.21968, -1.42370, 922.83419, 48.05610, -30.89424, 13.07598
-5.62623, -2.13555, 919.77211, 48.05610, -31.35534, 13.07598
-5.62623, -1.42370, 919.77211, 48.58637, -31.35534, 13.07598
-4.92295, -1.42370, 919.77211, 48.58637, -31.35534, 12.84658
-4.21968, -2.13555, 919.77211, 48.05610, -31.35534, 12.84658
-3.51640, -2.84740, 922.83419, 47.52583, -31.81645, 12.84658
-4.21968, -3.55925, 919.77211, 46.99555, -31.81645, 12.84658
-4.92295, -2.84740, 922.83419, 47.52583, -31.81645, 12.84658
-5.62623, -2.13555, 919.77211, 48.05610, -31.81645, 12.84658
-4.92295, -1.42370, 916.71003, 48.58637, -30.89424, 13.07598
-4.92295, -0.71185, 916.71003, 48.58637, -30.89424, 12.84658
-5.62623, -0.71185, 916.71003, 48.58637, -30.43313, 12.84658
-4.92295, -1.42370, 919.77211, 48.05610, -30.89424, 12.84658
-4.92295, -1.42370, 919.77211, 48.05610, -30.43313, 12.84658
-5.62623, -1.42370, 919.77211, 48.05610, -30.43313, 12.61717
-6.32951, -1.42370, 919.77211, 49.11665, -30.43313, 12.61717
-6.32951, -0.71185, 916.71003, 49.64692, -29.97202, 12.84658
-6.32951, -1.42370, 916.71003, 50.17720, -29.51091, 12.84658
-6.32951, -2.13555, 916.71003, 49.64692, -29.51091, 12.84658
-7.03279, -2.13555, 916.71003, 49.11665, -29.04980, 12.84658
-6.32951, -2.13555, 919.77211, 48.05610, -29.51091, 12.84658
-4.21968, -1.42370, 919.77211, 48.05610, -29.97202, 13.07598
-4.92295, -2.13555, 919.77211, 48.58637, -30.43313, 13.30538
-5.62623, -2.13555, 919.77211, 49.11665, -29.97202, 13.07598
-6.32951, -2.13555, 919.77211, 49.64692, -29.97202, 13.07598
-6.32951, -2.13555, 916.71003, 49.11665, -29.97202, 13.07598
-4.92295, -2.13555, 916.71003, 48.58637, -30.43313, 13.30538
-4.92295, -2.84740, 916.71003, 48.05610, -30.89424, 13.30538
-4.92295, -2.13555, 919.77211, 48.58637, -31.35534, 13.30538
-4.92295, -1.42370, 922.83419, 49.11665, -31.81645, 13.30538
-4.21968, -2.13555, 922.83419, 49.64692, -32.27756, 13.07598
-4.21968, -1.42370, 919.77211, 49.64692, -32.27756, 13.30538
-4.92295, -1.42370, 919.77211, 49.11665, -31.35534, 13.30538
-5.62623, -0.71185, 916.71003, 49.64692, -31.35534, 13.30538
-6.32951,  0.00000, 916.71003, 49.64692, -31.35534, 13.07598
-6.32951,  0.00000, 919.77211, 50.17720, -31.81645, 13.07598
-4.92295, -1.42370, 925.89627, 50.17720, -32.73867, 12.84658
-3.51640, -0.71185, 922.83419, 49.64692, -32.27756, 12.84658
-4.21968, -1.42370, 919.77211, 49.11665, -32.27756, 12.84658
-5.62623, -1.42370, 916.71003, 48.58637, -31.35534, 13.07598
-6.32951, -0.71185, 916.71003, 48.58637, -31.81645, 13.07598
-5.62623, -0.71185, 916.71003, 49.64692, -31.81645, 13.30538
-4.21968, -0.71185, 916.71003, 49.64692, -32.27756, 13.07598
-2.81312, -1.42370, 919.77211, 49.64692, -32.27756, 12.84658
-3.51640, -2.13555, 916.71003, 49.11665, -32.27756, 12.84658
-5.62623, -2.13555, 919.77211, 49.11665, -31.81645, 12.84658
-6.32951, -1.42370, 919.77211, 49.11665, -31.35534, 13.07598
-6.32951, -1.42370, 916.71003, 49.11665, -31.35534, 12.84658
-4.92295, -1.42370, 919.77211, 48.58637, -31.81645, 12.84658
-5.62623, -2.13555, 919.77211, 48.58637, -32.27756, 12.84658
-4.92295, -1.42370, 922.83419, 48.58637, -32.27756, 13.07598
-4.92295, -1.42370, 919.77211, 48.58637, -32.73867, 13.07598
-4.92295, -2.13555, 919.77211, 48.58637, -32.27756, 12.84658
-4.92295, -2.13555, 919.77211, 48.58637, -32.27756, 13.07598
-6.32951, -2.13555, 919.77211, 48.05610, -32.27756, 13.07598
-6.32951, -2.13555, 916.71003, 46.46528, -32.27756, 13.07598
-5.62623, -2.13555, 916.71003, 45.93500, -32.73867, 13.30538
-5.62623, -2.84740, 919.77211, 46.46528, -32.73867, 13.07598
-5.62623, -2.84740, 919.77211, 46.99555, -32.73867, 13.07598
-5.62623, -2.84740, 919.77211, 47.52583, -32.73867, 13.07598
-4.92295, -3.55925, 916.71003, 47.52583, -33.19978, 12.84658
-4.21968, -4.27110, 919.77211, 46.46528, -33.66088, 12.84658
-4.21968, -4.27110, 919.77211, 45.93500, -33.66088, 13.07598
-4.21968, -4.27110, 919.77211, 45.93500, -33.66088, 13.30538
-4.92295, -3.55925, 916.71003, 45.93500, -33.66088, 13.07598
-5.62623, -2.84740, 913.64795, 47.52583, -33.66088, 13.07598
-5.62623, -2.13555, 913.64795, 48.05610, -33.66088, 13.07598
-4.92295, -2.13555, 916.71003, 48.58637, -34.12199, 13.07598
-4.21968, -2.13555, 916.71003, 49.11665, -34.58310, 13.07598
-4.92295, -1.42370, 919.77211, 49.11665, -35.04421, 13.07598
-5.62623, -2.13555, 916.71003, 48.58637, -34.58310, 12.84658
-4.92295, -0.71185, 913.64795, 48.58637, -34.58310, 13.07598
-4.92295, -0.71185, 916.71003, 49.64692, -35.04421, 13.07598
-4.21968, -0.71185, 919.77211, 50.70747, -35.50532, 12.84658
-3.51640,  0.00000, 919.77211, 50.70747, -35.50532, 12.61717
-3.51640, -0.71185, 919.77211, 50.70747, -35.50532, 12.84658
-4.21968, -0.71185, 919.77211, 50.17720, -35.04421, 12.84658
-4.92295, -0.71185, 919.77211, 49.64692, -34.12199, 12.84658
-6.32951, -0.71185, 919.77211, 50.17720, -34.12199, 13.07598
-6.32951, -0.71185, 919.77211, 50.70747, -33.66088, 12.84658
-5.62623,  0.00000, 919.77211, 51.23774, -34.12199, 12.84658
-4.92295,  0.00000, 916.71003, 50.70747, -33.66088, 13.07598
-4.92295,  0.00000, 916.71003, 50.17720, -33.66088, 13.07598
-6.32951, -1.42370, 913.64795, 50.17720, -33.66088, 12.84658
-6.32951, -0.71185, 916.71003, 49.11665, -33.66088, 13.07598
-7.03279, -1.42370, 916.71003, 49.11665, -33.66088, 12.84658
-5.62623, -2.13555, 916.71003, 49.11665, -34.12199, 13.07598
-4.21968, -2.13555, 916.71003, 48.58637, -34.58310, 13.07598
-4.92295, -2.13555, 916.71003, 48.58637, -34.12199, 12.84658
-5.62623, -2.84740, 919.77211, 48.58637, -34.12199, 12.61717
-5.62623, -3.55925, 919.77211, 48.58637, -34.12199, 12.61717
-5.62623, -3.55925, 919.77211, 48.05610, -33.66088, 12.84658
-6.32951, -2.84740, 919.77211, 48.05610, -33.19978, 12.84658
-6.32951, -2.13555, 916.71003, 48.05610, -33.66088, 12.84658
-6.32951, -1.42370, 916.71003, 48.58637, -33.66088, 13.07598
-6.32951, -2.13555, 916.71003, 48.58637, -33.66088, 13.30538
-5.62623, -1.42370, 916.71003, 48.58637, -33.66088, 12.84658
-5.62623, -2.13555, 916.71003, 48.58637, -34.12199, 13.07598
-4.92295, -2.84740, 919.77211, 48.58637, -34.58310, 13.07598
-4.92295, -2.84740, 919.77211, 48.58637, -34.58310, 13.30538
-4.92295, -2.84740, 919.77211, 48.05610, -34.58310, 13.30538
-6.32951, -2.13555, 919.77211, 48.58637, -34.12199, 13.30538
-5.62623, -1.42370, 919.77211, 49.64692, -33.66088, 13.30538
-5.62623, -1.42370, 919.77211, 49.64692, -33.66088, 13.30538
-5.62623, -1.42370, 916.71003, 49.64692, -34.12199, 13.30538
-4.92295, -1.42370, 919.77211, 49.11665, -34.58310, 13.30538
-4.92295, -1.42370, 919.77211, 48.58637, -34.12199, 13.53479
-6.32951, -1.42370, 919.77211, 49.11665, -33.66088, 13.53479
-6.32951, -0.71185, 916.71003, 50.17720, -33.66088, 13.30538
-6.32951, -0.71185, 916.71003, 50.17720, -34.12199, 13.07598
-6.32951, -0.71185, 913.64795, 50.17720, -34.58310, 13.30538
-4.92295, -0.71185, 916.71003, 50.17720, -35.04421, 13.07598
-4.92295,  0.00000, 919.77211, 49.64692, -35.04421, 13.07598
-4.21968, -1.42370, 919.77211, 48.58637, -34.58310, 12.84658
-4.92295, -2.13555, 919.77211, 48.05610, -34.58310, 12.61717
-5.62623, -2.84740, 919.77211, 47.52583, -34.12199, 12.84658
-4.92295, -2.13555, 919.77211, 46.99555, -34.58310, 12.84658
-4.92295, -2.13555, 922.83419, 46.99555, -34.58310, 12.84658
-4.92295, -1.42370, 919.77211, 47.52583, -34.58310, 12.84658
-4.21968, -2.13555, 916.71003, 48.05610, -34.58310, 12.84658
-3.51640, -2.13555, 916.71003, 48.05610, -34.58310, 12.84658
-4.21968, -2.84740, 919.77211, 46.99555, -35.04421, 12.61717
-4.92295, -3.55925, 919.77211, 46.99555, -34.58310, 12.38777
-4.92295, -2.84740, 919.77211, 47.52583, -34.58310, 12.61717
-4.92295, -1.42370, 916.71003, 47.52583, -34.12199, 12.61717
-4.21968, -2.13555, 919.77211, 48.05610, -34.12199, 12.61717
-3.51640, -2.13555, 919.77211, 48.05610, -34.12199, 12.61717
-4.21968, -2.13555, 919.77211, 48.05610, -34.12199, 12.84658
-4.92295, -2.13555, 919.77211, 48.05610, -33.66088, 12.84658
-5.62623, -2.13555, 919.77211, 48.05610, -33.66088, 13.07598
-5.62623, -2.13555, 919.77211, 48.05610, -33.66088, 13.07598
-6.32951, -2.13555, 919.77211, 48.58637, -33.66088, 13.30538
-5.62623, -1.42370, 919.77211, 49.11665, -33.66088, 13.30538
-5.62623, -1.42370, 919.77211, 49.11665, -33.66088, 13.30538
-5.62623, -1.42370, 919.77211, 49.11665, -33.66088, 13.53479
-6.32951, -1.42370, 919.77211, 49.11665, -33.19978, 13.53479
-6.32951, -2.13555, 919.77211, 48.05610, -33.19978, 13.30538
-7.03279, -2.13555, 916.71003, 48.05610, -33.19978, 13.30538
-6.32951, -1.42370, 919.77211, 48.58637, -33.66088, 13.30538
-5.62623, -0.71185, 919.77211, 49.64692, -33.66088, 13.07598
-4.92295,  0.00000, 919.77211, 50.17720, -34.58310, 13.07598
-3.51640, -0.71185, 919.77211, 49.11665, -35.50532, 12.84658
-3.51640, -0.71185, 919.77211, 49.11665, -35.04421, 12.84658
-4.92295, -1.42370, 919.77211, 48.58637, -35.50532, 12.84658
-5.62623, -2.13555, 919.77211, 47.52583, -35.96642, 12.84658
-3.51640, -1.42370, 919.77211, 46.99555, -36.42753, 13.07598
-2.81312, -2.84740, 919.77211, 46.99555, -36.88864, 12.84658
-2.81312, -3.55925, 922.83419, 46.99555, -37.34975, 12.61717
-2.10984, -3.55925, 919.77211, 46.99555, -38.27196, 12.84658
-2.81312, -3.55925, 916.71003, 46.46528, -37.81086, 12.38777
-3.51640, -4.27110, 916.71003, 46.46528, -37.34975, 12.61717
-2.81312, -4.98295, 919.77211, 45.40473, -37.81086, 12.61717
-3.51640, -4.98295, 919.77211, 45.40473, -37.81086, 12.61717
-2.10984, -4.27110, 922.83419, 45.93500, -37.34975, 12.61717
-2.10984, -3.55925, 919.77211, 46.46528, -36.88864, 12.61717
-3.51640, -2.84740, 919.77211, 46.46528, -36.42753, 12.84658
-5.62623, -2.13555, 916.71003, 46.46528, -35.50532, 13.07598
-7.03279, -1.42370, 916.71003, 47.52583, -35.04421, 13.53479
-7.03279, -0.71185, 916.71003, 48.05610, -35.04421, 13.53479
-6.32951, -1.42370, 916.71003, 48.58637, -35.04421, 13.30538
-4.92295, -2.13555, 916.71003, 48.58637, -35.50532, 13.07598
-4.21968, -1.42370, 919.77211, 49.11665, -35.50532, 13.07598
-4.21968, -0.71185, 922.83419, 49.11665, -35.50532, 13.30538
-4.21968, -0.71185, 919.77211, 49.64692, -35.50532, 13.07598
-5.62623, -0.71185, 919.77211, 50.17720, -35.04421, 13.30538
-5.62623, -0.71185, 919.77211, 50.17720, -35.50532, 13.07598
-4.92295, -0.71185, 919.77211, 49.64692, -35.50532, 13.30538
-5.62623,  0.00000, 916.71003, 50.17720, -35.04421, 13.30538
-6.32951,  0.00000, 913.64795, 50.70747, -35.50532, 13.53479
-6.32951,  0.00000, 916.71003, 50.70747, -35.04421, 13.30538
-5.62623, -0.71185, 913.64795, 50.17720, -35.50532, 13.30538
-4.92295, -1.42370, 913.64795, 50.17720, -35.96642, 13.07598
-4.92295, -2.13555, 919.77211, 49.11665, -36.42753, 12.84658
-5.62623, -2.13555, 919.77211, 49.11665, -36.42753, 13.07598
-7.03279, -0.71185, 919.77211, 49.64692, -35.96642, 12.84658
-6.32951, -0.71185, 916.71003, 50.17720, -35.96642, 12.61717
-4.92295, -1.42370, 919.77211, 49.64692, -36.42753, 12.61717
-4.21968, -2.13555, 916.71003, 48.58637, -36.42753, 12.61717
-5.62623, -2.84740, 916.71003, 47.52583, -36.42753, 12.38777
-5.62623, -3.55925, 919.77211, 46.99555, -35.96642, 12.38777
-5.62623, -2.84740, 919.77211, 47.52583, -35.96642, 12.38777
-4.92295, -2.84740, 919.77211, 47.52583, -35.96642, 12.61717
-5.62623, -2.84740, 916.71003, 47.52583, -36.88864, 12.38777
-4.92295, -2.84740, 916.71003, 46.99555, -36.88864, 12.38777
-4.92295, -3.55925, 916.71003, 46.99555, -36.88864, 12.38777
-4.21968, -3.55925, 916.71003, 46.46528, -36.88864, 12.38777
-4.92295, -3.55925, 916.71003, 46.46528, -36.88864, 12.61717
-5.62623, -4.27110, 916.71003, 46.99555, -36.88864, 12.84658
-4.92295, -3.55925, 916.71003, 47.52583, -37.34975, 12.61717
-4.21968, -3.55925, 919.77211, 48.05610, -37.81086, 12.84658
-4.92295, -2.84740, 919.77211, 48.58637, -37.81086, 12.84658
-4.92295, -2.13555, 913.64795, 49.11665, -37.34975, 13.07598
-4.92295, -2.13555, 916.71003, 49.11665, -37.34975, 13.07598
-4.92295, -2.13555, 913.64795, 49.11665, -37.34975, 13.30538
-4.92295, -2.84740, 919.77211, 49.64692, -37.81086, 13.53479
-3.51640, -1.42370, 919.77211, 50.70747, -38.27196, 13.30538
-4.21968, -0.71185, 919.77211, 51.23774, -38.27196, 13.30538
-4.21968, -0.71185, 919.77211, 51.76802, -37.81086, 13.53479
-4.21968, -0.71185, 916.71003, 52.29829, -37.34975, 13.53479
-5.62623,  0.00000, 916.71003, 52.82857, -36.88864, 13.53479
-5.62623,  0.00000, 919.77211, 53.35884, -36.88864, 13.53479
-6.32951,  0.00000, 919.77211, 53.88912, -37.34975, 13.30538
-4.21968,  0.71185, 916.71003, 54.41939, -37.34975, 12.84658
-4.92295,  0.71185, 913.64795, 54.41939, -36.88864, 12.84658
-5.62623,  0.71185, 916.71003, 53.88912, -36.42753, 12.84658
-4.92295,  0.71185, 916.71003, 53.35884, -35.96642, 13.07598
-4.92295,  0.71185, 919.77211, 53.88912, -36.42753, 12.84658
-4.21968,  0.71185, 919.77211, 53.88912, -36.42753, 12.61717
-4.92295,  0.71185, 919.77211, 53.88912, -35.96642, 12.38777
-6.32951,  0.71185, 916.71003, 53.35884, -35.50532, 12.61717
-6.32951,  0.00000, 913.64795, 52.82857, -35.50532, 12.61717
-5.62623,  0.00000, 913.64795, 51.76802, -35.50532, 12.84658
-5.62623, -0.71185, 916.71003, 51.23774, -35.96642, 12.61717
-4.92295, -1.42370, 919.77211, 50.70747, -35.96642, 12.38777
-4.21968, -1.42370, 916.71003, 50.70747, -36.42753, 12.61717
-4.21968, -2.84740, 919.77211, 50.70747, -36.42753, 12.61717
-4.92295, -2.84740, 919.77211, 50.17720, -36.42753, 12.61717
-4.92295, -2.84740, 919.77211, 49.64692, -35.50532, 12.61717
-5.62623, -2.84740, 916.71003, 49.64692, -35.04421, 12.84658
-6.32951, -2.84740, 916.71003, 49.64692, -34.58310, 12.84658
-7.03279, -2.13555, 916.71003, 49.64692, -34.58310, 13.07598
-7.03279, -3.55925, 919.77211, 49.11665, -34.58310, 13.07598
-6.32951, -2.84740, 916.71003, 49.11665, -34.58310, 12.84658
-6.32951, -2.13555, 916.71003, 49.11665, -34.58310, 13.07598
-5.62623, -2.84740, 919.77211, 48.05610, -34.58310, 13.53479
-5.62623, -2.84740, 913.64795, 48.05610, -34.12199, 13.53479
-4.92295, -2.84740, 916.71003, 48.05610, -34.12199, 13.30538
-4.92295, -2.13555, 919.77211, 48.58637, -33.66088, 13.53479
-5.62623, -2.13555, 919.77211, 49.11665, -33.66088, 13.53479
-5.62623, -1.42370, 919.77211, 49.11665, -33.66088, 13.30538
-5.62623, -2.13555, 919.77211, 49.11665, -33.19978, 13.30538
-5.62623, -2.13555, 919.77211, 49.11665, -33.19978, 13.30538
-4.92295, -2.13555, 919.77211, 49.11665, -33.19978, 13.07598
-4.92295, -2.13555, 919.77211, 49.64692, -32.73867, 13.07598
-6.32951, -2.13555, 919.77211, 50.17720, -31.81645, 13.07598
-6.32951, -1.42370, 919.77211, 50.70747, -31.35534, 13.30538
-6.32951, -1.42370, 916.71003, 51.23774, -31.35534, 13.30538
-6.32951, -0.71185, 919.77211, 51.76802, -31.81645, 13.30538
-6.32951, -1.42370, 916.71003, 51.76802, -31.81645, 13.07598
-7.03279, -0.71185, 913.64795, 51.23774, -31.35534, 12.84658
-7.03279, -1.42370, 916.71003, 51.23774, -31.81645, 12.61717
-6.32951, -0.71185, 916.71003, 51.23774, -31.81645, 12.38777
-6.32951, -1.42370, 916.71003, 51.23774, -32.27756, 12.38777
-6.32951, -1.42370, 916.71003, 51.23774, -31.81645, 12.15837
-6.32951, -0.71185, 913.64795, 51.23774, -31.81645, 12.38777
-5.62623, -1.42370, 919.77211, 50.70747, -32.73867, 12.61717
-4.92295, -1.42370, 919.77211, 50.17720, -32.27756, 12.61717
-4.92295, -2.13555, 919.77211, 49.64692, -32.27756, 12.84658
-5.62623, -2.13555, 919.77211, 49.11665, -32.27756, 13.07598
-6.32951, -1.42370, 919.77211, 49.11665, -31.81645, 13.30538
-7.03279, -1.42370, 916.71003, 50.17720, -31.81645, 13.30538
-6.32951, -0.71185, 916.71003, 50.70747, -31.81645, 13.07598
-5.62623, -1.42370, 916.71003, 50.70747, -31.81645, 13.30538
-5.62623, -1.42370, 916.71003, 49.64692, -31.81645, 13.07598
-4.92295, -2.13555, 916.71003, 49.64692, -31.81645, 13.07598
-4.92295, -1.42370, 916.71003, 49.11665, -31.81645, 13.30538
-4.92295, -2.13555, 919.77211, 49.11665, -31.81645, 13.07598
-6.32951, -2.13555, 919.77211, 49.64692, -31.35534, 13.30538
-6.32951, -2.84740, 919.77211, 49.64692, -31.35534, 13.30538
-6.32951, -2.13555, 919.77211, 48.58637, -31.35534, 13.30538
-5.62623, -2.84740, 916.71003, 48.58637, -31.81645, 13.30538
-5.62623, -3.55925, 916.71003, 48.58637, -31.35534, 13.30538
-5.62623, -2.84740, 916.71003, 48.05610, -31.81645, 13.30538
-6.32951, -2.84740, 916.71003, 48.05610, -31.35534, 13.07598
-5.62623, -2.84740, 919.77211, 48.05610, -31.35534, 12.84658
-5.62623, -3.55925, 919.77211, 48.58637, -31.81645, 13.07598
-4.92295, -2.84740, 919.77211, 49.11665, -31.81645, 13.30538
-4.21968, -2.84740, 919.77211, 49.11665, -31.81645, 13.30538
-4.92295, -1.42370, 919.77211, 49.64692, -31.81645, 12.84658
-6.32951, -1.42370, 916.71003, 49.64692, -31.35534, 13.07598
-7.03279, -1.42370, 916.71003, 49.64692, -31.35534, 13.07598
-5.62623, -1.42370, 916.71003, 49.64692, -31.35534, 13.07598
-4.92295, -1.42370, 922.83419, 50.17720, -30.89424, 13.30538
-5.62623, -1.42370, 922.83419, 50.70747, -31.35534, 13.30538
-5.62623, -0.71185, 919.77211, 51.23774, -30.89424, 13.07598
-6.32951,  0.00000, 916.71003, 51.76802, -30.89424, 12.84658
-7.03279,  0.00000, 919.77211, 51.23774, -30.89424, 13.07598
-7.03279, -0.71185, 919.77211, 51.76802, -30.89424, 12.84658
-6.32951,  0.00000, 919.77211, 51.76802, -31.35534, 12.84658
-5.62623, -1.42370, 919.77211, 51.23774, -31.35534, 12.84658
-4.92295, -1.42370, 919.77211, 51.23774, -31.81645, 12.84658
-7.03279, -1.42370, 916.71003, 50.70747, -31.35534, 12.84658
-6.32951, -0.71185, 913.64795, 50.70747, -31.35534, 12.84658
-5.62623, -1.42370, 913.64795, 50.17720, -31.81645, 13.07598
-4.92295, -2.13555, 919.77211, 50.17720, -32.27756, 12.84658
-4.92295, -2.84740, 919.77211, 49.64692, -32.73867, 12.84658
-5.62623, -2.13555, 919.77211, 49.64692, -32.73867, 12.84658
-5.62623, -2.13555, 916.71003, 49.64692, -32.73867, 12.84658
-4.92295, -2.84740, 919.77211, 49.11665, -33.19978, 13.07598
-4.92295, -2.84740, 916.71003, 49.11665, -33.66088, 12.84658
-4.92295, -2.84740, 919.77211, 48.58637, -33.66088, 12.84658
-4.21968, -2.84740, 916.71003, 48.05610, -34.12199, 12.84658
-4.21968, -2.84740, 919.77211, 48.58637, -34.58310, 12.84658
-4.21968, -3.55925, 916.71003, 47.52583, -34.12199, 12.84658
-4.92295, -2.84740, 916.71003, 48.58637, -34.12199, 12.84658
-4.21968, -2.13555, 919.77211, 49.11665, -34.58310, 12.61717
-2.81312, -1.42370, 916.71003, 50.17720, -35.50532, 12.61717
-2.10984, -2.13555, 919.77211, 49.64692, -35.50532, 12.84658
-2.10984, -2.13555, 919.77211, 49.64692, -35.50532, 12.84658
-2.10984, -2.13555, 919.77211, 49.11665, -35.50532, 13.07598
-2.81312, -2.84740, 919.77211, 48.58637, -35.04421, 13.07598
-2.81312, -2.13555, 919.77211, 49.11665, -34.58310, 13.07598
-3.51640, -2.13555, 916.71003, 49.11665, -34.12199, 13.07598
-3.51640, -1.42370, 916.71003, 49.64692, -33.66088, 12.84658
-3.51640, -1.42370, 916.71003, 49.64692, -33.66088, 12.84658
-3.51640, -2.13555, 916.71003, 50.17720, -33.19978, 12.84658
-4.21968, -2.84740, 919.77211, 49.64692, -33.19978, 12.84658
-4.92295, -2.84740, 919.77211, 49.64692, -32.73867, 12.61717
-5.62623, -2.84740, 916.71003, 49.11665, -31.35534, 13.07598
-5.62623, -2.84740, 916.71003, 49.11665, -30.89424, 13.30538
-5.62623, -2.84740, 916.71003, 48.58637, -30.89424, 13.53479
-7.03279, -2.13555, 919.77211, 49.64692, -30.89424, 13.53479
-8.43935, -2.13555, 919.77211, 51.23774, -30.43313, 13.07598
-9.14263, -2.13555, 916.71003, 51.23774, -29.51091, 12.61717
-8.43935, -2.13555, 919.77211, 51.76802, -29.51091, 12.61717
-6.32951, -2.13555, 916.71003, 52.82857, -29.97202, 12.84658
-5.62623, -1.42370, 919.77211, 52.82857, -30.43313, 13.07598
-5.62623, -0.71185, 919.77211, 53.35884, -30.89424, 13.53479
-5.62623,  0.71185, 922.83419, 54.41939, -31.35534, 13.99359
-4.92295,  1.42370, 925.89627, 53.88912, -31.81645, 13.76419
-6.32951,  0.71185, 922.83419, 53.35884, -31.81645, 13.30538
-6.32951,  0.00000, 919.77211, 54.41939, -30.89424, 13.07598
-6.32951,  0.71185, 916.71003, 54.94966, -30.89424, 12.61717
-6.32951,  0.00000, 919.77211, 53.88912, -30.43313, 12.84658
-6.32951, -0.71185, 919.77211, 53.35884, -31.35534, 12.84658
-6.32951,  0.00000, 919.77211, 52.82857, -30.89424, 12.84658
-7.03279,  0.00000, 913.64795, 52.82857, -30.43313, 12.61717
-7.03279, -0.71185, 913.64795, 52.82857, -30.89424, 12.61717
-5.62623, -2.84740, 922.83419, 51.23774, -31.81645, 12.61717
-5.62623, -2.84740, 922.83419, 50.70747, -32.27756, 12.61717
-4.92295, -1.42370, 916.71003, 52.29829, -32.27756, 12.61717
-4.21968, -0.71185, 916.71003, 52.82857, -33.19978, 12.61717
-3.51640, -1.42370, 916.71003, 51.76802, -33.66088, 12.61717
-3.51640, -2.84740, 922.83419, 50.70747, -34.58310, 12.61717
-2.81312, -2.84740, 919.77211, 49.64692, -35.04421, 12.61717
-2.81312, -2.84740, 919.77211, 49.11665, -35.50532, 12.84658
-3.51640, -3.55925, 916.71003, 48.58637, -35.04421, 13.07598
-4.21968, -3.55925, 916.71003, 48.05610, -33.66088, 13.30538
-5.62623, -3.55925, 916.71003, 48.05610, -33.19978, 13.53479
-7.03279, -2.84740, 916.71003, 48.58637, -32.73867, 13.30538
-6.32951, -2.84740, 916.71003, 49.11665, -32.73867, 13.07598
-6.32951, -2.84740, 916.71003, 49.11665, -32.73867, 12.84658
-4.92295, -3.55925, 916.71003, 49.11665, -33.19978, 12.84658
-4.21968, -3.55925, 919.77211, 48.58637, -33.66088, 12.84658
-3.51640, -2.84740, 919.77211, 48.58637, -34.12199, 12.61717
-3.51640, -2.13555, 919.77211, 49.64692, -33.66088, 12.61717
-4.21968, -1.42370, 916.71003, 50.70747, -33.66088, 12.38777
-4.21968, -2.13555, 916.71003, 50.70747, -33.66088, 12.61717
-4.92295, -2.84740, 919.77211, 49.64692, -33.66088, 12.61717
-4.92295, -2.13555, 919.77211, 50.17720, -33.66088, 12.61717
-5.62623, -1.42370, 916.71003, 51.23774, -32.73867, 12.38777
-5.62623, -0.71185, 916.71003, 51.76802, -33.19978, 12.61717
-4.21968, -0.71185, 919.77211, 52.29829, -33.19978, 12.84658
-4.92295, -0.71185, 919.77211, 52.29829, -32.73867, 12.61717
-5.62623, -0.71185, 916.71003, 52.29829, -32.27756, 12.84658
-6.32951,  0.00000, 916.71003, 52.29829, -31.81645, 12.61717
-5.62623, -0.71185, 916.71003, 52.29829, -32.27756, 12.61717
-5.62623, -1.42370, 919.77211, 51.76802, -32.73867, 12.61717
