
-5.62623, -2.84740, 916.71003, 48.05610, -11.52770, 13.44876
-4.92295, -3.55925, 916.71003, 47.52583, -11.98881, 13.67816
-4.92295, -3.55925, 916.71003, 47.52583, -12.44992, 13.67816
-4.21968, -2.84740, 919.77211, 48.05610, -12.91102, 13.67816
-4.21968, -3.55925, 919.77211, 48.05610, -13.37213, 13.67816
-4.21968, -2.84740, 919.77211, 48.05610, -13.83324, 13.44876
-3.51640, -2.84740, 916.71003, 48.05610, -14.29435, 13.21936
-3.51640, -2.84740, 919.77211, 48.05610, -14.75546, 13.44876
-4.21968, -2.84740, 916.71003, 48.05610, -14.75546, 13.21936
-4.21968, -2.13555, 916.71003, 48.05610, -15.21656, 13.21936
-3.51640, -2.84740, 913.64795, 48.05610, -15.21656, 13.44876
-2.81312, -2.84740, 919.77211, 48.58637, -16.13878, 13.67816
-2.10984, -2.13555, 919.77211, 48.58637, -16.13878, 13.67816
-2.81312, -2.13555, 919.77211, 48.58637, -16.13878, 13.67816
-2.10984, -2.13555, 916.71003, 48.05610, -15.67767, 13.67816
-3.51640, -2.84740, 916.71003, 48.05610, -15.21656, 13.90757
-3.51640, -2.13555, 916.71003, 48.58637, -15.21656, 14.13697
-3.51640, -2.13555, 919.77211, 49.11665, -14.75546, 13.90757
-3.51640, -2.13555, 919.77211, 49.11665, -15.21656, 13.90757
-4.21968, -2.13555, 919.77211, 49.64692, -15.21656, 13.90757
-4.92295, -1.42370, 919.77211, 49.64692, -14.75546, 13.67816
-4.92295, -1.42370, 913.64795, 49.64692, -15.21656, 13.44876
-4.92295, -1.42370, 916.71003, 49.64692, -14.29435, 13.44876
-4.21968, -1.42370, 916.71003, 50.17720, -13.83324, 13.44876
-4.21968, -1.42370, 916.71003, 50.17720, -14.29435, 13.44876
-3.51640, -0.71185, 919.77211, 50.70747, -14.29435, 13.44876
-3.51640, -0.71185, 919.77211, 50.70747, -14.29435, 13.21936
-4.92295, -0.71185, 913.64795, 50.70747, -14.29435, 12.98995
-4.92295, -0.71185, 913.64795, 51.23774, -14.29435, 12.98995
-4.21968, -0.71185, 916.71003, 50.70747, -14.29435, 12.98995
-4.21968, -0.71185, 919.77211, 50.70747, -14.29435, 13.21936
-3.51640, -1.42370, 919.77211, 50.70747, -14.75546, 12.98995
-2.81312, -1.42370, 919.77211, 50.70747, -15.21656, 12.98995
-3.51640, -2.13555, 919.77211, 50.70747, -14.75546, 13.21936
-4.21968, -1.42370, 919.77211, 50.17720, -14.29435, 12.98995
-4.21968, -2.13555, 919.77211, 50.70747, -14.29435, 13.21936
-4.92295, -2.13555, 916.71003, 49.64692, -13.83324, 13.21936
-4.92295, -2.13555, 916.71003, 49.64692, -13.83324, 13.67816
-6.32951, -2.84740, 919.77211, 49.11665, -13.37213, 13.67816
-7.03279, -2.84740, 916.71003, 49.11665, -13.37213, 13.67816
-6.32951, -2.13555, 916.71003, 48.58637, -12.91102, 13.90757
-5.62623, -2.84740, 916.71003, 48.58637, -12.91102, 13.90757
-5.62623, -2.84740, 919.77211, 48.58637, -13.37213, 13.90757
-4.92295, -2.84740, 919.77211, 48.58637, -13.37213, 13.90757
-4.92295, -3.55925, 916.71003, 48.58637, -13.37213, 13.67816
-4.21968, -3.55925, 919.77211, 48.05610, -13.83324, 13.67816
-3.51640, -3.55925, 919.77211, 48.05610, -14.29435, 13.67816
-4.21968, -3.55925, 919.77211, 48.58637, -14.29435, 13.90757
-4.21968, -3.55925, 919.77211, 48.05610, -13.37213, 13.90757
-5.62623, -2.84740, 916.71003, 48.05610, -13.37213, 13.67816
-6.32951, -2.13555, 916.71003, 48.05610, -12.91102, 13.67816
-5.62623, -2.84740, 916.71003, 48.05610, -14.29435, 13.90757
-4.21968, -3.55925, 919.77211, 48.05610, -14.29435, 13.90757
-4.21968, -2.84740, 919.77211, 48.05610, -14.75546, 13.67816
-3.51640, -2.13555, 922.83419, 48.05610, -14.75546, 13.67816
-4.21968, -1.42370, 919.77211, 48.58637, -14.75546, 13.67816
-4.92295, -2.13555, 919.77211, 48.05610, -14.29435, 13.67816
-5.62623, -2.84740, 919.77211, 47.52583, -13.83324, 13.90757
-5.62623, -2.84740, 919.77211, 47.52583, -13.83324, 13.90757
-4.92295, -2.84740, 916.71003, 48.05610, -13.83324, 13.90757
-4.21968, -2.84740, 916.71003, 47.52583, -14.29435, 13.67816
-4.21968, -3.55925, 916.71003, 47.52583, -14.75546, 13.44876
-4.21968, -2.84740, 913.64795, 48.58637, -14.29435, 13.44876
-4.92295, -2.84740, 913.64795, 49.11665, -14.29435, 13.44876
-4.21968, -2.13555, 916.71003, 49.11665, -14.29435, 13.44876
-4.92295, -2.13555, 916.71003, 49.64692, -14.29435, 13.44876
-4.92295, -2.84740, 919.77211, 49.11665, -14.75546, 13.21936
-4.21968, -2.13555, 922.83419, 49.64692, -14.29435, 13.21936
-4.92295, -2.13555, 916.71003, 50.17720, -14.75546, 12.98995
-3.51640, -2.13555, 919.77211, 50.70747, -14.75546, 12.98995
-3.51640, -2.13555, 919.77211, 50.70747, -15.21656, 12.76055
-3.51640, -2.13555, 916.71003, 51.23774, -15.21656, 12.76055
-3.51640, -1.42370, 916.71003, 51.76802, -15.21656, 12.76055
-4.21968, -2.13555, 916.71003, 51.76802, -15.21656, 12.98995
-4.92295, -2.13555, 916.71003, 51.76802, -14.75546, 13.44876
-4.92295, -1.42370, 916.71003, 52.29829, -14.29435, 13.44876
-6.32951, -1.42370, 916.71003, 52.29829, -14.29435, 13.67816
-5.62623, -1.42370, 913.64795, 51.76802, -14.29435, 13.44876
-4.92295, -2.13555, 916.71003, 51.23774, -14.75546, 13.67816
-4.21968, -2.13555, 916.71003, 51.23774, -14.29435, 13.90757
-4.92295, -1.42370, 919.77211, 51.23774, -14.75546, 13.90757
-4.92295, -1.42370, 916.71003, 51.23774, -14.75546, 13.90757
-4.92295, -2.13555, 916.71003, 51.23774, -14.75546, 13.90757
-4.21968, -2.13555, 919.77211, 51.23774, -14.75546, 13.90757
-5.62623, -2.13555, 916.71003, 50.70747, -14.29435, 13.44876
-4.92295, -2.13555, 919.77211, 50.70747, -14.29435, 13.90757
-4.92295, -2.13555, 919.77211, 50.17720, -14.29435, 13.90757
-4.92295, -1.42370, 919.77211, 50.70747, -13.83324, 13.67816
-4.92295, -1.42370, 919.77211, 50.70747, -13.83324, 13.67816
-4.92295, -1.42370, 919.77211, 51.76802, -13.83324, 13.67816
-5.62623, -1.42370, 916.71003, 51.23774, -13.83324, 13.67816
-5.62623, -1.42370, 919.77211, 50.70747, -13.37213, 13.67816
-5.62623, -1.42370, 916.71003, 50.17720, -13.83324, 13.67816
-4.92295, -1.42370, 916.71003, 50.17720, -13.37213, 13.67816
-4.92295, -1.42370, 916.71003, 50.17720, -13.83324, 13.67816
-4.92295, -2.13555, 919.77211, 51.23774, -13.37213, 13.44876
-4.92295, -2.84740, 919.77211, 51.23774, -13.83324, 13.21936
-4.92295, -2.13555, 919.77211, 50.70747, -13.37213, 13.21936
-5.62623, -1.42370, 919.77211, 50.70747, -13.37213, 13.44876
-5.62623, -1.42370, 916.71003, 50.17720, -12.91102, 13.67816
-6.32951, -1.42370, 916.71003, 50.70747, -13.37213, 13.67816
-6.32951, -2.13555, 916.71003, 50.70747, -13.37213, 13.21936
-4.92295, -2.13555, 919.77211, 50.17720, -13.83324, 13.21936
-4.21968, -2.84740, 913.64795, 50.17720, -14.29435, 13.21936
-4.21968, -2.84740, 916.71003, 50.17720, -14.29435, 13.21936
-3.51640, -2.13555, 919.77211, 50.17720, -14.75546, 13.44876
-2.10984, -2.84740, 919.77211, 50.17720, -15.21656, 13.21936
-2.10984, -2.84740, 919.77211, 50.17720, -15.21656, 13.21936
-3.51640, -3.55925, 919.77211, 50.17720, -14.75546, 13.21936
-4.21968, -2.13555, 919.77211, 50.17720, -14.29435, 13.21936
-4.92295, -2.13555, 919.77211, 50.17720, -14.29435, 13.44876
-4.92295, -2.84740, 919.77211, 49.64692, -13.83324, 13.67816
-4.92295, -2.84740, 919.77211, 49.11665, -13.83324, 13.90757
-4.92295, -2.84740, 922.83419, 49.64692, -13.37213, 13.90757
-5.62623, -2.84740, 919.77211, 49.11665, -12.91102, 13.90757
-5.62623, -2.84740, 916.71003, 49.11665, -12.91102, 13.90757
-4.92295, -2.13555, 916.71003, 49.11665, -12.91102, 13.90757
-5.62623, -2.13555, 916.71003, 49.11665, -12.91102, 13.67816
-4.92295, -2.13555, 916.71003, 49.11665, -12.91102, 13.67816
-4.92295, -2.84740, 916.71003, 49.11665, -12.91102, 13.67816
-4.21968, -2.84740, 919.77211, 48.58637, -12.91102, 13.67816
-4.21968, -2.13555, 919.77211, 49.11665, -12.44992, 13.67816
-4.21968, -2.13555, 919.77211, 49.11665, -12.44992, 13.67816
-4.92295, -2.13555, 919.77211, 49.64692, -12.44992, 13.67816
-4.21968, -2.84740, 919.77211, 49.64692, -12.44992, 13.67816
-4.21968, -2.84740, 919.77211, 49.64692, -12.44992, 13.67816
-4.92295, -2.13555, 919.77211, 49.64692, -12.44992, 13.21936
-4.21968, -2.13555, 919.77211, 49.64692, -12.44992, 13.21936
-4.21968, -2.13555, 916.71003, 49.64692, -12.44992, 13.21936
-4.92295, -2.13555, 919.77211, 49.64692, -12.44992, 13.21936
-4.92295, -2.13555, 919.77211, 49.64692, -11.98881, 13.44876
-4.92295, -2.13555, 916.71003, 49.11665, -11.98881, 13.21936
-4.21968, -3.55925, 919.77211, 49.11665, -12.44992, 13.21936
-3.51640, -3.55925, 919.77211, 48.58637, -12.44992, 13.21936
-4.21968, -3.55925, 919.77211, 48.58637, -12.44992, 13.44876
-4.92295, -3.55925, 919.77211, 48.58637, -12.44992, 13.44876
-4.92295, -2.84740, 919.77211, 48.58637, -11.98881, 13.44876
-3.51640, -2.84740, 919.77211, 48.05610, -11.98881, 13.44876
-4.21968, -3.55925, 919.77211, 49.11665, -12.44992, 13.67816
-4.21968, -2.84740, 916.71003, 49.64692, -11.98881, 13.67816
-4.92295, -2.84740, 916.71003, 49.11665, -11.52770, 13.21936
-4.21968, -2.84740, 916.71003, 48.58637, -11.52770, 13.44876
-4.21968, -2.84740, 916.71003, 49.11665, -11.52770, 13.44876
-3.51640, -2.13555, 919.77211, 49.64692, -11.98881, 13.67816
-3.51640, -2.13555, 919.77211, 50.17720, -11.52770, 13.67816
-4.21968, -2.13555, 925.89627, 50.17720, -11.52770, 13.67816
-5.62623, -2.13555, 919.77211, 50.17720, -11.06659, 13.67816
-6.32951, -1.42370, 919.77211, 50.70747, -10.60548, 13.67816
-6.32951, -1.42370, 919.77211, 50.17720, -10.14438, 13.90757
-5.62623, -2.13555, 922.83419, 49.64692, -10.60548, 13.90757
-3.51640, -2.13555, 919.77211, 49.64692, -10.60548, 13.67816
-4.21968, -2.13555, 919.77211, 49.64692, -10.60548, 13.67816
-4.21968, -2.84740, 919.77211, 49.64692, -10.60548, 13.67816
-4.21968, -2.13555, 922.83419, 50.17720, -10.60548, 13.67816
-4.21968, -2.84740, 919.77211, 49.64692, -11.06659, 13.67816
-4.21968, -2.13555, 919.77211, 49.64692, -10.60548, 13.67816
-4.92295, -2.13555, 919.77211, 50.17720, -10.60548, 13.67816
-4.92295, -2.13555, 916.71003, 49.64692, -10.14438, 13.90757
-4.92295, -2.13555, 919.77211, 50.17720, -10.60548, 13.90757
-4.21968, -2.84740, 922.83419, 50.17720, -10.60548, 13.67816
-3.51640, -2.84740, 922.83419, 49.64692, -11.06659, 13.67816
-3.51640, -2.13555, 919.77211, 49.64692, -10.60548, 13.67816
-4.21968, -2.13555, 922.83419, 49.11665, -11.06659, 13.67816
-4.21968, -2.13555, 919.77211, 49.64692, -10.60548, 13.67816
-5.62623, -2.13555, 919.77211, 49.11665, -10.60548, 13.90757
-4.92295, -2.13555, 919.77211, 49.11665, -10.60548, 13.67816
-4.92295, -2.13555, 919.77211, 49.11665, -10.60548, 13.44876
-4.21968, -2.84740, 916.71003, 49.11665, -10.60548, 13.21936
-3.51640, -2.84740, 919.77211, 49.11665, -11.52770, 13.44876
-2.81312, -2.84740, 919.77211, 49.11665, -11.52770, 13.21936
-2.81312, -2.84740, 919.77211, 49.64692, -11.06659, 13.21936
-3.51640, -3.55925, 922.83419, 49.11665, -11.06659, 13.44876
-3.51640, -2.84740, 922.83419, 50.17720, -10.60548, 13.21936
-3.51640, -2.13555, 919.77211, 50.17720, -10.60548, 13.21936
-4.92295, -2.13555, 919.77211, 50.70747, -10.14438, 13.44876
-4.92295, -1.42370, 919.77211, 50.70747, -10.14438, 13.44876
-5.62623, -1.42370, 919.77211, 50.70747, -9.68327, 13.44876
-5.62623, -2.13555, 916.71003, 50.70747, -9.68327, 13.44876
-4.21968, -1.42370, 919.77211, 50.70747, -10.14438, 13.67816
-4.92295, -2.13555, 919.77211, 51.23774, -10.14438, 13.44876
-3.51640, -1.42370, 919.77211, 51.23774, -10.14438, 13.44876
-3.51640, -2.13555, 919.77211, 50.70747, -10.14438, 13.44876
-4.21968, -1.42370, 916.71003, 50.70747, -9.68327, 13.44876
-4.21968, -1.42370, 919.77211, 51.76802, -10.14438, 13.67816
-4.21968, -2.13555, 919.77211, 51.23774, -10.14438, 13.44876
-4.92295, -2.13555, 919.77211, 50.70747, -9.68327, 13.44876
-4.92295, -1.42370, 919.77211, 50.17720, -9.68327, 13.44876
-4.92295, -1.42370, 922.83419, 50.17720, -9.68327, 13.44876
-4.92295, -1.42370, 919.77211, 50.17720, -10.14438, 13.67816
-4.21968, -2.13555, 919.77211, 50.17720, -10.60548, 13.67816
-4.21968, -2.13555, 922.83419, 49.11665, -10.60548, 13.67816
-4.92295, -2.84740, 919.77211, 48.58637, -10.14438, 13.67816
-3.51640, -2.84740, 916.71003, 48.05610, -10.14438, 13.90757
-3.51640, -2.13555, 919.77211, 46.99555, -10.60548, 14.13697
-3.51640, -2.84740, 919.77211, 46.99555, -10.60548, 13.90757
-4.21968, -3.55925, 922.83419, 46.99555, -10.60548, 14.13697
-4.21968, -3.55925, 919.77211, 48.05610, -9.68327, 14.36637
-4.21968, -3.55925, 919.77211, 48.05610, -9.22216, 14.13697
-5.62623, -2.84740, 919.77211, 47.52583, -8.76105, 14.13697
-5.62623, -2.84740, 919.77211, 47.52583, -8.76105, 14.13697
-6.32951, -2.84740, 919.77211, 48.05610, -8.29994, 14.36637
-6.32951, -2.84740, 916.71003, 48.58637, -7.83884, 14.13697
-7.03279, -2.84740, 919.77211, 48.05610, -7.83884, 13.90757
-7.03279, -2.84740, 919.77211, 48.58637, -7.37773, 13.90757
-7.03279, -2.84740, 919.77211, 49.11665, -6.91662, 13.90757
-6.32951, -2.13555, 919.77211, 49.64692, -7.37773, 13.67816
-5.62623, -2.84740, 919.77211, 49.64692, -7.37773, 13.67816
-5.62623, -2.84740, 919.77211, 49.64692, -7.37773, 13.44876
-6.32951, -2.84740, 919.77211, 49.64692, -7.83884, 13.44876
-6.32951, -2.84740, 919.77211, 50.17720, -7.83884, 13.21936
-5.62623, -2.84740, 919.77211, 50.17720, -7.83884, 12.98995
-5.62623, -2.84740, 916.71003, 50.70747, -8.29994, 12.98995
-5.62623, -2.13555, 919.77211, 50.17720, -8.29994, 12.98995
-4.92295, -2.13555, 919.77211, 49.64692, -9.22216, 12.98995
-5.62623, -2.84740, 919.77211, 49.64692, -9.22216, 12.98995
-6.32951, -2.84740, 919.77211, 50.17720, -9.22216, 13.21936
-5.62623, -2.84740, 919.77211, 49.64692, -9.68327, 13.21936
-5.62623, -2.84740, 916.71003, 49.11665, -10.14438, 13.21936
-4.92295, -2.84740, 916.71003, 48.58637, -10.60548, 13.21936
-4.21968, -2.84740, 916.71003, 48.58637, -10.60548, 13.67816
-2.81312, -2.84740, 919.77211, 48.58637, -11.06659, 13.44876
-2.81312, -3.55925, 919.77211, 48.58637, -11.52770, 13.44876
-2.10984, -4.27110, 919.77211, 48.58637, -11.98881, 13.21936
-2.81312, -4.27110, 922.83419, 48.58637, -11.52770, 13.67816
-3.51640, -3.55925, 922.83419, 49.11665, -11.06659, 13.90757
-4.92295, -2.84740, 919.77211, 49.11665, -10.60548, 13.90757
-4.92295, -2.84740, 922.83419, 49.11665, -11.06659, 13.90757
-4.92295, -2.13555, 919.77211, 49.64692, -11.06659, 14.13697
-4.92295, -2.13555, 919.77211, 49.64692, -11.06659, 13.90757
-4.92295, -2.13555, 922.83419, 49.64692, -11.06659, 13.90757
-4.92295, -2.13555, 919.77211, 50.17720, -11.52770, 13.90757
-4.92295, -2.13555, 919.77211, 49.64692, -11.06659, 13.90757
-4.21968, -2.13555, 919.77211, 49.64692, -11.52770, 13.90757
-4.21968, -2.13555, 919.77211, 49.64692, -11.52770, 13.90757
-4.21968, -2.13555, 919.77211, 50.17720, -11.52770, 13.90757
-4.21968, -2.13555, 919.77211, 50.17720, -11.52770, 13.90757
-4.21968, -2.84740, 919.77211, 50.17720, -11.52770, 13.90757
-4.21968, -2.13555, 922.83419, 50.70747, -11.52770, 13.90757
-3.51640, -2.13555, 919.77211, 50.70747, -11.52770, 13.90757
-4.21968, -2.13555, 919.77211, 50.70747, -11.52770, 13.67816
-4.21968, -2.13555, 919.77211, 51.23774, -11.52770, 13.67816
-3.51640, -1.42370, 919.77211, 51.76802, -11.98881, 13.44876
-3.51640, -0.71185, 919.77211, 52.29829, -11.98881, 13.21936
-4.21968, -0.71185, 919.77211, 52.82857, -12.44992, 13.21936
-4.92295, -1.42370, 916.71003, 52.29829, -12.44992, 13.21936
-4.21968, -2.13555, 919.77211, 51.76802, -12.91102, 13.44876
-2.81312, -2.13555, 922.83419, 51.76802, -13.37213, 13.21936
-2.10984, -2.13555, 922.83419, 51.76802, -13.37213, 13.21936
-2.10984, -2.13555, 919.77211, 51.76802, -13.37213, 12.98995
-2.10984, -2.13555, 919.77211, 52.29829, -12.91102, 13.21936
-2.81312, -1.42370, 916.71003, 52.29829, -12.44992, 13.21936
-2.81312, -2.13555, 916.71003, 52.29829, -11.98881, 13.21936
-3.51640, -1.42370, 922.83419, 52.29829, -11.52770, 13.44876
-4.21968, -2.13555, 919.77211, 52.29829, -11.06659, 13.67816
-4.21968, -2.13555, 919.77211, 52.29829, -10.60548, 13.67816
-3.51640, -2.13555, 919.77211, 51.76802, -10.60548, 13.67816
-4.92295, -1.42370, 916.71003, 52.29829, -10.14438, 13.67816
-5.62623, -0.71185, 916.71003, 52.29829, -9.68327, 13.67816
-5.62623, -0.71185, 916.71003, 52.29829, -9.68327, 13.67816
-6.32951, -0.71185, 916.71003, 52.82857, -9.22216, 13.67816
-6.32951, -0.71185, 916.71003, 52.29829, -9.22216, 13.90757
-5.62623, -0.71185, 919.77211, 51.76802, -9.68327, 13.67816
-4.92295, -1.42370, 919.77211, 50.70747, -9.68327, 13.90757
-5.62623, -1.42370, 919.77211, 51.23774, -9.22216, 13.90757
-5.62623, -0.71185, 922.83419, 51.76802, -9.22216, 13.67816
-4.92295, -0.71185, 922.83419, 52.29829, -9.22216, 13.67816
-4.92295, -1.42370, 925.89627, 52.29829, -8.76105, 13.90757
-6.32951, -0.71185, 922.83419, 51.76802, -8.29994, 13.67816
-7.03279, -1.42370, 919.77211, 51.23774, -8.29994, 13.90757
-7.03279, -1.42370, 919.77211, 51.23774, -8.29994, 13.90757
-6.32951, -1.42370, 919.77211, 50.70747, -8.29994, 13.67816
-6.32951, -1.42370, 919.77211, 50.70747, -8.29994, 13.44876
-5.62623, -1.42370, 916.71003, 50.17720, -8.29994, 13.44876
-4.92295, -2.13555, 919.77211, 50.70747, -8.76105, 13.21936
-4.92295, -2.84740, 922.83419, 50.70747, -8.76105, 13.44876
-4.92295, -2.84740, 919.77211, 49.64692, -9.22216, 13.21936
-4.21968, -2.84740, 919.77211, 49.11665, -9.22216, 13.21936
-4.21968, -2.84740, 919.77211, 49.11665, -9.22216, 13.44876
-4.92295, -2.84740, 919.77211, 49.11665, -9.22216, 13.21936
-5.62623, -3.55925, 919.77211, 48.58637, -8.76105, 13.21936
-5.62623, -4.27110, 919.77211, 48.58637, -8.76105, 13.44876
-5.62623, -4.27110, 919.77211, 48.05610, -8.76105, 13.44876
-4.92295, -4.27110, 919.77211, 47.52583, -9.22216, 13.44876
-3.51640, -4.27110, 919.77211, 48.05610, -9.22216, 13.21936
-4.21968, -4.27110, 919.77211, 47.52583, -9.68327, 13.44876
-3.51640, -4.27110, 922.83419, 47.52583, -9.22216, 13.90757
-4.21968, -4.27110, 919.77211, 48.05610, -9.22216, 13.67816
-5.62623, -4.27110, 916.71003, 48.05610, -8.76105, 13.90757
-4.92295, -3.55925, 916.71003, 48.05610, -8.29994, 13.90757
-4.92295, -2.84740, 919.77211, 48.58637, -8.76105, 14.13697
-4.21968, -2.84740, 922.83419, 49.11665, -8.76105, 13.90757
-4.21968, -3.55925, 919.77211, 49.11665, -8.29994, 13.67816
-4.92295, -3.55925, 922.83419, 48.58637, -8.29994, 13.90757
-5.62623, -3.55925, 922.83419, 48.58637, -8.29994, 14.13697
-6.32951, -2.13555, 922.83419, 48.58637, -7.83884, 14.13697
-7.03279, -1.42370, 919.77211, 48.58637, -7.37773, 14.13697
-7.03279, -1.42370, 916.71003, 49.11665, -7.37773, 14.13697
-7.03279, -2.13555, 919.77211, 49.11665, -7.37773, 14.13697
-7.03279, -1.42370, 919.77211, 50.17720, -7.37773, 13.90757
-6.32951, -0.71185, 919.77211, 50.17720, -7.83884, 13.90757
-5.62623, -2.13555, 919.77211, 50.17720, -7.83884, 13.44876
-4.92295, -1.42370, 916.71003, 50.70747, -8.29994, 13.67816
-4.92295, -2.13555, 919.77211, 50.70747, -8.29994, 13.44876
-4.92295, -2.13555, 919.77211, 50.17720, -8.29994, 13.44876
-4.92295, -2.13555, 922.83419, 50.17720, -8.76105, 13.21936
-4.92295, -2.13555, 922.83419, 51.23774, -8.76105, 13.21936
-5.62623, -1.42370, 919.77211, 51.23774, -8.76105, 12.98995
-4.92295, -2.13555, 919.77211, 50.70747, -9.22216, 13.21936
-4.92295, -2.13555, 919.77211, 50.17720, -9.22216, 13.44876
-4.92295, -2.13555, 916.71003, 49.64692, -9.68327, 13.21936
-5.62623, -2.84740, 916.71003, 49.64692, -9.68327, 12.98995
-4.21968, -2.84740, 919.77211, 49.64692, -10.14438, 13.21936
-4.21968, -3.55925, 922.83419, 49.64692, -10.14438, 13.44876
-4.21968, -3.55925, 919.77211, 49.11665, -10.14438, 13.44876
-4.21968, -3.55925, 919.77211, 48.58637, -10.14438, 13.67816
-4.92295, -4.27110, 919.77211, 48.05610, -10.14438, 13.90757
-5.62623, -3.55925, 919.77211, 48.05610, -9.68327, 14.13697
-4.92295, -2.84740, 919.77211, 48.58637, -10.14438, 14.13697
-5.62623, -3.55925, 919.77211, 49.11665, -9.68327, 14.13697
-4.92295, -2.84740, 922.83419, 49.64692, -10.14438, 14.13697
-4.92295, -2.13555, 919.77211, 49.64692, -10.60548, 13.90757
-3.51640, -2.13555, 919.77211, 49.64692, -11.06659, 13.90757
-3.51640, -2.13555, 916.71003, 49.64692, -10.60548, 13.90757
-4.21968, -2.13555, 919.77211, 50.17720, -11.06659, 13.67816
-4.21968, -2.13555, 919.77211, 50.17720, -11.52770, 13.90757
-3.51640, -2.84740, 919.77211, 50.17720, -11.52770, 13.90757
-4.21968, -2.13555, 919.77211, 50.17720, -11.52770, 13.67816
-4.21968, -1.42370, 919.77211, 50.17720, -11.52770, 13.90757
-4.21968, -2.84740, 919.77211, 50.17720, -11.52770, 13.67816
-3.51640, -1.42370, 919.77211, 50.70747, -11.52770, 13.90757
-4.21968, -1.42370, 916.71003, 51.23774, -11.98881, 13.67816
-3.51640, -1.42370, 919.77211, 50.70747, -11.98881, 13.67816
-3.51640, -2.13555, 919.77211, 50.70747, -12.44992, 13.67816
-3.51640, -2.13555, 922.83419, 51.23774, -11.98881, 13.67816
-2.81312, -2.13555, 916.71003, 51.23774, -11.52770, 13.44876
-3.51640, -1.42370, 916.71003, 51.23774, -11.98881, 13.44876
-4.21968, -2.13555, 916.71003, 51.76802, -11.52770, 13.44876
-4.21968, -2.13555, 916.71003, 51.23774, -11.52770, 13.44876
-4.21968, -2.84740, 919.77211, 50.70747, -11.52770, 13.44876
-4.21968, -2.84740, 919.77211, 50.70747, -11.06659, 13.67816
-4.92295, -2.84740, 919.77211, 50.70747, -10.60548, 13.21936
-4.92295, -2.84740, 919.77211, 51.23774, -10.60548, 13.44876
-4.92295, -2.13555, 919.77211, 51.23774, -10.60548, 13.44876
-4.92295, -2.13555, 919.77211, 51.76802, -10.14438, 13.67816
-5.62623, -1.42370, 919.77211, 52.29829, -10.14438, 13.67816
-5.62623, -2.13555, 916.71003, 52.82857, -9.68327, 13.44876
-5.62623, -1.42370, 919.77211, 52.82857, -9.68327, 13.21936
-6.32951, -1.42370, 916.71003, 52.82857, -9.22216, 13.21936
-7.03279, -2.13555, 916.71003, 52.29829, -9.22216, 13.44876
-7.03279, -2.13555, 916.71003, 51.76802, -9.68327, 13.67816
-7.03279, -2.13555, 916.71003, 51.23774, -9.68327, 13.90757
-5.62623, -1.42370, 919.77211, 51.23774, -10.14438, 13.67816
-4.92295, -2.13555, 922.83419, 51.76802, -11.06659, 13.67816
-5.62623, -2.84740, 919.77211, 50.70747, -10.60548, 13.67816
-5.62623, -3.55925, 916.71003, 50.17720, -10.14438, 13.67816
-5.62623, -3.55925, 916.71003, 49.64692, -10.60548, 13.90757
-5.62623, -2.84740, 919.77211, 50.17720, -10.60548, 13.90757
-4.92295, -2.84740, 916.71003, 50.70747, -11.06659, 14.13697
-4.92295, -3.55925, 919.77211, 50.70747, -11.06659, 13.90757
-4.21968, -3.55925, 916.71003, 50.70747, -11.52770, 13.67816
-4.21968, -2.84740, 916.71003, 51.23774, -11.52770, 13.67816
-4.21968, -2.84740, 916.71003, 51.76802, -11.98881, 13.67816
-4.21968, -2.13555, 919.77211, 51.76802, -11.98881, 13.67816
-3.51640, -2.84740, 919.77211, 51.23774, -12.91102, 13.67816
-2.10984, -2.84740, 922.83419, 51.23774, -13.37213, 13.67816
-2.81312, -2.13555, 922.83419, 51.23774, -12.91102, 13.44876
-2.81312, -2.13555, 919.77211, 51.76802, -13.37213, 13.21936
-3.51640, -2.13555, 916.71003, 52.29829, -13.37213, 13.44876
-3.51640, -2.13555, 916.71003, 51.76802, -13.37213, 13.67816
-3.51640, -1.42370, 916.71003, 51.76802, -12.91102, 13.90757
-3.51640, -1.42370, 916.71003, 51.76802, -12.91102, 13.90757
-4.21968, -1.42370, 916.71003, 51.76802, -12.91102, 13.67816
-4.21968, -2.13555, 919.77211, 51.76802, -11.98881, 13.67816
-3.51640, -2.13555, 919.77211, 51.76802, -11.98881, 13.90757
-4.21968, -1.42370, 919.77211, 51.76802, -11.52770, 13.90757
-5.62623, -1.42370, 919.77211, 51.76802, -11.06659, 13.90757
-6.32951, -2.13555, 919.77211, 52.29829, -10.14438, 13.90757
-7.03279, -2.13555, 916.71003, 51.76802, -10.14438, 13.90757
-5.62623, -1.42370, 913.64795, 51.76802, -10.14438, 13.67816
-4.92295, -1.42370, 916.71003, 51.76802, -9.68327, 13.67816
-4.92295, -2.13555, 916.71003, 51.76802, -9.68327, 13.44876
-4.92295, -2.13555, 919.77211, 51.76802, -9.22216, 13.44876
-4.92295, -2.84740, 919.77211, 52.29829, -8.76105, 13.44876
-5.62623, -2.84740, 916.71003, 51.76802, -8.29994, 13.44876
-6.32951, -2.13555, 919.77211, 51.76802, -7.83884, 13.67816
-6.32951, -2.84740, 919.77211, 51.76802, -7.83884, 13.67816
-6.32951, -2.84740, 922.83419, 52.29829, -7.83884, 13.67816
-5.62623, -2.84740, 919.77211, 51.76802, -8.29994, 13.67816
-6.32951, -2.84740, 919.77211, 51.76802, -7.83884, 13.67816
-6.32951, -2.84740, 919.77211, 51.23774, -7.83884, 13.67816
-6.32951, -2.13555, 916.71003, 51.76802, -7.83884, 13.67816
-5.62623, -2.13555, 916.71003, 52.29829, -7.83884, 13.44876
-5.62623, -2.13555, 916.71003, 52.82857, -7.83884, 13.21936
-5.62623, -2.84740, 916.71003, 52.82857, -8.29994, 13.21936
-4.92295, -2.84740, 919.77211, 53.35884, -8.29994, 12.98995
-4.92295, -2.13555, 919.77211, 53.35884, -8.29994, 12.98995
-4.92295, -2.13555, 919.77211, 53.88912, -8.29994, 13.21936
-4.92295, -1.42370, 919.77211, 53.88912, -8.29994, 13.21936
-5.62623, -1.42370, 919.77211, 53.88912, -7.83884, 13.44876
-6.32951, -1.42370, 916.71003, 53.88912, -7.83884, 13.44876
-6.32951, -0.71185, 916.71003, 53.88912, -7.37773, 13.44876
-5.62623, -1.42370, 919.77211, 53.88912, -7.83884, 13.21936
-5.62623, -0.71185, 919.77211, 53.35884, -7.83884, 13.44876
-4.92295, -2.13555, 919.77211, 52.82857, -7.37773, 13.67816
-4.92295, -2.13555, 919.77211, 52.29829, -6.91662, 13.67816
-6.32951, -1.42370, 919.77211, 52.29829, -6.45551, 13.67816
-6.32951, -2.13555, 919.77211, 52.29829, -5.99440, 13.90757
-6.32951, -2.13555, 919.77211, 52.29829, -5.99440, 13.90757
-7.03279, -2.13555, 919.77211, 52.29829, -5.53330, 14.13697
-7.73607, -1.42370, 916.71003, 52.29829, -5.07219, 14.13697
-7.73607, -2.13555, 919.77211, 52.29829, -4.61108, 14.13697
-6.32951, -2.84740, 922.83419, 51.76802, -5.07219, 14.13697
-5.62623, -2.84740, 925.89627, 51.76802, -5.07219, 14.36637
-5.62623, -2.84740, 922.83419, 51.76802, -5.53330, 14.13697
-5.62623, -2.84740, 922.83419, 51.76802, -5.53330, 14.13697
-5.62623, -2.84740, 919.77211, 51.76802, -5.53330, 14.13697
-6.32951, -2.84740, 919.77211, 51.76802, -5.53330, 14.13697
-6.32951, -2.84740, 916.71003, 51.76802, -5.53330, 14.36637
-7.03279, -2.13555, 916.71003, 51.76802, -5.53330, 14.36637
-5.62623, -2.84740, 916.71003, 52.29829, -5.99440, 14.13697
-5.62623, -2.13555, 916.71003, 52.29829, -6.45551, 14.13697
-4.92295, -2.13555, 919.77211, 52.82857, -6.91662, 13.67816
-5.62623, -2.13555, 919.77211, 52.82857, -6.45551, 13.67816
-5.62623, -2.13555, 916.71003, 52.82857, -6.91662, 13.90757
-4.92295, -1.42370, 919.77211, 52.82857, -7.37773, 13.67816
-5.62623, -1.42370, 919.77211, 52.82857, -6.91662, 13.44876
-4.92295, -1.42370, 922.83419, 52.82857, -6.91662, 13.44876
-4.21968, -2.84740, 925.89627, 52.29829, -7.37773, 13.44876
-4.21968, -2.13555, 922.83419, 52.82857, -7.37773, 13.67816
-4.92295, -1.42370, 922.83419, 52.82857, -7.83884, 13.67816
-5.62623, -1.42370, 919.77211, 52.29829, -7.83884, 13.44876
-5.62623, -2.13555, 916.71003, 52.29829, -7.37773, 13.44876
-4.92295, -2.13555, 916.71003, 52.29829, -8.29994, 13.21936
-3.51640, -2.84740, 916.71003, 51.23774, -8.76105, 13.21936
-3.51640, -2.84740, 922.83419, 51.76802, -8.76105, 13.21936
-2.81312, -2.84740, 919.77211, 51.76802, -8.76105, 12.98995
-2.81312, -2.84740, 922.83419, 52.29829, -9.68327, 12.98995
-3.51640, -3.55925, 922.83419, 52.82857, -9.68327, 12.98995
-3.51640, -2.84740, 916.71003, 52.29829, -9.68327, 13.21936
-4.21968, -2.84740, 916.71003, 51.23774, -9.68327, 13.44876
-3.51640, -2.84740, 916.71003, 51.23774, -10.14438, 13.67816
-3.51640, -2.84740, 919.77211, 50.70747, -10.60548, 13.44876
-2.10984, -3.55925, 919.77211, 50.70747, -11.06659, 13.67816
-2.10984, -3.55925, 919.77211, 50.70747, -10.60548, 13.90757
-2.81312, -2.84740, 922.83419, 51.76802, -11.06659, 13.90757
-2.81312, -2.13555, 919.77211, 52.29829, -11.06659, 13.67816
-2.81312, -2.13555, 916.71003, 52.29829, -11.06659, 13.90757
-2.81312, -2.84740, 916.71003, 51.76802, -11.06659, 13.90757
-2.81312, -2.84740, 919.77211, 51.76802, -11.52770, 13.90757
-2.10984, -2.84740, 919.77211, 52.29829, -11.52770, 13.67816
-2.10984, -1.42370, 916.71003, 52.82857, -11.52770, 13.67816
-2.81312, -1.42370, 916.71003, 52.82857, -11.06659, 13.90757
-2.81312, -2.13555, 919.77211, 53.35884, -10.60548, 13.90757
-2.81312, -2.13555, 919.77211, 53.35884, -10.14438, 13.90757
-2.81312, -1.42370, 919.77211, 52.82857, -10.14438, 14.13697
-2.81312, -1.42370, 919.77211, 53.35884, -9.68327, 13.90757
-3.51640, -1.42370, 919.77211, 53.88912, -9.68327, 13.90757
-4.21968, -1.42370, 919.77211, 54.94966, -8.76105, 13.90757
-5.62623, -1.42370, 919.77211, 55.47994, -8.76105, 13.67816
-5.62623, -1.42370, 919.77211, 54.94966, -7.83884, 13.44876
-4.92295, -1.42370, 916.71003, 54.41939, -8.29994, 13.67816
-4.21968, -0.71185, 919.77211, 54.41939, -7.83884, 13.67816
-4.92295, -0.71185, 922.83419, 54.94966, -8.29994, 13.67816
-4.92295, -0.71185, 922.83419, 54.94966, -8.29994, 13.44876
-4.92295, -1.42370, 916.71003, 54.41939, -8.76105, 13.44876
-4.92295, -0.71185, 919.77211, 53.88912, -8.76105, 13.44876
-4.92295, -1.42370, 916.71003, 53.35884, -8.76105, 13.44876
-4.21968, -1.42370, 919.77211, 52.82857, -9.22216, 13.44876
-4.21968, -2.13555, 916.71003, 52.82857, -9.68327, 13.21936
-4.21968, -2.84740, 919.77211, 52.82857, -9.68327, 13.21936
-2.81312, -2.84740, 919.77211, 52.29829, -10.14438, 13.44876
-2.81312, -2.84740, 919.77211, 51.76802, -10.14438, 13.21936
-3.51640, -3.55925, 919.77211, 51.23774, -10.60548, 13.44876
-2.81312, -3.55925, 919.77211, 50.70747, -10.60548, 13.44876
-2.81312, -4.27110, 919.77211, 49.64692, -10.60548, 13.44876
-2.81312, -4.27110, 919.77211, 49.64692, -10.14438, 13.67816
-2.81312, -4.27110, 916.71003, 49.64692, -10.14438, 13.67816
-2.81312, -4.27110, 916.71003, 49.64692, -9.22216, 13.67816
-3.51640, -3.55925, 919.77211, 50.17720, -9.22216, 13.67816
-4.21968, -4.27110, 919.77211, 50.70747, -8.76105, 13.67816
-4.21968, -3.55925, 916.71003, 51.23774, -8.76105, 13.90757
-4.21968, -3.55925, 916.71003, 50.70747, -8.29994, 13.90757
-4.92295, -2.84740, 916.71003, 50.70747, -7.83884, 13.90757
-5.62623, -2.84740, 919.77211, 51.23774, -7.37773, 13.90757
-5.62623, -2.84740, 919.77211, 51.76802, -7.37773, 13.90757
-4.92295, -2.13555, 916.71003, 52.29829, -6.91662, 13.90757
-5.62623, -1.42370, 916.71003, 52.82857, -6.45551, 14.13697
-6.32951, -1.42370, 916.71003, 52.82857, -6.45551, 14.13697
-6.32951, -2.13555, 913.64795, 52.82857, -5.99440, 14.13697
-7.03279, -2.13555, 916.71003, 52.82857, -5.53330, 14.13697
-5.62623, -1.42370, 916.71003, 52.82857, -5.53330, 13.90757
-5.62623, -1.42370, 919.77211, 53.35884, -5.53330, 13.67816
-5.62623, -2.13555, 919.77211, 52.82857, -5.53330, 13.67816
-5.62623, -2.13555, 919.77211, 53.88912, -5.53330, 13.90757
-5.62623, -1.42370, 916.71003, 53.88912, -5.53330, 13.67816
-6.32951, -1.42370, 916.71003, 53.35884, -4.61108, 13.67816
-6.32951, -1.42370, 916.71003, 53.35884, -4.61108, 13.67816
-7.03279, -2.13555, 916.71003, 53.35884, -4.61108, 13.44876
-6.32951, -1.42370, 916.71003, 53.35884, -4.14997, 13.67816
-5.62623, -2.13555, 916.71003, 53.35884, -4.61108, 13.44876
-5.62623, -2.13555, 919.77211, 53.35884, -5.07219, 13.44876
-5.62623, -2.13555, 922.83419, 52.82857, -5.07219, 13.44876
-6.32951, -2.84740, 919.77211, 53.35884, -4.61108, 13.44876
-7.03279, -2.13555, 916.71003, 53.35884, -4.14997, 13.44876
-7.03279, -2.13555, 916.71003, 52.82857, -4.14997, 13.21936
-6.32951, -2.84740, 916.71003, 52.29829, -4.14997, 13.21936
-7.03279, -2.84740, 916.71003, 52.29829, -4.14997, 13.21936
-6.32951, -3.55925, 916.71003, 52.29829, -4.14997, 13.21936
-6.32951, -3.55925, 913.64795, 52.29829, -3.68886, 13.44876
-5.62623, -3.55925, 916.71003, 51.23774, -3.68886, 13.67816
-5.62623, -3.55925, 919.77211, 51.23774, -4.14997, 13.90757
-6.32951, -3.55925, 922.83419, 51.23774, -4.14997, 14.13697
-6.32951, -3.55925, 922.83419, 51.76802, -3.68886, 14.13697
-7.03279, -3.55925, 916.71003, 51.76802, -3.68886, 13.90757
-7.03279, -2.84740, 919.77211, 51.76802, -3.68886, 13.90757
-7.73607, -2.84740, 919.77211, 52.29829, -3.68886, 14.13697
-7.03279, -2.13555, 916.71003, 52.82857, -3.68886, 13.90757
-6.32951, -2.13555, 916.71003, 53.35884, -4.14997, 13.67816
-6.32951, -2.84740, 919.77211, 53.35884, -4.61108, 13.67816
-4.92295, -2.13555, 919.77211, 53.35884, -4.61108, 13.44876
-5.62623, -2.13555, 913.64795, 53.35884, -5.07219, 13.44876
-5.62623, -2.13555, 916.71003, 53.35884, -4.61108, 13.67816
-4.92295, -2.13555, 919.77211, 53.88912, -5.53330, 13.90757
-4.21968, -2.13555, 919.77211, 53.35884, -5.53330, 13.67816
-4.92295, -2.84740, 919.77211, 53.88912, -5.07219, 13.67816
-4.92295, -2.13555, 922.83419, 53.88912, -5.07219, 13.67816
-5.62623, -1.42370, 919.77211, 54.94966, -4.61108, 13.44876
-5.62623, -0.71185, 919.77211, 55.47994, -5.07219, 13.67816
-5.62623, -0.71185, 919.77211, 55.47994, -4.61108, 13.44876
-6.32951, -0.71185, 916.71003, 56.01021, -4.14997, 13.44876
-7.03279, -0.71185, 916.71003, 56.01021, -3.68886, 13.44876
-7.03279, -0.71185, 916.71003, 56.01021, -3.22776, 13.44876
-6.32951, -0.71185, 919.77211, 56.01021, -3.68886, 13.44876
-6.32951, -0.71185, 919.77211, 56.01021, -3.68886, 13.67816
-5.62623, -0.71185, 916.71003, 56.01021, -4.14997, 13.44876
-6.32951, -1.42370, 916.71003, 56.01021, -3.68886, 13.44876
-6.32951, -0.71185, 919.77211, 56.01021, -3.68886, 13.44876
-6.32951, -0.71185, 919.77211, 55.47994, -3.68886, 13.44876
-6.32951, -1.42370, 919.77211, 55.47994, -4.14997, 13.67816
-7.03279, -1.42370, 916.71003, 55.47994, -4.61108, 13.44876
-6.32951, -1.42370, 916.71003, 54.94966, -4.61108, 13.67816
-6.32951, -2.13555, 919.77211, 54.94966, -4.61108, 13.44876
-5.62623, -1.42370, 919.77211, 54.41939, -5.07219, 13.21936
-5.62623, -1.42370, 916.71003, 53.88912, -5.53330, 13.44876
-5.62623, -2.84740, 919.77211, 54.41939, -5.99440, 13.67816
-4.21968, -2.84740, 922.83419, 53.35884, -6.45551, 13.67816
-4.92295, -2.13555, 919.77211, 53.35884, -6.91662, 13.67816
-4.92295, -2.13555, 916.71003, 52.82857, -6.45551, 13.67816
-4.92295, -2.13555, 916.71003, 52.82857, -6.91662, 13.67816
-4.21968, -3.55925, 916.71003, 52.82857, -7.37773, 13.90757
-3.51640, -3.55925, 916.71003, 52.29829, -7.83884, 13.67816
-3.51640, -3.55925, 916.71003, 51.76802, -8.29994, 13.90757
-2.81312, -4.27110, 916.71003, 51.76802, -8.29994, 14.13697
-3.51640, -3.55925, 916.71003, 51.23774, -8.29994, 14.13697
-4.21968, -3.55925, 916.71003, 51.76802, -7.83884, 13.90757
-2.81312, -4.27110, 919.77211, 51.76802, -8.29994, 13.90757
-2.81312, -4.27110, 919.77211, 51.76802, -8.76105, 13.90757
-2.81312, -3.55925, 922.83419, 51.76802, -8.29994, 14.13697
-4.21968, -2.84740, 919.77211, 51.76802, -8.29994, 13.90757
-4.21968, -2.84740, 919.77211, 51.76802, -7.83884, 14.13697
-4.92295, -2.84740, 916.71003, 52.82857, -7.37773, 13.90757
-4.92295, -2.84740, 919.77211, 52.82857, -7.37773, 13.67816
-4.92295, -2.84740, 919.77211, 53.35884, -7.37773, 13.44876
-4.21968, -2.84740, 916.71003, 53.35884, -6.91662, 13.44876
-4.92295, -2.13555, 916.71003, 52.82857, -6.91662, 13.67816
-4.92295, -2.13555, 916.71003, 53.35884, -6.45551, 13.90757
-4.92295, -1.42370, 916.71003, 53.88912, -6.45551, 13.67816
-4.21968, -1.42370, 919.77211, 54.41939, -6.91662, 13.44876
-4.21968, -2.13555, 919.77211, 54.41939, -6.45551, 13.44876
-4.92295, -2.13555, 919.77211, 53.88912, -6.91662, 13.44876
-4.92295, -2.13555, 922.83419, 53.88912, -6.91662, 13.44876
-5.62623, -1.42370, 919.77211, 54.94966, -6.91662, 13.44876
-5.62623, -1.42370, 919.77211, 54.94966, -6.45551, 13.21936
-5.62623, -1.42370, 919.77211, 55.47994, -6.45551, 13.44876
-4.92295, -1.42370, 919.77211, 54.94966, -6.45551, 13.44876
-6.32951, -0.71185, 916.71003, 55.47994, -6.45551, 13.44876
-5.62623, -1.42370, 919.77211, 54.94966, -6.45551, 13.44876
-4.92295, -2.13555, 916.71003, 54.94966, -6.45551, 13.21936
-3.51640, -1.42370, 916.71003, 54.94966, -6.91662, 13.44876
-3.51640, -2.13555, 919.77211, 53.88912, -7.37773, 13.44876
-3.51640, -2.13555, 922.83419, 53.88912, -7.37773, 13.67816
-4.92295, -2.13555, 919.77211, 53.88912, -6.91662, 13.67816
-4.92295, -2.13555, 919.77211, 53.88912, -6.45551, 13.90757
-5.62623, -2.13555, 919.77211, 53.88912, -6.45551, 13.90757
-5.62623, -2.84740, 919.77211, 53.35884, -5.99440, 13.90757
-6.32951, -2.13555, 916.71003, 52.82857, -5.53330, 14.13697
-5.62623, -1.42370, 919.77211, 53.35884, -5.53330, 13.90757
-6.32951, -2.84740, 919.77211, 52.82857, -5.53330, 14.13697
-5.62623, -2.13555, 919.77211, 52.82857, -5.99440, 13.90757
-6.32951, -2.13555, 919.77211, 52.82857, -5.99440, 13.90757
-5.62623, -2.13555, 919.77211, 52.82857, -5.99440, 13.90757
-4.92295, -2.84740, 919.77211, 52.29829, -5.99440, 13.90757
-6.32951, -2.13555, 916.71003, 52.82857, -5.53330, 14.13697
-5.62623, -2.13555, 916.71003, 52.82857, -5.53330, 14.13697
-5.62623, -2.13555, 916.71003, 52.82857, -5.99440, 13.90757
-4.92295, -2.84740, 916.71003, 53.35884, -5.99440, 13.67816
-4.21968, -2.84740, 919.77211, 53.35884, -6.45551, 13.44876
-4.92295, -2.13555, 919.77211, 53.35884, -6.91662, 13.21936
-4.92295, -2.13555, 916.71003, 53.35884, -6.91662, 13.21936
-4.92295, -2.13555, 919.77211, 53.35884, -6.91662, 13.21936
-4.92295, -2.13555, 919.77211, 53.88912, -6.91662, 13.21936
-4.92295, -2.13555, 919.77211, 53.35884, -7.83884, 13.21936
-4.21968, -2.84740, 919.77211, 53.35884, -7.83884, 13.44876
-4.21968, -2.13555, 916.71003, 52.82857, -8.29994, 13.44876
-3.51640, -2.13555, 916.71003, 53.35884, -8.76105, 13.44876
-2.81312, -2.13555, 916.71003, 52.82857, -8.29994, 13.21936
-2.81312, -2.84740, 916.71003, 52.82857, -8.76105, 12.98995
-2.81312, -2.84740, 919.77211, 53.35884, -8.76105, 13.21936
-2.81312, -2.84740, 922.83419, 53.35884, -8.76105, 13.44876
-3.51640, -2.84740, 919.77211, 53.35884, -8.76105, 13.44876
-4.21968, -2.13555, 916.71003, 52.82857, -8.29994, 13.67816
-4.21968, -2.13555, 916.71003, 52.82857, -8.29994, 13.44876
-3.51640, -2.13555, 916.71003, 52.82857, -8.29994, 13.67816
-2.81312, -2.84740, 919.77211, 52.82857, -8.29994, 13.90757
-3.51640, -2.84740, 922.83419, 52.29829, -8.29994, 13.90757
-4.21968, -2.13555, 919.77211, 52.82857, -7.83884, 13.90757
-4.92295, -2.84740, 916.71003, 52.29829, -7.37773, 13.90757
-4.21968, -2.13555, 916.71003, 51.76802, -6.91662, 13.90757
-4.21968, -2.84740, 919.77211, 51.76802, -6.91662, 14.13697
-4.92295, -2.84740, 916.71003, 52.29829, -6.45551, 14.13697
-5.62623, -2.84740, 916.71003, 52.82857, -5.99440, 14.13697
-4.92295, -2.84740, 913.64795, 52.82857, -5.53330, 13.67816
-4.21968, -2.84740, 919.77211, 52.29829, -5.99440, 13.90757
-4.92295, -2.84740, 922.83419, 52.29829, -5.99440, 13.67816
-5.62623, -2.84740, 922.83419, 52.82857, -5.53330, 13.67816
-5.62623, -2.84740, 922.83419, 53.35884, -5.07219, 13.67816
-5.62623, -2.13555, 922.83419, 53.35884, -5.07219, 13.67816
-5.62623, -2.13555, 919.77211, 53.35884, -4.61108, 13.67816
-6.32951, -2.13555, 916.71003, 52.82857, -5.07219, 13.67816
-7.03279, -1.42370, 916.71003, 53.35884, -4.61108, 13.67816
-6.32951, -2.13555, 916.71003, 53.88912, -4.61108, 13.44876
-4.92295, -2.13555, 919.77211, 53.88912, -5.07219, 13.44876
-5.62623, -2.13555, 919.77211, 53.88912, -5.07219, 13.21936
-5.62623, -1.42370, 916.71003, 53.88912, -5.07219, 13.21936
-5.62623, -2.13555, 916.71003, 53.88912, -5.53330, 12.98995
-4.92295, -2.13555, 919.77211, 53.35884, -5.07219, 13.21936
-4.92295, -2.13555, 922.83419, 52.82857, -5.53330, 13.21936
-4.92295, -2.13555, 919.77211, 52.29829, -5.53330, 13.44876
-4.92295, -3.55925, 919.77211, 52.29829, -5.53330, 13.67816
-5.62623, -4.27110, 919.77211, 51.76802, -5.53330, 13.67816
-4.92295, -4.27110, 919.77211, 51.76802, -5.53330, 13.67816
-5.62623, -3.55925, 916.71003, 51.76802, -5.99440, 13.67816
-5.62623, -3.55925, 919.77211, 51.76802, -5.53330, 13.90757
-5.62623, -3.55925, 916.71003, 52.29829, -5.53330, 13.67816
-4.92295, -3.55925, 916.71003, 51.76802, -5.99440, 13.67816
-4.21968, -3.55925, 919.77211, 51.23774, -5.99440, 13.90757
-3.51640, -4.27110, 919.77211, 51.23774, -5.99440, 13.90757
-4.21968, -4.27110, 919.77211, 51.23774, -5.53330, 14.13697
-4.21968, -2.84740, 919.77211, 52.29829, -5.07219, 13.90757
-4.92295, -2.84740, 916.71003, 52.82857, -5.07219, 13.90757
-5.62623, -2.13555, 916.71003, 52.82857, -5.07219, 13.90757
-5.62623, -2.13555, 913.64795, 53.88912, -4.61108, 13.90757
-6.32951, -2.13555, 916.71003, 54.41939, -4.61108, 13.67816
-5.62623, -1.42370, 916.71003, 54.41939, -4.61108, 13.44876
-4.92295, -1.42370, 919.77211, 54.94966, -4.61108, 13.67816
-4.92295, -1.42370, 919.77211, 56.01021, -5.07219, 13.44876
-5.62623, -0.71185, 919.77211, 56.54049, -4.61108, 13.44876
-4.92295, -0.71185, 919.77211, 56.01021, -5.07219, 13.67816
-5.62623,  0.00000, 919.77211, 56.54049, -5.07219, 13.44876
-5.62623, -0.71185, 916.71003, 56.54049, -5.07219, 13.21936
-4.92295, -0.71185, 919.77211, 56.01021, -5.53330, 13.21936
-4.92295, -0.71185, 919.77211, 55.47994, -5.53330, 13.21936
-4.21968, -0.71185, 919.77211, 55.47994, -5.53330, 13.21936
-4.92295, -1.42370, 919.77211, 55.47994, -5.07219, 13.21936
-4.92295, -1.42370, 919.77211, 55.47994, -5.53330, 13.21936
-4.92295, -1.42370, 919.77211, 54.94966, -5.53330, 13.21936
-5.62623, -1.42370, 919.77211, 55.47994, -5.07219, 13.21936
-4.92295, -2.13555, 919.77211, 54.41939, -5.53330, 13.44876
-5.62623, -2.13555, 919.77211, 53.88912, -5.53330, 13.67816
-5.62623, -2.13555, 919.77211, 53.88912, -5.99440, 13.90757
-5.62623, -2.84740, 922.83419, 53.88912, -5.99440, 13.67816
-4.21968, -2.84740, 922.83419, 53.88912, -6.45551, 13.44876
-3.51640, -3.55925, 922.83419, 53.88912, -6.45551, 13.44876
-3.51640, -3.55925, 916.71003, 52.82857, -6.91662, 13.44876
-3.51640, -2.84740, 913.64795, 52.82857, -6.45551, 13.67816
-3.51640, -2.84740, 916.71003, 52.82857, -5.99440, 13.67816
-4.21968, -2.84740, 913.64795, 53.88912, -5.99440, 13.44876
-3.51640, -2.84740, 916.71003, 54.41939, -5.99440, 13.44876
-4.21968, -2.84740, 913.64795, 53.88912, -5.53330, 13.44876
-4.92295, -2.13555, 916.71003, 53.88912, -5.53330, 13.44876
-5.62623, -2.13555, 919.77211, 53.88912, -5.53330, 13.67816
-4.92295, -2.13555, 922.83419, 53.88912, -5.07219, 13.67816
-4.92295, -2.13555, 922.83419, 53.88912, -5.07219, 13.44876
-4.21968, -2.13555, 922.83419, 54.41939, -5.07219, 13.67816
-4.21968, -2.13555, 919.77211, 54.41939, -5.53330, 13.67816
-4.21968, -2.13555, 922.83419, 54.94966, -5.53330, 13.90757
-5.62623, -2.13555, 919.77211, 54.41939, -4.61108, 13.67816
-5.62623, -2.13555, 916.71003, 54.41939, -4.61108, 13.44876
-4.92295, -1.42370, 919.77211, 54.41939, -4.14997, 13.44876
-4.92295, -1.42370, 916.71003, 54.94966, -4.14997, 13.44876
-5.62623, -2.13555, 916.71003, 54.94966, -4.14997, 13.44876
-4.92295, -2.84740, 916.71003, 54.41939, -4.61108, 13.67816
-4.21968, -2.84740, 919.77211, 54.41939, -5.07219, 13.67816
-4.21968, -2.13555, 919.77211, 53.88912, -4.61108, 13.67816
-5.62623, -2.13555, 919.77211, 54.41939, -4.61108, 13.90757
-4.92295, -2.84740, 919.77211, 54.41939, -4.14997, 13.90757
-4.21968, -2.84740, 919.77211, 54.41939, -4.61108, 13.67816
-4.21968, -2.13555, 916.71003, 54.41939, -4.61108, 13.67816
-4.21968, -2.13555, 916.71003, 53.88912, -4.14997, 13.44876
-3.51640, -2.84740, 916.71003, 53.88912, -4.14997, 13.67816
-4.21968, -2.13555, 919.77211, 54.94966, -3.68886, 13.67816
-4.92295, -2.84740, 919.77211, 54.94966, -3.68886, 13.44876
-4.92295, -2.13555, 922.83419, 54.94966, -3.68886, 13.67816
-5.62623, -2.13555, 919.77211, 54.94966, -3.68886, 13.67816
-5.62623, -2.13555, 916.71003, 54.94966, -3.22776, 13.90757
-6.32951, -1.42370, 919.77211, 54.94966, -2.76665, 13.67816
-5.62623, -1.42370, 916.71003, 54.41939, -2.76665, 13.67816
-4.92295, -1.42370, 919.77211, 54.94966, -2.76665, 13.67816
-4.92295, -2.13555, 919.77211, 54.41939, -3.22776, 13.67816
-4.92295, -2.13555, 919.77211, 53.88912, -2.76665, 13.67816
-5.62623, -2.13555, 919.77211, 53.88912, -2.76665, 13.67816
-6.32951, -1.42370, 916.71003, 54.41939, -2.30554, 13.67816
-7.03279, -1.42370, 916.71003, 54.41939, -2.30554, 13.67816
-7.03279, -1.42370, 913.64795, 53.88912, -2.30554, 13.67816
-5.62623, -2.13555, 916.71003, 53.88912, -2.76665, 13.44876
-4.92295, -2.84740, 919.77211, 53.88912, -2.76665, 13.44876
-4.92295, -2.84740, 919.77211, 52.82857, -3.22776, 13.44876
-4.21968, -2.84740, 919.77211, 52.82857, -3.22776, 13.21936
-4.92295, -2.84740, 916.71003, 52.82857, -3.22776, 13.44876
-4.92295, -2.84740, 919.77211, 52.82857, -2.76665, 13.44876
-4.92295, -2.84740, 919.77211, 53.35884, -3.22776, 13.21936
-4.92295, -3.55925, 919.77211, 52.82857, -2.76665, 13.21936
-5.62623, -2.84740, 919.77211, 53.35884, -2.76665, 13.21936
-5.62623, -2.84740, 919.77211, 53.35884, -2.30554, 13.21936
-5.62623, -2.84740, 916.71003, 53.35884, -2.30554, 13.21936
-4.92295, -2.84740, 916.71003, 53.35884, -2.30554, 13.44876
-4.92295, -2.84740, 919.77211, 52.82857, -1.84443, 13.21936
-4.92295, -2.84740, 919.77211, 53.35884, -2.30554, 13.21936
-5.62623, -2.84740, 919.77211, 53.88912, -1.84443, 13.67816
-7.03279, -2.84740, 916.71003, 53.88912, -1.38332, 13.67816
-7.03279, -2.84740, 916.71003, 53.88912, -1.38332, 13.44876
-7.73607, -2.13555, 916.71003, 53.88912, -1.38332, 13.67816
-7.03279, -2.13555, 916.71003, 54.41939, -0.92222, 13.90757
-7.73607, -1.42370, 919.77211, 54.94966, -0.92222, 13.90757
-7.73607, -1.42370, 916.71003, 55.47994, -0.92222, 13.67816
-7.73607, -1.42370, 916.71003, 54.94966, -0.92222, 13.67816
-7.03279, -1.42370, 916.71003, 54.41939, -1.38332, 13.67816
-6.32951, -1.42370, 919.77211, 54.41939, -1.84443, 13.67816
-6.32951, -1.42370, 919.77211, 54.41939, -2.30554, 13.44876
-7.03279, -1.42370, 919.77211, 54.41939, -2.30554, 13.44876
-5.62623, -2.13555, 919.77211, 54.41939, -2.76665, 13.44876
-5.62623, -2.13555, 916.71003, 53.88912, -2.76665, 13.44876
-5.62623, -2.13555, 919.77211, 53.35884, -3.68886, 13.44876
-5.62623, -2.13555, 916.71003, 53.35884, -3.22776, 13.44876
-5.62623, -2.84740, 916.71003, 53.35884, -3.22776, 13.44876
-4.92295, -2.84740, 919.77211, 53.35884, -3.68886, 13.44876
-4.92295, -2.84740, 916.71003, 52.82857, -4.14997, 13.44876
-4.21968, -2.84740, 916.71003, 53.35884, -4.61108, 13.44876
-4.92295, -2.84740, 916.71003, 53.88912, -4.14997, 13.21936
-4.92295, -2.13555, 922.83419, 53.88912, -4.61108, 13.44876
-4.21968, -2.13555, 919.77211, 53.88912, -5.07219, 13.44876
-3.51640, -2.84740, 916.71003, 53.35884, -5.07219, 13.44876
-4.21968, -3.55925, 916.71003, 52.82857, -5.07219, 13.44876
-5.62623, -2.84740, 916.71003, 52.82857, -5.07219, 13.67816
-5.62623, -2.84740, 916.71003, 52.82857, -4.61108, 13.67816
-5.62623, -2.84740, 919.77211, 53.35884, -4.61108, 13.67816
-5.62623, -2.13555, 916.71003, 53.88912, -4.14997, 13.21936
-5.62623, -2.84740, 916.71003, 54.41939, -4.61108, 13.21936
-4.21968, -2.84740, 919.77211, 53.35884, -4.61108, 13.67816
-4.92295, -2.84740, 916.71003, 52.29829, -4.61108, 13.90757
-5.62623, -2.13555, 919.77211, 52.29829, -4.14997, 13.90757
-6.32951, -2.13555, 919.77211, 52.82857, -4.14997, 13.67816
-6.32951, -2.84740, 916.71003, 53.35884, -4.14997, 13.67816
-5.62623, -3.55925, 916.71003, 53.88912, -4.61108, 13.67816
-5.62623, -2.84740, 916.71003, 52.82857, -4.14997, 13.90757
-6.32951, -2.84740, 916.71003, 52.29829, -4.14997, 14.13697
-5.62623, -3.55925, 916.71003, 51.76802, -4.14997, 14.13697
-5.62623, -3.55925, 916.71003, 51.76802, -4.14997, 13.90757
-5.62623, -4.27110, 919.77211, 52.29829, -4.14997, 13.67816
-5.62623, -3.55925, 919.77211, 53.35884, -4.14997, 13.67816
-5.62623, -3.55925, 916.71003, 52.82857, -4.14997, 13.67816
-6.32951, -2.84740, 916.71003, 53.88912, -4.14997, 13.67816
-6.32951, -2.13555, 913.64795, 54.41939, -3.68886, 13.44876
-7.03279, -2.13555, 916.71003, 55.47994, -4.14997, 13.44876
-6.32951, -1.42370, 919.77211, 56.01021, -5.07219, 13.21936
-4.21968, -1.42370, 919.77211, 56.54049, -5.53330, 13.21936
-2.81312, -1.42370, 922.83419, 56.01021, -5.53330, 13.21936
-3.51640, -1.42370, 922.83419, 56.01021, -5.99440, 13.21936
-4.21968, -1.42370, 919.77211, 56.54049, -5.53330, 13.44876
-4.92295, -0.71185, 919.77211, 57.07076, -5.07219, 13.44876
-4.92295,  0.00000, 916.71003, 57.07076, -5.53330, 13.44876
-4.92295,  0.00000, 916.71003, 57.07076, -5.53330, 13.21936
-4.92295, -0.71185, 916.71003, 57.07076, -5.53330, 12.98995
-4.21968, -0.71185, 916.71003, 56.54049, -5.99440, 12.98995
-3.51640, -1.42370, 919.77211, 56.54049, -5.99440, 12.98995
-4.21968, -0.71185, 922.83419, 56.01021, -5.53330, 12.98995
-4.21968, -0.71185, 922.83419, 55.47994, -5.53330, 13.21936
-5.62623, -2.13555, 916.71003, 54.94966, -5.07219, 13.44876
-5.62623, -0.71185, 913.64795, 54.94966, -4.61108, 13.44876
-6.32951, -1.42370, 913.64795, 54.41939, -4.61108, 13.44876
-5.62623, -2.13555, 916.71003, 53.88912, -4.61108, 13.67816
-5.62623, -3.55925, 919.77211, 53.35884, -4.61108, 13.90757
-5.62623, -3.55925, 919.77211, 52.29829, -4.61108, 13.90757
-4.92295, -3.55925, 919.77211, 52.29829, -5.07219, 13.90757
-4.21968, -4.27110, 919.77211, 52.82857, -4.61108, 13.90757
-4.92295, -3.55925, 919.77211, 52.29829, -5.07219, 13.67816
-5.62623, -3.55925, 919.77211, 52.29829, -5.07219, 13.90757
-5.62623, -4.27110, 916.71003, 52.82857, -5.07219, 13.90757
-4.21968, -4.27110, 919.77211, 52.82857, -5.53330, 13.90757
-3.51640, -3.55925, 919.77211, 52.82857, -5.53330, 13.90757
-3.51640, -3.55925, 919.77211, 53.35884, -5.99440, 13.67816
-4.92295, -2.84740, 916.71003, 54.41939, -5.53330, 13.90757
-4.21968, -2.84740, 919.77211, 54.41939, -5.53330, 13.90757
-4.21968, -2.84740, 916.71003, 53.88912, -5.53330, 14.13697
-4.92295, -2.13555, 916.71003, 54.41939, -5.53330, 13.90757
-4.21968, -1.42370, 919.77211, 54.41939, -5.53330, 13.67816
-4.21968, -2.13555, 919.77211, 55.47994, -5.53330, 13.44876
-3.51640, -2.13555, 922.83419, 55.47994, -5.53330, 13.44876
-3.51640, -2.84740, 922.83419, 56.01021, -5.53330, 13.44876
-4.21968, -2.13555, 919.77211, 54.94966, -5.53330, 13.21936
-4.21968, -1.42370, 922.83419, 54.94966, -4.61108, 13.44876
-5.62623, -0.71185, 916.71003, 54.94966, -4.14997, 13.44876
-4.92295, -1.42370, 916.71003, 55.47994, -4.14997, 13.21936
-4.92295, -0.71185, 919.77211, 56.01021, -4.14997, 13.21936
-4.92295, -1.42370, 919.77211, 56.01021, -4.14997, 12.98995
-4.92295, -1.42370, 916.71003, 56.01021, -3.68886, 12.98995
-4.21968, -2.13555, 919.77211, 55.47994, -3.68886, 13.21936
-4.21968, -2.13555, 919.77211, 54.94966, -3.68886, 13.44876
-4.92295, -2.13555, 919.77211, 54.41939, -3.68886, 13.44876
-5.62623, -2.13555, 919.77211, 55.47994, -3.22776, 13.44876
-5.62623, -2.84740, 919.77211, 55.47994, -3.22776, 13.44876
-4.92295, -2.84740, 919.77211, 56.01021, -3.22776, 13.44876
-5.62623, -2.84740, 919.77211, 55.47994, -3.22776, 13.67816
-5.62623, -2.13555, 919.77211, 54.94966, -3.22776, 13.67816
-5.62623, -2.13555, 916.71003, 54.94966, -2.76665, 13.67816
-5.62623, -2.13555, 916.71003, 54.94966, -3.22776, 13.67816
-4.92295, -2.13555, 916.71003, 55.47994, -3.68886, 13.44876
-4.92295, -2.84740, 916.71003, 55.47994, -3.68886, 13.44876
-5.62623, -2.13555, 916.71003, 55.47994, -3.22776, 13.44876
-4.92295, -2.13555, 916.71003, 55.47994, -3.68886, 13.44876
-4.92295, -2.13555, 919.77211, 54.94966, -4.14997, 13.67816
-4.21968, -2.13555, 919.77211, 55.47994, -3.68886, 13.67816
-4.92295, -2.84740, 919.77211, 56.01021, -3.68886, 13.44876
-4.92295, -2.13555, 919.77211, 55.47994, -3.68886, 13.44876
-4.92295, -2.13555, 922.83419, 56.01021, -3.22776, 13.44876
-4.92295, -1.42370, 919.77211, 56.01021, -3.68886, 13.44876
-4.21968, -1.42370, 919.77211, 56.54049, -3.68886, 13.44876
-4.21968, -1.42370, 919.77211, 56.01021, -3.68886, 13.44876
-4.92295, -2.13555, 919.77211, 55.47994, -3.22776, 13.44876
-4.92295, -2.13555, 919.77211, 55.47994, -3.22776, 13.67816
-4.92295, -1.42370, 919.77211, 55.47994, -3.22776, 13.67816
-4.92295, -1.42370, 919.77211, 56.01021, -3.22776, 13.67816
-4.92295, -2.84740, 919.77211, 56.01021, -2.76665, 13.67816
-4.92295, -2.13555, 919.77211, 55.47994, -2.76665, 13.67816
-5.62623, -1.42370, 916.71003, 54.94966, -2.30554, 13.67816
-5.62623, -2.13555, 919.77211, 54.94966, -1.84443, 13.67816
-5.62623, -2.13555, 919.77211, 54.94966, -1.84443, 13.44876
-5.62623, -2.13555, 919.77211, 55.47994, -1.84443, 13.21936
-4.92295, -2.84740, 916.71003, 55.47994, -1.84443, 13.44876
-4.92295, -2.13555, 919.77211, 56.01021, -1.84443, 13.90757
-4.92295, -2.13555, 919.77211, 56.01021, -1.84443, 14.13697
-6.32951, -2.13555, 919.77211, 56.01021, -1.38332, 13.67816
-7.03279, -1.42370, 916.71003, 55.47994, -0.92222, 13.44876
-7.03279, -2.13555, 913.64795, 55.47994, -0.92222, 13.21936
-6.32951, -2.13555, 916.71003, 55.47994, -1.38332, 13.44876
-6.32951, -2.13555, 916.71003, 55.47994, -1.38332, 13.21936
-5.62623, -2.13555, 916.71003, 54.94966, -1.84443, 13.21936
-4.92295, -2.13555, 919.77211, 54.94966, -1.84443, 13.21936
-4.21968, -1.42370, 919.77211, 55.47994, -1.84443, 13.21936
-4.21968, -2.13555, 922.83419, 55.47994, -1.84443, 12.98995
-5.62623, -2.13555, 922.83419, 54.94966, -1.84443, 12.98995
-6.32951, -2.84740, 919.77211, 53.88912, -1.38332, 13.21936
-7.03279, -2.84740, 916.71003, 53.88912, -1.38332, 13.21936
-7.03279, -2.13555, 919.77211, 53.88912, -0.92222, 13.21936
-6.32951, -2.13555, 916.71003, 53.35884, -0.92222, 13.21936
-4.92295, -2.84740, 916.71003, 53.35884, -1.38332, 12.98995
-3.51640, -2.84740, 919.77211, 53.35884, -1.84443, 13.21936
-4.21968, -3.55925, 919.77211, 53.35884, -1.38332, 13.21936
-4.92295, -3.55925, 919.77211, 52.82857, -1.38332, 12.98995
-4.92295, -2.84740, 919.77211, 53.35884, -0.92222, 13.21936
-4.92295, -2.84740, 919.77211, 52.82857, -0.92222, 13.21936
-4.92295, -3.55925, 922.83419, 52.82857, -0.46111, 13.44876
-6.32951, -3.55925, 916.71003, 53.35884, -0.46111, 13.44876
-7.03279, -2.84740, 919.77211, 54.41939,  0.00000, 13.44876
-6.32951, -2.84740, 916.71003, 54.41939,  0.00000, 13.21936
-5.62623, -3.55925, 919.77211, 53.88912,  0.00000, 13.44876
-4.92295, -3.55925, 919.77211, 53.35884, -0.46111, 13.44876
-4.92295, -3.55925, 919.77211, 52.82857,  0.00000, 13.44876
-4.92295, -3.55925, 919.77211, 53.35884,  0.00000, 13.44876
-5.62623, -2.84740, 919.77211, 53.88912,  0.00000, 13.67816
-7.03279, -2.84740, 916.71003, 54.41939,  0.46111, 13.90757
-7.03279, -2.84740, 919.77211, 54.94966,  0.46111, 13.90757
-7.03279, -2.84740, 916.71003, 54.94966,  0.92222, 13.90757
-7.03279, -2.13555, 916.71003, 54.94966,  0.92222, 13.67816
-5.62623, -2.84740, 919.77211, 54.94966,  0.46111, 13.21936
-5.62623, -2.13555, 919.77211, 54.41939,  0.00000, 13.21936
-4.92295, -2.13555, 922.83419, 54.94966,  0.00000, 13.21936
-4.92295, -2.84740, 919.77211, 56.01021,  0.00000, 13.21936
-5.62623, -2.13555, 919.77211, 56.01021,  0.00000, 13.44876
-6.32951, -1.42370, 916.71003, 56.01021,  0.00000, 13.21936
-5.62623, -0.71185, 916.71003, 56.54049,  0.00000, 13.21936
-5.62623, -0.71185, 916.71003, 55.47994,  0.00000, 13.21936
-4.92295, -1.42370, 919.77211, 54.94966,  0.00000, 13.44876
-5.62623, -2.13555, 919.77211, 55.47994,  0.00000, 13.21936
-5.62623, -1.42370, 922.83419, 55.47994,  0.00000, 13.21936
-4.92295, -1.42370, 922.83419, 55.47994, -0.46111, 13.21936
-4.92295, -2.13555, 919.77211, 54.94966, -0.46111, 13.21936
-4.92295, -2.13555, 919.77211, 54.41939,  0.00000, 13.44876
-5.62623, -2.13555, 922.83419, 54.41939,  0.00000, 13.21936
-4.92295, -2.13555, 916.71003, 54.41939,  0.46111, 12.98995
-4.92295, -2.13555, 916.71003, 54.41939,  0.00000, 12.98995
-4.92295, -2.84740, 919.77211, 53.35884,  0.46111, 12.98995
-5.62623, -3.55925, 919.77211, 53.88912,  0.46111, 12.98995
-5.62623, -3.55925, 919.77211, 52.82857,  0.46111, 12.98995
-4.92295, -4.27110, 919.77211, 52.82857,  0.46111, 13.21936
-4.21968, -4.27110, 922.83419, 51.76802,  0.00000, 13.21936
-4.92295, -4.27110, 919.77211, 52.82857,  0.46111, 13.21936
-4.92295, -3.55925, 916.71003, 52.82857,  0.46111, 13.21936
-5.62623, -3.55925, 916.71003, 53.35884,  0.92222, 13.21936
-4.92295, -3.55925, 916.71003, 53.88912,  0.46111, 13.44876
-4.92295, -2.84740, 916.71003, 53.35884,  0.46111, 13.21936
-5.62623, -2.84740, 919.77211, 53.35884,  0.00000, 13.21936
-4.21968, -2.84740, 916.71003, 53.88912,  0.00000, 13.21936
-4.21968, -3.55925, 919.77211, 53.88912,  0.00000, 13.21936
-4.21968, -2.84740, 919.77211, 54.41939, -0.46111, 13.21936
-4.21968, -2.84740, 919.77211, 54.94966,  0.00000, 13.44876
-4.92295, -2.13555, 919.77211, 54.94966,  0.00000, 13.67816
-4.21968, -2.13555, 919.77211, 54.94966,  0.00000, 13.67816
-4.92295, -2.13555, 919.77211, 55.47994,  0.00000, 13.67816
-4.92295, -2.13555, 919.77211, 55.47994,  0.00000, 13.44876
-4.21968, -2.13555, 919.77211, 55.47994,  0.00000, 13.44876
-4.21968, -2.13555, 916.71003, 56.01021,  0.00000, 13.44876
-4.21968, -2.13555, 919.77211, 56.01021,  0.46111, 13.44876
-4.21968, -2.13555, 919.77211, 56.54049,  0.46111, 13.67816
-4.21968, -1.42370, 922.83419, 56.54049,  0.46111, 13.67816
-4.92295, -2.13555, 922.83419, 57.07076,  0.92222, 13.44876
-4.92295, -2.13555, 919.77211, 57.07076,  0.92222, 13.44876
-5.62623, -1.42370, 919.77211, 57.07076,  1.38332, 13.44876
-4.92295, -0.71185, 919.77211, 57.60103,  1.38332, 13.44876
-4.92295, -1.42370, 919.77211, 57.07076,  0.92222, 13.21936
-4.21968, -2.13555, 919.77211, 57.07076,  1.84443, 12.98995
-4.21968, -1.42370, 919.77211, 57.60103,  1.84443, 12.98995
-4.92295, -1.42370, 919.77211, 57.60103,  2.30554, 13.21936
-5.62623, -1.42370, 919.77211, 58.13131,  2.76665, 13.21936
-6.32951, -0.71185, 919.77211, 58.13131,  2.76665, 13.21936
-6.32951, -0.71185, 916.71003, 58.13131,  2.76665, 13.21936
-7.03279, -1.42370, 916.71003, 58.13131,  2.76665, 12.98995
-6.32951, -1.42370, 922.83419, 57.60103,  2.76665, 12.98995
-4.92295, -1.42370, 922.83419, 57.60103,  2.76665, 12.98995
-4.92295, -1.42370, 919.77211, 57.60103,  2.76665, 12.98995
-5.62623, -1.42370, 916.71003, 57.60103,  2.76665, 12.76055
-6.32951, -1.42370, 916.71003, 57.07076,  3.22776, 12.98995
-5.62623, -1.42370, 916.71003, 57.07076,  2.76665, 12.98995
-4.92295, -2.13555, 916.71003, 57.07076,  2.76665, 12.98995
-4.21968, -2.13555, 916.71003, 56.54049,  2.30554, 12.53115
-4.21968, -2.84740, 919.77211, 56.01021,  2.30554, 12.53115
-4.21968, -2.84740, 925.89627, 55.47994,  2.30554, 12.53115
-4.21968, -2.84740, 922.83419, 55.47994,  2.76665, 12.76055
-4.92295, -2.84740, 922.83419, 56.01021,  2.30554, 12.98995
-6.32951, -2.13555, 919.77211, 56.01021,  2.76665, 12.98995
-6.32951, -2.13555, 916.71003, 55.47994,  3.22776, 12.98995
-7.03279, -2.84740, 913.64795, 54.94966,  3.22776, 13.21936
-7.03279, -2.84740, 916.71003, 54.41939,  3.22776, 13.21936
-6.32951, -2.84740, 916.71003, 53.88912,  2.76665, 13.44876
-5.62623, -2.84740, 919.77211, 53.35884,  2.76665, 13.21936
-5.62623, -3.55925, 919.77211, 53.88912,  2.76665, 13.44876
-5.62623, -4.27110, 919.77211, 54.94966,  2.76665, 13.67816
-5.62623, -3.55925, 919.77211, 54.41939,  2.76665, 13.44876
-5.62623, -3.55925, 919.77211, 54.41939,  2.76665, 13.67816
-5.62623, -3.55925, 919.77211, 53.88912,  2.76665, 13.44876
-5.62623, -3.55925, 919.77211, 53.88912,  3.22776, 13.44876
-6.32951, -3.55925, 919.77211, 54.94966,  2.76665, 13.44876
-5.62623, -2.84740, 919.77211, 55.47994,  2.76665, 13.44876
-4.92295, -3.55925, 919.77211, 55.47994,  2.30554, 13.21936
-5.62623, -2.84740, 919.77211, 56.01021,  2.30554, 13.44876
-5.62623, -2.13555, 916.71003, 56.01021,  2.76665, 13.44876
-7.03279, -1.42370, 916.71003, 56.54049,  3.22776, 12.98995
-6.32951, -1.42370, 919.77211, 56.54049,  2.30554, 13.21936
-6.32951, -2.13555, 916.71003, 57.07076,  2.30554, 12.98995
-5.62623, -2.13555, 916.71003, 56.54049,  1.84443, 13.21936
-4.92295, -2.13555, 919.77211, 56.54049,  1.38332, 13.21936
-4.92295, -2.13555, 916.71003, 56.54049,  1.38332, 12.98995
-4.21968, -2.84740, 919.77211, 56.54049,  1.38332, 12.98995
-4.21968, -2.84740, 916.71003, 56.54049,  1.38332, 12.98995
-4.21968, -2.84740, 919.77211, 57.07076,  0.92222, 12.98995
-4.21968, -2.84740, 919.77211, 56.54049,  1.38332, 13.21936
-5.62623, -1.42370, 919.77211, 56.54049,  1.38332, 13.21936
-5.62623, -1.42370, 919.77211, 57.07076,  1.38332, 12.98995
-5.62623, -0.71185, 916.71003, 57.60103,  1.38332, 12.98995
-5.62623, -2.13555, 919.77211, 57.60103,  1.38332, 12.98995
-5.62623, -2.13555, 919.77211, 58.13131,  1.38332, 12.98995
-6.32951, -1.42370, 919.77211, 57.60103,  1.38332, 13.21936
-5.62623, -1.42370, 919.77211, 57.60103,  0.92222, 13.21936
-5.62623, -0.71185, 919.77211, 57.60103,  1.38332, 13.21936
-5.62623, -1.42370, 916.71003, 57.07076,  0.92222, 12.76055
-5.62623, -1.42370, 913.64795, 57.07076,  0.92222, 12.98995
-4.21968, -2.13555, 919.77211, 56.54049,  0.00000, 12.98995
-4.21968, -2.13555, 922.83419, 56.54049, -0.46111, 13.21936
-4.21968, -2.13555, 922.83419, 56.01021, -0.46111, 13.21936
-4.21968, -2.84740, 916.71003, 56.01021, -0.46111, 13.21936
-4.21968, -3.55925, 919.77211, 55.47994,  0.00000, 13.44876
-5.62623, -3.55925, 916.71003, 55.47994,  0.00000, 13.44876
-5.62623, -2.84740, 919.77211, 54.94966, -0.46111, 13.21936
-4.92295, -2.84740, 916.71003, 55.47994,  0.00000, 13.44876
-4.21968, -3.55925, 916.71003, 55.47994, -0.46111, 13.21936
-5.62623, -2.84740, 916.71003, 55.47994,  0.00000, 13.21936
-4.92295, -2.84740, 916.71003, 55.47994, -0.46111, 13.21936
-3.51640, -3.55925, 919.77211, 55.47994, -0.46111, 13.44876
-4.21968, -3.55925, 919.77211, 54.94966, -0.46111, 13.44876
-4.92295, -3.55925, 916.71003, 54.94966,  0.00000, 13.44876
-5.62623, -2.84740, 916.71003, 55.47994,  0.00000, 13.44876
-4.92295, -2.13555, 916.71003, 56.54049,  0.00000, 13.21936
-5.62623, -2.13555, 916.71003, 57.07076,  0.00000, 13.21936
-5.62623, -2.13555, 919.77211, 57.60103,  0.00000, 13.44876
-6.32951, -2.13555, 919.77211, 57.60103,  0.00000, 13.21936
-5.62623, -2.13555, 922.83419, 57.07076, -0.46111, 13.21936
-4.92295, -1.42370, 919.77211, 57.07076,  0.00000, 13.21936
-4.21968, -1.42370, 919.77211, 57.07076,  0.00000, 13.21936
-4.92295, -1.42370, 919.77211, 57.60103,  0.00000, 13.21936
-5.62623, -1.42370, 919.77211, 58.13131,  0.46111, 13.44876
-5.62623, -1.42370, 916.71003, 57.07076,  0.46111, 13.44876
-4.92295, -1.42370, 919.77211, 57.60103,  0.46111, 13.21936
-4.92295, -1.42370, 916.71003, 57.60103,  0.00000, 12.98995
-5.62623, -1.42370, 916.71003, 57.60103,  0.00000, 13.21936
-4.92295, -2.13555, 916.71003, 57.07076,  0.46111, 13.21936
-4.92295, -2.13555, 916.71003, 57.07076,  0.00000, 12.98995
-4.92295, -2.13555, 919.77211, 57.60103,  0.00000, 13.21936
-5.62623, -1.42370, 919.77211, 57.07076,  0.00000, 13.21936
-6.32951, -2.13555, 919.77211, 57.07076, -0.46111, 13.44876
-7.03279, -1.42370, 916.71003, 57.07076,  0.00000, 13.44876
-6.32951, -1.42370, 919.77211, 57.07076, -0.46111, 13.21936
-4.92295, -2.13555, 919.77211, 56.54049, -0.46111, 13.44876
-4.21968, -2.84740, 919.77211, 56.01021, -0.92222, 12.98995
-4.21968, -2.84740, 919.77211, 56.54049, -0.92222, 12.98995
-4.21968, -3.55925, 919.77211, 56.54049, -0.92222, 12.98995
-4.92295, -2.84740, 919.77211, 56.01021, -0.46111, 12.98995
-4.92295, -2.84740, 919.77211, 56.54049, -0.46111, 12.98995
-4.92295, -2.84740, 916.71003, 56.01021, -0.46111, 12.98995
-4.92295, -2.84740, 916.71003, 56.01021, -0.46111, 13.21936
-4.92295, -2.84740, 919.77211, 55.47994, -0.92222, 13.21936
-4.21968, -3.55925, 919.77211, 55.47994, -0.92222, 13.44876
-4.21968, -3.55925, 922.83419, 55.47994, -1.38332, 13.44876
-5.62623, -2.84740, 919.77211, 56.01021, -0.46111, 13.67816
-6.32951, -2.84740, 916.71003, 56.01021, -0.46111, 13.21936
-5.62623, -2.84740, 913.64795, 55.47994, -0.46111, 13.44876
-4.92295, -2.84740, 913.64795, 55.47994, -0.92222, 13.44876
-4.21968, -3.55925, 916.71003, 55.47994, -0.92222, 13.21936
-4.21968, -2.84740, 916.71003, 54.94966, -0.92222, 13.21936
-4.21968, -2.84740, 919.77211, 55.47994, -0.92222, 13.44876
-4.92295, -2.84740, 919.77211, 56.01021, -0.46111, 13.44876
-5.62623, -2.84740, 919.77211, 56.01021, -0.46111, 13.44876
-4.21968, -2.13555, 919.77211, 56.01021, -0.46111, 13.44876
-4.92295, -2.13555, 919.77211, 56.01021, -0.46111, 13.44876
-5.62623, -2.13555, 919.77211, 56.01021, -0.46111, 13.67816
-5.62623, -2.13555, 919.77211, 56.54049, -0.92222, 13.44876
-4.92295, -2.13555, 919.77211, 56.54049, -1.38332, 13.44876
-4.92295, -2.13555, 919.77211, 57.60103, -0.92222, 13.21936
-4.92295, -2.13555, 916.71003, 57.07076, -0.46111, 13.44876
-5.62623, -2.13555, 916.71003, 57.07076, -0.46111, 13.21936
-4.92295, -1.42370, 919.77211, 57.07076, -0.92222, 13.44876
-4.92295, -1.42370, 919.77211, 57.60103, -0.46111, 13.44876
-4.21968, -1.42370, 916.71003, 58.13131, -0.92222, 13.21936
-4.92295, -1.42370, 919.77211, 58.66158, -0.92222, 13.21936
-4.92295, -1.42370, 919.77211, 58.66158, -0.92222, 13.21936
-6.32951, -1.42370, 919.77211, 59.19186, -0.92222, 13.44876
-6.32951, -1.42370, 916.71003, 59.19186, -0.92222, 13.44876
-6.32951, -0.71185, 916.71003, 58.66158, -0.92222, 13.21936
-5.62623, -0.71185, 916.71003, 58.66158, -1.38332, 13.21936
-5.62623, -1.42370, 916.71003, 58.66158, -1.38332, 13.21936
-4.21968, -1.42370, 916.71003, 58.66158, -1.84443, 13.21936
-4.21968, -2.13555, 919.77211, 58.13131, -2.76665, 12.98995
-3.51640, -2.13555, 916.71003, 58.13131, -2.30554, 12.76055
-3.51640, -2.13555, 919.77211, 57.60103, -2.76665, 12.76055
-4.21968, -2.84740, 916.71003, 57.07076, -2.30554, 12.76055
-4.21968, -2.84740, 916.71003, 57.07076, -2.30554, 13.21936
-4.21968, -2.84740, 916.71003, 56.54049, -2.30554, 13.21936
-4.21968, -2.13555, 916.71003, 57.07076, -1.84443, 13.21936
-4.92295, -2.84740, 919.77211, 56.54049, -1.84443, 13.21936
-4.92295, -2.13555, 916.71003, 57.07076, -1.84443, 12.98995
-5.62623, -1.42370, 916.71003, 57.07076, -1.38332, 13.21936
-5.62623, -2.84740, 919.77211, 56.54049, -1.38332, 13.21936
-5.62623, -2.84740, 919.77211, 56.54049, -1.84443, 13.44876
-5.62623, -2.13555, 919.77211, 56.01021, -1.38332, 13.21936
-5.62623, -2.13555, 916.71003, 56.01021, -1.38332, 13.44876
-6.32951, -2.13555, 916.71003, 56.54049, -1.38332, 13.44876
-7.03279, -2.13555, 913.64795, 56.01021, -0.92222, 13.44876
-5.62623, -2.13555, 913.64795, 56.01021, -1.38332, 13.44876
-6.32951, -2.13555, 916.71003, 56.01021, -1.38332, 13.44876
-5.62623, -2.13555, 916.71003, 56.01021, -1.38332, 13.67816
-6.32951, -3.55925, 916.71003, 56.01021, -1.84443, 13.44876
-4.92295, -2.84740, 916.71003, 56.01021, -1.84443, 13.44876
-5.62623, -2.84740, 916.71003, 56.01021, -2.30554, 13.44876
-5.62623, -2.84740, 916.71003, 56.01021, -2.30554, 13.21936
-5.62623, -2.84740, 916.71003, 55.47994, -2.30554, 13.44876
-4.92295, -2.84740, 919.77211, 55.47994, -2.76665, 13.44876
-4.21968, -2.84740, 919.77211, 55.47994, -2.76665, 13.44876
-4.92295, -2.84740, 919.77211, 55.47994, -2.30554, 13.21936
-4.92295, -3.55925, 916.71003, 55.47994, -2.30554, 12.98995
-4.92295, -3.55925, 916.71003, 54.94966, -1.84443, 13.21936
-5.62623, -3.55925, 913.64795, 56.01021, -1.38332, 13.44876
-6.32951, -2.84740, 913.64795, 56.01021, -1.38332, 13.44876
-6.32951, -2.13555, 913.64795, 56.01021, -1.38332, 13.44876
-6.32951, -2.84740, 916.71003, 56.54049, -1.38332, 13.44876
-6.32951, -3.55925, 919.77211, 56.01021, -1.38332, 13.44876
-6.32951, -3.55925, 916.71003, 56.01021, -0.92222, 13.44876
-6.32951, -2.84740, 916.71003, 56.01021, -1.38332, 13.44876
-5.62623, -2.13555, 919.77211, 56.54049, -1.38332, 13.44876
-6.32951, -2.13555, 916.71003, 57.07076, -0.92222, 13.44876
-7.03279, -2.13555, 913.64795, 57.60103, -1.38332, 13.44876
-6.32951, -2.13555, 916.71003, 57.60103, -1.38332, 13.67816
-7.03279, -2.13555, 916.71003, 58.13131, -1.38332, 13.67816
-6.32951, -1.42370, 913.64795, 57.60103, -1.38332, 13.67816
-5.62623, -1.42370, 913.64795, 58.13131, -1.84443, 13.67816
-4.92295, -1.42370, 913.64795, 58.13131, -1.84443, 13.44876
-5.62623, -1.42370, 916.71003, 58.66158, -1.84443, 13.44876
-5.62623, -1.42370, 916.71003, 58.13131, -1.84443, 13.44876
-6.32951, -0.71185, 916.71003, 59.19186, -1.84443, 13.44876
-7.03279, -0.71185, 916.71003, 58.66158, -1.84443, 13.67816
-7.03279, -0.71185, 916.71003, 58.13131, -2.30554, 13.67816
-6.32951, -0.71185, 913.64795, 57.60103, -2.30554, 13.44876
-5.62623, -1.42370, 916.71003, 57.07076, -2.30554, 13.21936
-4.92295, -1.42370, 919.77211, 57.60103, -2.76665, 13.21936
-4.92295, -1.42370, 916.71003, 57.60103, -3.22776, 13.21936
-4.92295, -2.13555, 919.77211, 57.60103, -3.22776, 12.98995
-4.92295, -2.13555, 916.71003, 57.07076, -2.76665, 12.98995
-4.92295, -2.84740, 916.71003, 56.01021, -2.76665, 12.98995
-4.92295, -2.13555, 913.64795, 56.01021, -2.76665, 13.21936
-4.21968, -2.84740, 913.64795, 55.47994, -2.76665, 13.44876
-4.21968, -2.84740, 916.71003, 56.01021, -2.76665, 13.21936
-5.62623, -2.84740, 919.77211, 56.01021, -2.76665, 13.21936
-6.32951, -2.84740, 916.71003, 56.01021, -2.30554, 13.21936
-6.32951, -2.84740, 916.71003, 55.47994, -2.30554, 13.21936
-6.32951, -2.84740, 919.77211, 54.94966, -1.84443, 13.44876
-6.32951, -2.84740, 919.77211, 53.88912, -1.84443, 13.44876
-5.62623, -4.27110, 916.71003, 53.88912, -1.84443, 13.44876
-6.32951, -4.27110, 916.71003, 53.88912, -1.84443, 13.44876
-5.62623, -4.27110, 916.71003, 54.41939, -1.38332, 13.44876
-6.32951, -3.55925, 916.71003, 54.41939, -1.38332, 13.44876
-6.32951, -3.55925, 919.77211, 54.94966, -1.84443, 13.67816
-6.32951, -3.55925, 919.77211, 54.41939, -1.84443, 13.44876
-5.62623, -4.27110, 916.71003, 53.88912, -1.84443, 13.21936
-5.62623, -4.98295, 916.71003, 53.35884, -1.84443, 13.67816
-5.62623, -4.27110, 919.77211, 53.35884, -1.84443, 13.44876
-5.62623, -3.55925, 919.77211, 53.88912, -1.84443, 13.44876
-5.62623, -3.55925, 916.71003, 54.94966, -1.84443, 13.67816
-5.62623, -3.55925, 919.77211, 55.47994, -1.84443, 13.90757
-5.62623, -2.84740, 916.71003, 56.01021, -2.30554, 13.67816
-4.92295, -2.84740, 916.71003, 56.01021, -2.30554, 13.44876
-4.92295, -2.84740, 913.64795, 56.01021, -2.30554, 13.67816
-4.21968, -2.84740, 916.71003, 57.07076, -2.76665, 13.44876
-4.21968, -2.84740, 919.77211, 57.60103, -3.22776, 13.44876
-3.51640, -2.13555, 919.77211, 58.66158, -3.68886, 13.44876
-4.21968, -1.42370, 919.77211, 59.19186, -3.22776, 13.44876
-4.21968, -0.71185, 916.71003, 59.72213, -3.22776, 13.44876
-4.92295, -0.71185, 919.77211, 60.25241, -3.22776, 13.44876
-5.62623,  0.00000, 916.71003, 60.25241, -2.76665, 13.67816
-5.62623, -0.71185, 916.71003, 59.72213, -2.76665, 13.67816
-5.62623, -0.71185, 913.64795, 59.72213, -2.76665, 13.67816
-5.62623, -0.71185, 916.71003, 59.72213, -2.76665, 13.44876
-5.62623, -0.71185, 916.71003, 60.25241, -2.30554, 13.44876
-5.62623, -0.71185, 916.71003, 60.25241, -1.84443, 13.21936
-4.92295, -0.71185, 916.71003, 60.25241, -2.30554, 13.21936
-5.62623, -0.71185, 916.71003, 60.25241, -2.30554, 13.21936
-5.62623, -0.71185, 919.77211, 59.72213, -2.30554, 12.98995
-6.32951,  0.00000, 919.77211, 59.72213, -2.30554, 12.98995
-6.32951, -0.71185, 919.77211, 59.19186, -2.30554, 13.44876
-6.32951, -1.42370, 916.71003, 59.19186, -2.76665, 13.44876
-5.62623, -1.42370, 916.71003, 58.66158, -2.76665, 13.44876
-5.62623, -1.42370, 919.77211, 58.13131, -2.76665, 13.44876
-4.21968, -1.42370, 916.71003, 57.07076, -3.22776, 13.21936
-2.81312, -2.13555, 916.71003, 57.60103, -4.14997, 13.21936
-3.51640, -3.55925, 919.77211, 57.60103, -4.14997, 13.21936
-4.21968, -2.84740, 919.77211, 57.60103, -3.68886, 12.98995
-4.92295, -2.84740, 916.71003, 56.54049, -3.68886, 12.98995
-4.92295, -3.55925, 916.71003, 56.01021, -3.68886, 13.21936
-4.92295, -2.84740, 916.71003, 56.01021, -3.68886, 13.21936
-4.92295, -2.84740, 916.71003, 56.01021, -3.68886, 13.21936
-4.92295, -3.55925, 916.71003, 56.01021, -4.61108, 13.44876
-4.21968, -3.55925, 919.77211, 56.01021, -4.61108, 13.44876
-4.21968, -2.13555, 919.77211, 55.47994, -4.61108, 13.44876
-4.21968, -3.55925, 916.71003, 55.47994, -4.61108, 13.44876
-4.21968, -3.55925, 919.77211, 55.47994, -4.61108, 13.44876
-4.21968, -3.55925, 919.77211, 55.47994, -4.14997, 13.44876
-3.51640, -3.55925, 916.71003, 56.01021, -4.14997, 13.44876
-4.21968, -3.55925, 916.71003, 56.01021, -4.14997, 13.67816
-4.21968, -3.55925, 916.71003, 56.54049, -4.14997, 13.67816
-2.81312, -3.55925, 916.71003, 57.07076, -4.14997, 13.67816
-3.51640, -2.84740, 916.71003, 57.07076, -4.14997, 13.67816
-4.92295, -2.13555, 916.71003, 57.60103, -3.68886, 13.67816
-4.92295, -2.13555, 916.71003, 58.13131, -3.68886, 13.67816
-4.92295, -2.13555, 916.71003, 58.66158, -3.22776, 13.67816
-4.21968, -2.13555, 919.77211, 58.66158, -3.22776, 13.67816
-4.21968, -2.13555, 919.77211, 59.19186, -3.22776, 13.67816
-4.92295, -1.42370, 916.71003, 59.72213, -3.22776, 13.67816
-4.92295, -1.42370, 916.71003, 59.72213, -2.76665, 13.67816
-5.62623, -0.71185, 913.64795, 60.78268, -2.30554, 13.44876
-5.62623,  0.00000, 916.71003, 60.25241, -2.76665, 13.21936
-4.92295, -0.71185, 916.71003, 60.78268, -2.30554, 13.21936
-5.62623, -0.71185, 919.77211, 60.78268, -2.76665, 12.98995
-4.92295, -0.71185, 916.71003, 60.78268, -2.30554, 12.98995
-5.62623, -0.71185, 916.71003, 60.78268, -2.30554, 12.98995
-6.32951,  0.00000, 916.71003, 60.78268, -2.30554, 13.21936
-7.03279,  0.71185, 916.71003, 61.31295, -2.30554, 13.44876
-7.03279, -0.71185, 916.71003, 60.25241, -2.30554, 13.44876
-5.62623, -0.71185, 916.71003, 59.19186, -2.30554, 13.44876
-6.32951, -1.42370, 916.71003, 58.66158, -2.76665, 13.44876
-5.62623, -2.13555, 919.77211, 58.13131, -2.76665, 13.44876
-4.92295, -2.13555, 919.77211, 58.66158, -2.76665, 13.44876
-4.92295, -2.13555, 919.77211, 58.13131, -3.22776, 13.44876
-4.21968, -2.13555, 916.71003, 57.60103, -3.22776, 13.44876
-4.21968, -2.84740, 916.71003, 57.60103, -2.76665, 13.44876
-5.62623, -2.84740, 913.64795, 56.54049, -2.30554, 13.21936
-4.92295, -2.84740, 913.64795, 56.54049, -2.30554, 13.21936
-4.92295, -2.84740, 919.77211, 56.54049, -2.30554, 13.21936
-4.92295, -3.55925, 919.77211, 57.07076, -2.30554, 12.98995
-4.92295, -2.84740, 919.77211, 57.07076, -2.30554, 13.21936
-4.92295, -3.55925, 919.77211, 57.07076, -2.30554, 13.21936
-5.62623, -2.13555, 916.71003, 57.07076, -1.84443, 13.21936
-7.03279, -2.84740, 916.71003, 56.54049, -1.84443, 13.21936
-6.32951, -2.84740, 916.71003, 57.07076, -1.84443, 12.98995
-4.92295, -2.84740, 916.71003, 57.07076, -1.84443, 13.21936
-4.21968, -2.84740, 916.71003, 56.54049, -1.84443, 13.21936
-4.92295, -4.27110, 919.77211, 56.54049, -1.84443, 13.44876
-5.62623, -3.55925, 919.77211, 56.01021, -1.38332, 13.44876
-6.32951, -2.84740, 916.71003, 56.54049, -0.92222, 13.44876
-7.03279, -2.84740, 916.71003, 57.07076, -0.46111, 13.67816
-6.32951, -2.84740, 916.71003, 57.07076, -0.46111, 13.90757
-6.32951, -2.84740, 916.71003, 57.60103, -0.92222, 13.90757
-6.32951, -2.13555, 916.71003, 57.60103, -0.46111, 13.44876
-5.62623, -2.13555, 916.71003, 57.07076, -0.46111, 13.44876
-5.62623, -2.84740, 916.71003, 57.60103, -0.92222, 13.44876
-5.62623, -2.84740, 919.77211, 58.13131, -0.46111, 13.67816
-6.32951, -2.13555, 922.83419, 58.13131, -0.46111, 13.21936
-7.03279, -1.42370, 916.71003, 58.13131,  0.00000, 13.21936
-7.03279, -1.42370, 916.71003, 58.66158,  0.00000, 13.44876
-7.03279, -1.42370, 916.71003, 58.13131, -0.46111, 13.44876
-7.03279, -2.13555, 919.77211, 57.60103,  0.00000, 13.21936
-6.32951, -1.42370, 913.64795, 58.13131,  0.00000, 13.44876
-5.62623, -2.13555, 916.71003, 58.13131, -0.46111, 13.21936
-5.62623, -2.13555, 919.77211, 58.13131, -0.46111, 13.21936
-5.62623, -2.84740, 919.77211, 58.13131, -0.46111, 12.98995
-4.92295, -2.84740, 916.71003, 58.13131, -0.92222, 12.98995
-4.92295, -3.55925, 916.71003, 57.07076, -1.38332, 12.98995
-5.62623, -2.84740, 919.77211, 57.07076, -0.92222, 13.21936
-5.62623, -2.84740, 919.77211, 56.54049, -1.38332, 13.44876
-5.62623, -2.84740, 919.77211, 56.54049, -1.38332, 13.44876
-5.62623, -3.55925, 922.83419, 57.07076, -1.84443, 13.21936
-4.92295, -3.55925, 919.77211, 57.07076, -1.84443, 13.21936
-3.51640, -3.55925, 916.71003, 57.07076, -2.30554, 13.21936
-4.21968, -3.55925, 916.71003, 57.07076, -1.84443, 13.21936
-4.21968, -2.84740, 913.64795, 57.60103, -1.38332, 13.21936
-4.92295, -3.55925, 916.71003, 57.60103, -1.84443, 13.21936
-4.92295, -2.84740, 916.71003, 58.13131, -1.38332, 13.21936
-4.92295, -2.84740, 919.77211, 58.13131, -1.84443, 13.21936
-5.62623, -2.13555, 916.71003, 59.19186, -1.38332, 13.21936
-6.32951, -1.42370, 919.77211, 59.19186, -1.38332, 13.44876
-5.62623, -1.42370, 916.71003, 59.19186, -1.38332, 13.67816
-5.62623, -1.42370, 919.77211, 59.19186, -1.38332, 13.67816
-6.32951, -1.42370, 916.71003, 59.19186, -1.38332, 13.44876
-5.62623, -1.42370, 916.71003, 58.66158, -1.84443, 13.67816
-5.62623, -2.13555, 919.77211, 58.66158, -1.84443, 13.67816
-6.32951, -1.42370, 916.71003, 58.66158, -1.84443, 13.67816
-5.62623, -0.71185, 916.71003, 59.19186, -1.84443, 13.44876
-4.92295, -1.42370, 919.77211, 58.66158, -1.84443, 13.44876
-4.21968, -2.13555, 919.77211, 58.66158, -2.30554, 13.44876
-4.92295, -2.13555, 919.77211, 58.66158, -2.30554, 13.67816
-5.62623, -2.13555, 919.77211, 58.66158, -2.76665, 13.67816
-4.92295, -1.42370, 916.71003, 58.13131, -2.76665, 13.67816
-4.21968, -1.42370, 916.71003, 58.13131, -2.76665, 13.67816
-4.92295, -2.84740, 919.77211, 58.13131, -3.22776, 13.44876
-4.21968, -2.84740, 916.71003, 58.13131, -3.22776, 13.44876
-2.10984, -2.84740, 919.77211, 58.13131, -3.68886, 13.21936
-2.10984, -2.84740, 919.77211, 57.60103, -4.14997, 12.98995
-1.40656, -2.84740, 919.77211, 57.60103, -4.14997, 12.98995
-2.10984, -2.84740, 919.77211, 57.60103, -3.68886, 12.98995
-3.51640, -2.84740, 919.77211, 58.13131, -3.22776, 13.21936
-4.92295, -2.13555, 919.77211, 58.13131, -3.22776, 13.21936
-5.62623, -1.42370, 916.71003, 57.60103, -2.30554, 13.21936
-6.32951, -2.13555, 919.77211, 58.13131, -2.76665, 13.21936
-4.92295, -2.13555, 919.77211, 58.66158, -3.22776, 13.21936
-3.51640, -2.84740, 919.77211, 58.13131, -3.22776, 12.98995
-3.51640, -2.84740, 922.83419, 57.60103, -3.68886, 12.98995
-4.21968, -2.13555, 919.77211, 57.60103, -3.22776, 13.21936
-4.92295, -2.13555, 916.71003, 57.60103, -2.76665, 13.21936
-4.92295, -2.13555, 916.71003, 57.60103, -2.76665, 13.21936
-4.92295, -2.13555, 919.77211, 57.07076, -2.76665, 13.44876
-5.62623, -2.13555, 919.77211, 57.07076, -3.22776, 13.67816
-5.62623, -2.84740, 916.71003, 57.07076, -2.76665, 13.67816
-4.92295, -2.13555, 916.71003, 57.07076, -3.22776, 13.67816
-3.51640, -2.13555, 916.71003, 56.54049, -3.68886, 13.44876
-2.81312, -2.84740, 919.77211, 57.07076, -3.68886, 13.21936
-3.51640, -2.13555, 916.71003, 57.07076, -3.68886, 13.44876
-4.21968, -2.84740, 916.71003, 58.13131, -3.68886, 13.21936
-4.92295, -2.13555, 919.77211, 57.60103, -3.68886, 13.21936
-4.92295, -2.13555, 919.77211, 57.60103, -3.68886, 13.21936
-4.92295, -2.13555, 916.71003, 58.13131, -3.22776, 12.98995
-4.92295, -2.13555, 919.77211, 57.60103, -3.68886, 13.21936
-4.92295, -2.84740, 919.77211, 58.13131, -3.68886, 13.21936
-4.92295, -2.84740, 919.77211, 58.13131, -4.14997, 13.21936
-3.51640, -2.84740, 919.77211, 58.66158, -4.14997, 13.21936
-4.21968, -2.13555, 919.77211, 58.66158, -4.14997, 13.21936
-4.92295, -2.13555, 919.77211, 58.66158, -3.68886, 13.44876
-4.92295, -2.13555, 916.71003, 58.13131, -3.68886, 13.67816
-4.92295, -2.13555, 919.77211, 57.60103, -3.68886, 13.67816
-4.92295, -2.13555, 916.71003, 57.60103, -3.68886, 13.90757
-5.62623, -2.13555, 913.64795, 58.13131, -3.68886, 13.67816
-4.92295, -2.84740, 916.71003, 58.13131, -3.68886, 13.67816
-4.21968, -3.55925, 916.71003, 57.60103, -3.68886, 13.90757
-5.62623, -2.84740, 919.77211, 57.07076, -3.22776, 13.67816
-5.62623, -2.13555, 916.71003, 57.60103, -3.22776, 13.90757
-5.62623, -2.84740, 916.71003, 57.07076, -3.68886, 13.67816
-4.92295, -2.13555, 916.71003, 58.13131, -3.68886, 13.90757
-5.62623, -2.13555, 916.71003, 57.60103, -3.68886, 13.90757
-4.92295, -1.42370, 916.71003, 58.66158, -3.68886, 13.44876
-4.92295, -2.13555, 919.77211, 58.66158, -4.14997, 13.21936
-4.21968, -2.84740, 916.71003, 57.60103, -4.14997, 13.21936
-4.21968, -2.84740, 919.77211, 57.07076, -4.14997, 13.44876
-5.62623, -2.84740, 919.77211, 57.07076, -4.14997, 13.44876
-6.32951, -2.13555, 916.71003, 57.60103, -3.68886, 13.44876
-5.62623, -2.13555, 916.71003, 58.13131, -3.68886, 13.44876
-4.92295, -2.84740, 916.71003, 57.60103, -3.68886, 13.21936
-4.92295, -2.84740, 913.64795, 57.60103, -4.61108, 13.21936
-4.21968, -3.55925, 916.71003, 56.54049, -4.61108, 13.21936
-4.21968, -3.55925, 916.71003, 56.01021, -4.14997, 13.21936
-4.92295, -3.55925, 916.71003, 56.01021, -4.14997, 13.21936
-4.92295, -3.55925, 916.71003, 56.01021, -4.14997, 13.21936
-4.92295, -2.84740, 916.71003, 57.07076, -4.14997, 13.21936
-4.92295, -2.84740, 916.71003, 57.60103, -3.68886, 12.98995
-5.62623, -3.55925, 916.71003, 57.60103, -3.68886, 13.21936
-4.92295, -3.55925, 919.77211, 57.60103, -4.14997, 12.98995
-4.92295, -2.84740, 919.77211, 57.07076, -4.14997, 13.44876
-4.92295, -3.55925, 919.77211, 57.60103, -3.22776, 13.44876
-5.62623, -2.84740, 916.71003, 58.13131, -3.68886, 13.21936
-4.92295, -2.84740, 913.64795, 58.66158, -3.22776, 13.21936
-4.21968, -2.84740, 916.71003, 58.66158, -3.68886, 13.44876
-4.92295, -2.84740, 916.71003, 59.19186, -3.22776, 13.44876
-5.62623, -1.42370, 916.71003, 59.19186, -2.76665, 13.67816
-5.62623, -1.42370, 916.71003, 60.25241, -2.76665, 13.44876
-6.32951, -1.42370, 919.77211, 60.25241, -2.76665, 13.21936
-6.32951, -0.71185, 916.71003, 60.78268, -2.76665, 13.21936
-5.62623, -1.42370, 916.71003, 60.78268, -2.76665, 13.21936
-5.62623, -1.42370, 919.77211, 60.25241, -2.76665, 13.44876
-5.62623, -0.71185, 919.77211, 60.25241, -2.76665, 13.67816
-4.92295, -1.42370, 919.77211, 60.25241, -2.76665, 13.67816
-5.62623, -0.71185, 916.71003, 60.78268, -2.30554, 13.67816
-6.32951, -1.42370, 919.77211, 60.25241, -1.84443, 13.67816
-6.32951, -1.42370, 913.64795, 60.25241, -1.84443, 13.44876
-6.32951, -2.13555, 913.64795, 59.19186, -1.84443, 13.21936
-5.62623, -2.13555, 916.71003, 59.19186, -2.30554, 13.21936
-4.92295, -2.84740, 922.83419, 59.19186, -2.30554, 13.21936
-4.92295, -2.84740, 922.83419, 59.19186, -1.84443, 13.44876
-4.92295, -2.84740, 919.77211, 58.66158, -1.84443, 13.44876
-5.62623, -2.84740, 916.71003, 58.66158, -1.38332, 13.44876
-5.62623, -2.13555, 916.71003, 58.66158, -1.38332, 13.21936
-5.62623, -2.13555, 919.77211, 58.66158, -1.84443, 13.21936
-4.92295, -2.84740, 919.77211, 59.19186, -1.84443, 13.44876
-5.62623, -2.13555, 916.71003, 59.19186, -1.84443, 13.21936
-5.62623, -2.13555, 916.71003, 59.19186, -1.38332, 13.21936
-5.62623, -2.84740, 916.71003, 59.19186, -1.84443, 12.98995
-4.92295, -2.13555, 919.77211, 59.19186, -2.30554, 13.21936
-4.21968, -2.84740, 922.83419, 59.19186, -2.76665, 13.21936
-4.21968, -2.84740, 919.77211, 58.13131, -2.30554, 13.44876
-4.21968, -2.84740, 919.77211, 58.66158, -2.30554, 13.21936
-4.92295, -2.84740, 919.77211, 58.66158, -1.84443, 13.21936
-4.92295, -2.13555, 919.77211, 58.13131, -1.84443, 13.21936
-4.92295, -2.13555, 919.77211, 58.66158, -1.38332, 12.98995
-4.92295, -2.13555, 916.71003, 59.19186, -1.84443, 13.21936
-4.21968, -2.13555, 919.77211, 59.72213, -1.38332, 12.98995
-4.21968, -2.13555, 919.77211, 59.19186, -1.38332, 12.98995
-4.92295, -2.13555, 919.77211, 58.66158, -0.92222, 12.98995
-4.92295, -2.13555, 916.71003, 58.66158, -0.46111, 13.21936
-4.92295, -2.13555, 922.83419, 58.13131, -0.92222, 13.21936
-4.21968, -2.13555, 922.83419, 58.66158, -0.92222, 13.21936
-4.21968, -2.13555, 922.83419, 58.66158, -0.46111, 13.21936
-4.92295, -2.13555, 919.77211, 59.19186,  0.00000, 12.98995
-4.92295, -2.13555, 919.77211, 58.66158,  0.46111, 13.21936
-5.62623, -2.13555, 916.71003, 58.13131,  0.92222, 13.44876
-5.62623, -2.13555, 916.71003, 58.66158,  0.92222, 13.44876
-6.32951, -2.13555, 919.77211, 59.19186,  0.92222, 13.44876
-6.32951, -2.13555, 919.77211, 59.72213,  0.92222, 13.21936
-5.62623, -2.13555, 919.77211, 59.19186,  0.92222, 13.21936
-5.62623, -2.13555, 919.77211, 59.72213,  0.92222, 13.21936
-4.92295, -2.84740, 922.83419, 59.19186,  0.92222, 13.21936
-5.62623, -2.84740, 919.77211, 59.19186,  0.46111, 13.44876
-5.62623, -2.84740, 919.77211, 58.66158,  0.92222, 13.44876
-6.32951, -2.13555, 919.77211, 58.13131,  0.92222, 13.44876
-6.32951, -2.13555, 916.71003, 59.19186,  0.92222, 13.44876
-5.62623, -2.13555, 916.71003, 59.19186,  0.46111, 13.44876
-6.32951, -2.13555, 919.77211, 59.19186,  0.46111, 13.44876
-5.62623, -2.13555, 919.77211, 58.13131,  0.46111, 13.44876
-4.92295, -2.84740, 916.71003, 57.60103,  0.46111, 13.44876
-4.92295, -3.55925, 919.77211, 57.60103,  0.46111, 13.44876
-4.92295, -2.84740, 919.77211, 57.07076,  0.46111, 13.44876
-4.92295, -2.84740, 916.71003, 57.60103,  0.00000, 13.21936
-4.92295, -2.84740, 916.71003, 57.60103,  0.00000, 13.21936
-4.92295, -2.84740, 916.71003, 58.13131, -0.46111, 13.44876
-4.21968, -2.84740, 916.71003, 57.60103, -0.46111, 13.44876
-4.21968, -2.84740, 919.77211, 58.13131, -0.92222, 13.21936
-4.21968, -2.84740, 916.71003, 58.13131, -0.92222, 13.21936
-3.51640, -2.84740, 916.71003, 58.13131, -0.92222, 12.98995
-4.21968, -2.13555, 919.77211, 58.66158, -1.38332, 12.98995
-5.62623, -2.13555, 919.77211, 59.19186, -1.84443, 12.98995
-4.92295, -2.13555, 919.77211, 59.19186, -1.38332, 12.98995
-3.51640, -2.84740, 919.77211, 59.19186, -2.30554, 12.98995
-2.81312, -2.84740, 919.77211, 58.66158, -2.30554, 13.21936
-3.51640, -2.13555, 919.77211, 58.66158, -2.30554, 13.21936
-4.21968, -2.13555, 916.71003, 58.66158, -2.30554, 13.21936
-3.51640, -2.13555, 916.71003, 59.19186, -2.30554, 13.21936
-4.21968, -2.13555, 919.77211, 59.19186, -2.30554, 12.98995
-4.92295, -2.13555, 919.77211, 59.19186, -1.84443, 12.98995
-4.92295, -2.13555, 919.77211, 59.19186, -1.84443, 13.21936
-3.51640, -2.84740, 919.77211, 58.13131, -1.84443, 13.44876
-4.21968, -2.84740, 919.77211, 57.60103, -1.84443, 12.98995
-3.51640, -2.84740, 922.83419, 57.60103, -1.84443, 13.21936
-4.21968, -3.55925, 922.83419, 58.13131, -1.38332, 13.21936
-4.21968, -2.84740, 916.71003, 58.13131, -0.92222, 13.44876
-4.92295, -2.84740, 916.71003, 58.13131, -0.92222, 13.67816
-4.92295, -2.13555, 913.64795, 58.66158, -0.92222, 13.44876
-4.92295, -2.13555, 916.71003, 59.19186, -0.92222, 13.21936
-4.21968, -2.84740, 919.77211, 58.66158, -1.38332, 13.21936
-4.21968, -2.84740, 919.77211, 58.66158, -1.38332, 13.44876
-4.21968, -2.84740, 919.77211, 58.66158, -1.38332, 13.21936
-4.21968, -2.13555, 919.77211, 59.19186, -1.38332, 13.21936
-4.21968, -2.13555, 919.77211, 59.19186, -1.38332, 13.21936
-4.21968, -2.13555, 916.71003, 59.19186, -1.38332, 13.21936
-4.21968, -1.42370, 916.71003, 59.72213, -1.38332, 13.21936
-4.21968, -2.13555, 919.77211, 59.72213, -1.38332, 13.44876
-4.21968, -2.13555, 916.71003, 59.72213, -1.38332, 13.21936
-4.21968, -2.13555, 919.77211, 59.19186, -1.38332, 13.21936
-4.21968, -2.13555, 919.77211, 59.19186, -1.38332, 13.21936
-4.92295, -1.42370, 919.77211, 59.19186, -0.92222, 13.21936
-4.92295, -2.13555, 916.71003, 59.19186, -0.46111, 13.21936
-4.92295, -2.13555, 916.71003, 59.19186, -0.92222, 13.44876
-4.92295, -2.13555, 919.77211, 58.66158, -0.46111, 13.44876
-4.92295, -2.13555, 916.71003, 59.19186, -0.46111, 13.44876
-5.62623, -2.13555, 919.77211, 58.66158,  0.00000, 13.44876
-5.62623, -2.13555, 916.71003, 59.19186, -0.46111, 13.44876
-5.62623, -2.84740, 916.71003, 59.19186,  0.00000, 13.21936
-4.92295, -2.13555, 916.71003, 59.19186, -0.46111, 13.21936
-4.92295, -1.42370, 916.71003, 59.19186, -0.46111, 13.21936
-5.62623, -1.42370, 919.77211, 59.72213, -0.46111, 13.21936
-6.32951, -2.13555, 916.71003, 59.19186,  0.00000, 13.21936
-6.32951, -2.13555, 916.71003, 59.19186,  0.00000, 13.21936
-5.62623, -2.13555, 919.77211, 58.66158,  0.00000, 13.44876
-6.32951, -2.13555, 919.77211, 58.66158,  0.00000, 13.21936
-6.32951, -2.13555, 919.77211, 59.19186,  0.00000, 13.21936
-4.92295, -2.84740, 919.77211, 58.66158,  0.00000, 13.21936
-4.21968, -2.84740, 919.77211, 58.13131, -0.46111, 13.21936
-5.62623, -2.84740, 919.77211, 58.13131,  0.00000, 13.21936
-5.62623, -2.13555, 916.71003, 59.19186,  0.00000, 12.98995
-5.62623, -2.13555, 919.77211, 58.66158, -0.46111, 12.98995
-5.62623, -2.13555, 919.77211, 59.19186,  0.00000, 12.98995
-5.62623, -2.84740, 919.77211, 58.66158,  0.00000, 12.98995
-5.62623, -2.13555, 919.77211, 58.13131, -0.46111, 12.98995
-4.92295, -2.13555, 919.77211, 58.13131, -0.92222, 12.98995
-4.92295, -2.84740, 916.71003, 58.13131, -0.92222, 13.21936
-4.92295, -2.84740, 916.71003, 57.60103, -1.38332, 13.21936
-4.92295, -2.84740, 916.71003, 57.60103, -1.38332, 13.21936
-4.92295, -2.13555, 916.71003, 58.13131, -1.38332, 13.21936
-3.51640, -2.84740, 916.71003, 57.60103, -1.84443, 13.44876
-4.21968, -2.84740, 919.77211, 57.60103, -1.84443, 13.44876
-4.92295, -2.84740, 922.83419, 56.54049, -1.38332, 13.44876
-4.92295, -3.55925, 922.83419, 56.01021, -1.38332, 13.44876
-4.92295, -3.55925, 919.77211, 56.01021, -0.92222, 13.44876
-4.92295, -3.55925, 916.71003, 56.01021, -0.92222, 13.67816
-4.92295, -3.55925, 919.77211, 56.01021, -0.92222, 13.67816
-4.92295, -2.84740, 916.71003, 56.54049, -0.92222, 13.67816
-5.62623, -3.55925, 919.77211, 57.07076, -0.92222, 13.67816
-4.92295, -4.27110, 916.71003, 57.07076, -1.38332, 13.44876
-4.21968, -4.27110, 919.77211, 56.54049, -1.38332, 13.44876
-3.51640, -3.55925, 916.71003, 57.07076, -0.92222, 13.44876
-4.21968, -2.84740, 919.77211, 57.60103, -1.38332, 13.44876
-5.62623, -2.84740, 919.77211, 58.66158, -0.92222, 13.44876
-5.62623, -2.13555, 916.71003, 58.66158, -0.46111, 13.44876
-4.92295, -2.13555, 919.77211, 58.66158, -0.92222, 13.67816
-4.92295, -2.13555, 919.77211, 58.66158, -1.38332, 13.44876
-4.92295, -1.42370, 919.77211, 59.19186, -0.92222, 13.21936
-4.92295, -1.42370, 916.71003, 59.72213, -1.38332, 13.21936
-4.92295, -1.42370, 919.77211, 60.25241, -1.38332, 13.21936
-5.62623, -1.42370, 916.71003, 61.31295, -1.38332, 12.98995
-4.92295, -0.71185, 916.71003, 60.78268, -1.38332, 13.21936
-4.21968, -0.71185, 916.71003, 60.78268, -1.38332, 12.98995
-4.21968, -0.71185, 919.77211, 60.78268, -1.38332, 13.21936
-4.92295, -0.71185, 916.71003, 60.78268, -0.92222, 12.98995
-5.62623, -1.42370, 916.71003, 60.78268, -0.46111, 12.98995
-6.32951, -1.42370, 919.77211, 60.25241, -0.46111, 13.21936
-6.32951, -2.13555, 919.77211, 60.78268,  0.00000, 12.98995
-5.62623, -1.42370, 919.77211, 60.25241, -0.46111, 13.21936
-5.62623, -1.42370, 919.77211, 59.72213, -0.46111, 13.21936
-6.32951, -1.42370, 919.77211, 59.19186,  0.00000, 13.44876
-7.03279, -2.13555, 916.71003, 59.19186,  0.00000, 13.44876
-7.03279, -1.42370, 916.71003, 58.66158,  0.00000, 13.21936
-7.03279, -2.13555, 916.71003, 58.13131, -0.46111, 13.67816
-6.32951, -2.13555, 916.71003, 57.60103,  0.00000, 13.21936
-6.32951, -3.55925, 916.71003, 58.13131, -0.46111, 13.21936
-5.62623, -2.84740, 916.71003, 57.60103, -0.92222, 13.21936
-5.62623, -2.84740, 916.71003, 57.60103, -1.38332, 13.21936
-5.62623, -2.13555, 916.71003, 57.60103, -0.92222, 13.44876
-5.62623, -2.84740, 919.77211, 57.07076, -1.38332, 13.44876
-6.32951, -2.84740, 919.77211, 56.54049, -1.38332, 13.67816
-5.62623, -2.84740, 919.77211, 56.54049, -2.30554, 13.44876
-4.92295, -2.84740, 916.71003, 56.01021, -2.30554, 13.44876
-3.51640, -3.55925, 919.77211, 56.01021, -3.22776, 13.67816
-4.21968, -3.55925, 916.71003, 56.01021, -2.76665, 13.67816
-4.21968, -3.55925, 916.71003, 56.01021, -3.22776, 13.44876
-4.92295, -3.55925, 916.71003, 55.47994, -3.22776, 13.21936
-4.21968, -4.98295, 916.71003, 54.94966, -2.76665, 13.44876
-3.51640, -4.98295, 919.77211, 54.94966, -3.22776, 13.44876
-3.51640, -4.98295, 922.83419, 54.94966, -3.22776, 13.44876
-3.51640, -4.98295, 919.77211, 55.47994, -3.22776, 13.21936
