
-3.51640, -2.84740, 949.24462, 42.42194, 28.76161, 11.69956
-2.81312, -2.84740, 952.30670, 42.42194, 29.22272, 11.69956
-3.51640, -2.84740, 949.24462, 42.95221, 29.22272, 11.69956
-4.21968, -2.84740, 949.24462, 42.95221, 29.68383, 11.69956
-4.21968, -2.13555, 949.24462, 43.48248, 29.68383, 11.92896
-4.21968, -2.13555, 949.24462, 43.48248, 30.14494, 11.69956
-4.21968, -2.13555, 952.30670, 43.48248, 30.14494, 11.69956
-4.21968, -1.42370, 952.30670, 44.01276, 30.14494, 11.69956
-4.92295, -1.42370, 952.30670, 44.01276, 30.14494, 11.47016
-4.92295, -2.13555, 949.24462, 43.48248, 30.60604, 11.47016
-4.92295, -1.42370, 952.30670, 44.01276, 31.06715, 11.69956
-4.92295, -1.42370, 952.30670, 43.48248, 31.06715, 11.47016
-4.92295, -1.42370, 952.30670, 42.95221, 31.06715, 11.69956
-4.92295, -1.42370, 949.24462, 42.95221, 31.06715, 11.47016
-4.92295, -2.13555, 949.24462, 42.95221, 31.06715, 11.47016
-4.21968, -2.13555, 952.30670, 42.95221, 30.60604, 11.47016
-4.92295, -2.13555, 949.24462, 42.95221, 30.60604, 11.69956
-4.92295, -2.13555, 949.24462, 42.95221, 31.06715, 11.69956
-4.92295, -2.13555, 949.24462, 42.95221, 31.06715, 11.92896
-4.92295, -2.84740, 949.24462, 42.42194, 31.06715, 11.47016
-4.21968, -2.84740, 949.24462, 42.42194, 30.60604, 11.69956
-4.21968, -2.84740, 949.24462, 42.42194, 30.14494, 11.69956
-4.21968, -2.84740, 949.24462, 42.42194, 30.60604, 11.69956
-4.21968, -2.84740, 949.24462, 41.89166, 30.14494, 11.69956
-4.92295, -3.55925, 949.24462, 41.36139, 30.14494, 11.69956
-4.21968, -2.84740, 952.30670, 41.36139, 30.60604, 11.69956
-4.92295, -2.84740, 952.30670, 41.36139, 30.60604, 11.69956
-4.92295, -2.84740, 952.30670, 41.36139, 30.60604, 11.69956
-4.92295, -3.55925, 952.30670, 41.89166, 30.60604, 11.69956
-5.62623, -2.84740, 949.24462, 41.36139, 30.60604, 11.69956
-4.92295, -2.84740, 949.24462, 41.36139, 30.14494, 11.69956
-4.21968, -2.84740, 952.30670, 41.36139, 29.68383, 11.69956
-4.92295, -2.84740, 952.30670, 41.36139, 29.68383, 11.92896
-4.92295, -3.55925, 949.24462, 40.83111, 29.68383, 11.47016
-4.92295, -3.55925, 949.24462, 41.36139, 29.68383, 11.69956
-4.21968, -3.55925, 949.24462, 40.83111, 29.22272, 11.69956
-3.51640, -3.55925, 946.18254, 41.36139, 28.76161, 11.92896
-3.51640, -2.84740, 949.24462, 41.36139, 28.30050, 11.92896
-3.51640, -2.84740, 952.30670, 41.36139, 28.30050, 11.92896
-3.51640, -3.55925, 952.30670, 41.36139, 28.30050, 11.92896
-2.81312, -3.55925, 952.30670, 41.36139, 27.83940, 11.92896
-2.81312, -3.55925, 949.24462, 41.36139, 27.37829, 11.69956
-2.81312, -3.55925, 952.30670, 41.36139, 27.37829, 11.69956
-2.81312, -2.84740, 952.30670, 41.36139, 27.37829, 11.69956
-2.81312, -2.13555, 952.30670, 41.89166, 27.37829, 11.69956
-3.51640, -2.13555, 949.24462, 41.89166, 27.83940, 11.47016
-3.51640, -2.13555, 949.24462, 41.89166, 27.37829, 11.47016
-2.10984, -2.84740, 949.24462, 41.89166, 27.37829, 11.24075
-2.10984, -2.13555, 952.30670, 42.95221, 27.37829, 11.24075
-2.10984, -2.13555, 952.30670, 42.95221, 27.37829, 11.24075
-2.10984, -1.42370, 952.30670, 42.95221, 27.83940, 11.24075
-2.81312, -2.13555, 949.24462, 42.95221, 28.30050, 11.47016
-3.51640, -1.42370, 952.30670, 42.95221, 28.76161, 11.47016
-3.51640, -2.13555, 949.24462, 43.48248, 28.76161, 11.69956
-3.51640, -2.13555, 952.30670, 44.01276, 28.76161, 11.69956
-4.21968, -2.13555, 952.30670, 44.01276, 29.68383, 11.69956
-4.21968, -1.42370, 952.30670, 44.01276, 30.14494, 11.69956
-4.92295, -2.13555, 949.24462, 44.01276, 30.60604, 11.92896
-5.62623, -2.13555, 946.18254, 44.01276, 30.60604, 11.69956
-4.92295, -2.13555, 949.24462, 44.01276, 30.60604, 11.69956
-4.21968, -2.13555, 949.24462, 44.54303, 30.60604, 11.69956
-4.21968, -2.13555, 949.24462, 43.48248, 30.60604, 11.69956
-4.92295, -2.13555, 952.30670, 44.01276, 30.60604, 11.92896
-4.92295, -1.42370, 952.30670, 44.01276, 31.06715, 11.69956
-4.92295, -1.42370, 949.24462, 44.01276, 31.06715, 11.69956
-4.92295, -1.42370, 949.24462, 44.54303, 31.06715, 11.69956
-4.92295, -1.42370, 952.30670, 44.01276, 31.06715, 11.47016
-4.92295, -1.42370, 949.24462, 44.01276, 31.06715, 11.47016
-5.62623, -0.71185, 949.24462, 44.54303, 31.06715, 11.47016
-5.62623, -1.42370, 952.30670, 44.54303, 31.06715, 11.47016
-4.21968, -0.71185, 952.30670, 44.01276, 31.06715, 11.47016
-4.21968, -0.71185, 952.30670, 43.48248, 31.06715, 11.47016
-4.92295, -0.71185, 952.30670, 43.48248, 30.60604, 11.47016
-4.92295, -1.42370, 952.30670, 42.95221, 30.60604, 11.47016
-5.62623, -2.13555, 949.24462, 42.95221, 30.60604, 11.69956
-4.92295, -2.13555, 949.24462, 42.95221, 30.60604, 11.69956
-4.21968, -1.42370, 952.30670, 42.95221, 30.60604, 11.47016
-4.21968, -1.42370, 952.30670, 42.95221, 30.60604, 11.69956
-4.21968, -2.13555, 949.24462, 42.42194, 30.60604, 11.47016
-4.21968, -2.84740, 949.24462, 41.89166, 30.60604, 11.47016
-4.21968, -2.84740, 949.24462, 42.42194, 30.60604, 11.69956
-4.92295, -2.84740, 949.24462, 41.89166, 30.60604, 11.69956
-4.21968, -2.84740, 949.24462, 41.89166, 31.06715, 11.69956
-4.21968, -2.84740, 949.24462, 41.36139, 31.06715, 11.69956
-4.21968, -2.84740, 949.24462, 41.36139, 31.06715, 11.92896
-4.92295, -2.84740, 952.30670, 41.36139, 31.06715, 11.69956
-5.62623, -3.55925, 952.30670, 41.89166, 31.52826, 11.69956
-4.92295, -2.84740, 949.24462, 41.89166, 31.06715, 11.69956
-4.92295, -3.55925, 949.24462, 41.36139, 31.06715, 11.69956
-4.21968, -2.84740, 952.30670, 41.36139, 31.06715, 11.69956
-4.21968, -2.84740, 952.30670, 40.83111, 31.06715, 11.69956
-4.92295, -3.55925, 952.30670, 40.83111, 31.06715, 11.92896
-5.62623, -2.84740, 949.24462, 40.83111, 31.52826, 11.69956
-5.62623, -2.84740, 949.24462, 40.83111, 31.52826, 11.69956
-4.92295, -2.84740, 949.24462, 41.36139, 31.52826, 11.69956
-4.21968, -2.84740, 949.24462, 40.83111, 31.52826, 11.69956
-4.21968, -2.84740, 952.30670, 41.36139, 31.06715, 11.69956
-4.21968, -3.55925, 949.24462, 41.36139, 31.06715, 11.69956
-4.21968, -2.84740, 949.24462, 41.36139, 31.52826, 11.69956
-4.92295, -2.84740, 949.24462, 41.89166, 31.52826, 11.69956
-4.92295, -2.84740, 949.24462, 41.89166, 31.52826, 11.92896
-4.92295, -2.84740, 952.30670, 41.89166, 31.52826, 11.92896
-4.92295, -2.13555, 952.30670, 41.89166, 31.52826, 11.69956
-4.21968, -2.13555, 952.30670, 41.36139, 31.06715, 11.47016
-4.92295, -2.13555, 952.30670, 41.89166, 31.06715, 11.47016
-4.92295, -2.13555, 949.24462, 41.36139, 31.06715, 11.47016
-4.92295, -2.13555, 949.24462, 41.89166, 31.06715, 11.47016
-4.92295, -2.13555, 952.30670, 41.89166, 30.60604, 11.69956
-4.21968, -2.13555, 952.30670, 41.89166, 30.60604, 11.47016
-4.21968, -2.84740, 952.30670, 41.36139, 30.60604, 11.47016
-4.92295, -2.84740, 949.24462, 40.83111, 30.14494, 11.47016
-4.92295, -2.84740, 949.24462, 40.83111, 30.14494, 11.69956
-4.21968, -2.84740, 949.24462, 40.83111, 29.68383, 11.69956
-4.21968, -2.84740, 949.24462, 40.30084, 29.22272, 11.69956
-3.51640, -2.84740, 949.24462, 40.30084, 29.22272, 11.92896
-3.51640, -2.84740, 949.24462, 40.30084, 28.76161, 11.92896
-3.51640, -2.84740, 949.24462, 40.30084, 28.76161, 11.69956
-2.81312, -3.55925, 952.30670, 40.30084, 28.76161, 11.69956
-2.81312, -2.84740, 949.24462, 40.30084, 28.76161, 11.69956
-2.10984, -2.84740, 949.24462, 40.30084, 28.30050, 11.69956
-2.81312, -2.84740, 952.30670, 40.30084, 28.30050, 11.69956
-2.81312, -2.84740, 952.30670, 40.83111, 28.76161, 11.69956
-3.51640, -2.84740, 952.30670, 41.36139, 28.76161, 11.69956
-4.21968, -2.84740, 949.24462, 41.36139, 29.22272, 11.69956
-4.21968, -2.84740, 949.24462, 41.36139, 29.22272, 11.69956
-4.21968, -2.84740, 952.30670, 41.36139, 29.22272, 11.92896
-3.51640, -2.84740, 952.30670, 41.36139, 29.22272, 11.69956
-3.51640, -2.84740, 952.30670, 41.36139, 29.22272, 11.69956
-4.21968, -2.84740, 949.24462, 41.89166, 29.68383, 11.69956
-4.21968, -2.84740, 952.30670, 42.42194, 30.14494, 11.92896
-4.92295, -2.84740, 949.24462, 42.42194, 30.14494, 11.92896
-4.21968, -2.84740, 949.24462, 42.42194, 30.14494, 11.92896
-4.21968, -2.84740, 946.18254, 42.42194, 30.60604, 11.92896
-4.21968, -2.84740, 949.24462, 42.42194, 30.14494, 11.92896
-4.92295, -2.13555, 949.24462, 42.42194, 30.14494, 11.69956
-4.92295, -2.13555, 949.24462, 42.42194, 30.60604, 11.92896
-4.92295, -2.13555, 949.24462, 42.42194, 30.60604, 11.92896
-4.21968, -2.13555, 952.30670, 42.95221, 30.14494, 11.69956
-4.21968, -1.42370, 952.30670, 42.95221, 30.14494, 11.47016
-4.21968, -1.42370, 952.30670, 42.95221, 30.60604, 11.47016
-4.92295, -1.42370, 949.24462, 42.95221, 30.14494, 11.47016
-4.92295, -1.42370, 952.30670, 43.48248, 30.60604, 11.47016
-4.92295, -0.71185, 949.24462, 43.48248, 30.60604, 11.47016
-4.92295, -0.71185, 949.24462, 43.48248, 31.06715, 11.47016
-4.21968, -0.71185, 952.30670, 43.48248, 30.14494, 11.47016
-4.21968, -0.71185, 952.30670, 43.48248, 30.14494, 11.47016
-4.21968, -1.42370, 952.30670, 42.95221, 30.60604, 11.47016
-4.21968, -1.42370, 952.30670, 42.95221, 30.60604, 11.47016
-4.21968, -2.13555, 949.24462, 43.48248, 30.14494, 11.47016
-4.21968, -1.42370, 949.24462, 43.48248, 30.14494, 11.47016
-3.51640, -1.42370, 952.30670, 42.95221, 30.14494, 11.47016
-3.51640, -2.13555, 952.30670, 42.95221, 29.68383, 11.47016
-4.21968, -1.42370, 949.24462, 42.42194, 30.14494, 11.47016
-4.21968, -1.42370, 949.24462, 42.42194, 29.68383, 11.47016
-4.21968, -2.13555, 949.24462, 42.42194, 30.14494, 11.69956
-4.21968, -2.84740, 949.24462, 42.42194, 29.68383, 11.69956
-4.21968, -2.84740, 952.30670, 42.42194, 29.68383, 11.92896
-3.51640, -2.84740, 955.36878, 41.89166, 29.68383, 11.69956
-4.21968, -2.84740, 952.30670, 41.89166, 29.22272, 11.69956
-4.21968, -2.84740, 952.30670, 41.36139, 29.68383, 11.92896
-4.21968, -3.55925, 949.24462, 41.36139, 30.14494, 11.69956
-4.21968, -3.55925, 949.24462, 41.36139, 29.68383, 11.69956
-3.51640, -2.84740, 952.30670, 40.83111, 29.22272, 11.92896
-3.51640, -2.84740, 952.30670, 41.36139, 29.22272, 11.92896
-3.51640, -3.55925, 952.30670, 41.36139, 29.22272, 11.69956
-4.21968, -3.55925, 952.30670, 40.83111, 29.68383, 11.69956
-4.21968, -3.55925, 946.18254, 40.83111, 29.68383, 11.69956
-3.51640, -3.55925, 949.24462, 40.83111, 29.68383, 11.69956
-4.21968, -3.55925, 946.18254, 40.83111, 29.68383, 11.92896
-3.51640, -2.84740, 949.24462, 41.36139, 29.68383, 11.92896
-3.51640, -2.84740, 952.30670, 41.36139, 29.68383, 11.92896
-4.21968, -2.84740, 949.24462, 41.36139, 30.14494, 11.92896
-4.21968, -2.84740, 949.24462, 41.89166, 30.14494, 11.69956
-4.21968, -2.13555, 952.30670, 41.36139, 30.14494, 11.69956
-4.92295, -2.13555, 952.30670, 41.89166, 30.60604, 11.69956
-4.21968, -1.42370, 952.30670, 42.42194, 30.60604, 11.69956
-4.21968, -2.13555, 952.30670, 42.42194, 30.60604, 11.47016
-4.92295, -1.42370, 952.30670, 42.42194, 31.06715, 11.47016
-4.92295, -2.13555, 952.30670, 42.42194, 31.06715, 11.47016
-4.92295, -1.42370, 949.24462, 42.95221, 31.06715, 11.69956
-4.92295, -1.42370, 949.24462, 42.95221, 31.06715, 11.69956
-4.21968, -1.42370, 949.24462, 42.42194, 31.06715, 11.47016
-3.51640, -2.13555, 949.24462, 42.95221, 31.06715, 11.69956
-4.21968, -2.13555, 952.30670, 41.89166, 31.06715, 11.47016
-3.51640, -2.13555, 952.30670, 41.89166, 31.06715, 11.69956
-4.21968, -2.13555, 952.30670, 42.42194, 31.06715, 11.69956
-4.21968, -2.13555, 949.24462, 42.42194, 31.06715, 11.69956
-4.92295, -2.84740, 949.24462, 41.89166, 31.52826, 11.69956
-4.21968, -2.84740, 949.24462, 41.89166, 31.52826, 11.92896
-4.92295, -2.13555, 949.24462, 41.36139, 32.45048, 11.92896
-4.92295, -2.13555, 949.24462, 41.89166, 31.98937, 11.69956
-4.92295, -2.84740, 949.24462, 42.42194, 31.98937, 11.69956
-4.92295, -2.84740, 949.24462, 41.89166, 31.98937, 11.69956
-4.21968, -2.84740, 949.24462, 41.36139, 31.52826, 11.69956
-4.92295, -2.13555, 952.30670, 41.36139, 31.52826, 11.69956
-4.92295, -2.13555, 952.30670, 41.89166, 31.52826, 11.92896
-4.92295, -2.84740, 949.24462, 41.36139, 31.52826, 11.69956
-5.62623, -2.84740, 952.30670, 41.89166, 31.52826, 11.69956
-4.92295, -2.84740, 952.30670, 41.36139, 31.52826, 11.69956
-4.21968, -2.84740, 949.24462, 40.83111, 31.06715, 11.92896
-4.21968, -2.84740, 952.30670, 40.83111, 31.06715, 11.92896
-4.92295, -2.13555, 949.24462, 40.83111, 31.06715, 11.92896
-4.92295, -2.84740, 949.24462, 40.83111, 31.06715, 11.92896
-4.21968, -3.55925, 949.24462, 40.83111, 31.06715, 11.69956
-2.81312, -2.84740, 949.24462, 40.83111, 30.60604, 11.69956
-2.81312, -3.55925, 949.24462, 40.83111, 30.60604, 11.69956
-3.51640, -2.84740, 952.30670, 41.36139, 30.60604, 11.69956
-4.21968, -2.84740, 949.24462, 41.36139, 31.06715, 11.69956
-4.92295, -3.55925, 952.30670, 41.36139, 31.52826, 11.47016
-4.92295, -2.84740, 949.24462, 41.36139, 31.06715, 11.47016
-4.21968, -2.84740, 949.24462, 41.89166, 31.06715, 11.47016
-3.51640, -2.13555, 952.30670, 41.89166, 31.06715, 11.69956
-4.21968, -2.13555, 949.24462, 41.89166, 31.06715, 11.47016
-4.92295, -2.13555, 949.24462, 41.89166, 31.52826, 11.47016
-4.92295, -1.42370, 952.30670, 42.42194, 31.52826, 11.69956
-4.92295, -1.42370, 949.24462, 42.42194, 31.52826, 11.47016
-5.62623, -1.42370, 952.30670, 42.95221, 31.06715, 11.69956
-4.92295, -1.42370, 952.30670, 42.95221, 31.06715, 11.69956
-4.21968, -1.42370, 952.30670, 42.95221, 31.06715, 11.69956
-4.21968, -2.13555, 949.24462, 42.42194, 31.06715, 11.47016
-4.92295, -1.42370, 952.30670, 42.42194, 31.06715, 11.69956
-4.21968, -1.42370, 949.24462, 42.95221, 31.06715, 11.47016
-4.92295, -2.13555, 949.24462, 43.48248, 31.52826, 11.47016
-4.21968, -2.13555, 949.24462, 42.42194, 31.52826, 11.47016
-4.21968, -2.13555, 949.24462, 42.95221, 31.52826, 11.47016
-4.21968, -2.13555, 949.24462, 42.42194, 31.52826, 11.69956
-4.92295, -2.13555, 949.24462, 42.42194, 31.98937, 11.69956
-4.92295, -2.13555, 949.24462, 41.89166, 31.98937, 11.92896
-4.92295, -2.13555, 949.24462, 41.89166, 31.98937, 11.69956
-4.21968, -2.13555, 949.24462, 42.42194, 31.52826, 11.92896
-4.92295, -2.13555, 952.30670, 42.42194, 31.98937, 11.92896
-5.62623, -2.13555, 949.24462, 41.89166, 31.98937, 11.92896
-5.62623, -2.84740, 949.24462, 41.89166, 31.98937, 11.92896
-5.62623, -2.13555, 949.24462, 41.36139, 31.98937, 11.92896
-4.92295, -2.84740, 949.24462, 41.36139, 31.52826, 11.92896
-5.62623, -2.13555, 949.24462, 41.36139, 31.06715, 11.69956
-4.92295, -2.13555, 949.24462, 41.36139, 31.06715, 11.92896
-4.92295, -2.13555, 952.30670, 41.36139, 31.06715, 11.69956
-4.92295, -2.84740, 952.30670, 40.83111, 30.60604, 11.69956
-4.21968, -2.84740, 952.30670, 40.30084, 30.60604, 11.69956
-4.21968, -2.84740, 949.24462, 40.30084, 30.60604, 11.69956
-4.92295, -2.84740, 946.18254, 40.30084, 30.60604, 11.69956
-4.92295, -2.84740, 949.24462, 40.30084, 30.60604, 11.69956
-4.21968, -2.84740, 952.30670, 39.77057, 30.60604, 11.47016
-4.21968, -2.84740, 952.30670, 39.77057, 30.14494, 11.69956
-4.21968, -2.84740, 952.30670, 39.77057, 30.14494, 11.69956
-3.51640, -3.55925, 952.30670, 39.24029, 29.68383, 11.69956
-4.21968, -3.55925, 952.30670, 39.24029, 29.68383, 11.69956
-4.21968, -3.55925, 952.30670, 39.77057, 29.68383, 11.69956
-4.21968, -4.27110, 952.30670, 39.24029, 29.68383, 11.69956
-4.21968, -3.55925, 949.24462, 39.77057, 29.68383, 11.47016
-4.21968, -3.55925, 949.24462, 39.77057, 29.22272, 11.69956
-4.21968, -3.55925, 949.24462, 40.30084, 28.76161, 11.47016
-4.92295, -3.55925, 949.24462, 40.30084, 29.22272, 11.69956
-5.62623, -3.55925, 949.24462, 40.30084, 28.76161, 11.69956
-4.92295, -3.55925, 949.24462, 40.30084, 28.76161, 11.92896
-4.21968, -3.55925, 952.30670, 40.30084, 28.30050, 11.69956
-3.51640, -3.55925, 952.30670, 40.83111, 28.30050, 11.92896
-2.81312, -2.84740, 952.30670, 41.36139, 27.83940, 11.69956
-3.51640, -2.84740, 952.30670, 41.36139, 27.83940, 11.69956
-4.21968, -3.55925, 952.30670, 41.36139, 28.30050, 11.69956
-4.21968, -2.84740, 952.30670, 41.89166, 27.83940, 11.47016
-3.51640, -2.84740, 949.24462, 41.89166, 27.37829, 11.69956
-2.81312, -2.13555, 949.24462, 42.42194, 27.37829, 11.69956
-3.51640, -2.13555, 952.30670, 42.42194, 27.37829, 11.69956
-3.51640, -2.84740, 952.30670, 42.42194, 26.91718, 11.69956
-3.51640, -2.13555, 949.24462, 42.95221, 26.45607, 11.69956
-2.81312, -2.13555, 946.18254, 43.48248, 26.45607, 11.69956
-2.10984, -2.13555, 949.24462, 43.48248, 26.45607, 11.69956
-2.10984, -2.13555, 952.30670, 44.01276, 25.99496, 11.69956
-2.81312, -2.13555, 952.30670, 44.54303, 25.99496, 11.47016
-2.81312, -1.42370, 952.30670, 44.54303, 26.45607, 11.69956
-3.51640, -1.42370, 952.30670, 44.54303, 26.45607, 11.47016
-2.81312, -0.71185, 952.30670, 45.07331, 26.45607, 11.69956
-3.51640, -0.71185, 949.24462, 45.07331, 26.45607, 11.47016
-2.81312, -0.71185, 949.24462, 45.60358, 25.99496, 11.47016
-2.81312, -1.42370, 952.30670, 45.07331, 26.45607, 11.47016
-3.51640, -1.42370, 949.24462, 45.07331, 26.45607, 11.47016
-4.21968, -0.71185, 946.18254, 45.07331, 26.91718, 11.47016
-3.51640, -0.71185, 949.24462, 45.07331, 26.91718, 11.47016
-3.51640, -0.71185, 946.18254, 45.07331, 26.91718, 11.69956
-2.81312, -0.71185, 949.24462, 45.07331, 26.91718, 11.92896
-3.51640, -0.71185, 952.30670, 44.54303, 26.91718, 11.92896
-4.21968, -1.42370, 952.30670, 45.07331, 27.37829, 11.69956
-4.21968, -1.42370, 952.30670, 44.54303, 27.37829, 11.92896
-4.21968, -1.42370, 949.24462, 44.54303, 27.83940, 11.92896
-3.51640, -1.42370, 949.24462, 44.01276, 27.37829, 11.92896
-3.51640, -1.42370, 952.30670, 44.01276, 27.83940, 11.69956
-3.51640, -1.42370, 952.30670, 44.01276, 27.37829, 11.69956
-4.92295, -0.71185, 949.24462, 44.01276, 27.83940, 11.69956
-3.51640, -1.42370, 949.24462, 44.01276, 27.83940, 11.69956
-3.51640, -2.13555, 949.24462, 43.48248, 27.37829, 11.69956
-2.10984, -2.13555, 949.24462, 43.48248, 26.91718, 11.47016
-2.10984, -2.84740, 952.30670, 42.95221, 26.91718, 11.69956
-2.81312, -2.84740, 952.30670, 42.95221, 27.37829, 11.92896
-2.81312, -2.84740, 952.30670, 42.42194, 27.37829, 11.92896
-2.81312, -2.84740, 949.24462, 41.89166, 28.30050, 11.92896
-3.51640, -3.55925, 949.24462, 42.42194, 27.83940, 11.92896
-3.51640, -2.84740, 949.24462, 41.89166, 28.30050, 11.92896
-2.81312, -2.84740, 949.24462, 41.89166, 28.30050, 11.92896
-3.51640, -2.84740, 949.24462, 41.89166, 28.76161, 11.92896
-4.21968, -2.84740, 952.30670, 41.89166, 28.76161, 11.92896
-4.21968, -2.84740, 952.30670, 42.42194, 28.76161, 11.69956
-4.21968, -2.84740, 949.24462, 41.89166, 28.76161, 11.69956
-3.51640, -2.13555, 952.30670, 41.89166, 28.76161, 11.69956
-3.51640, -2.13555, 952.30670, 41.89166, 28.76161, 11.69956
-4.21968, -2.84740, 952.30670, 42.42194, 28.76161, 11.69956
-4.21968, -2.13555, 949.24462, 42.42194, 29.68383, 11.47016
-4.21968, -2.13555, 949.24462, 41.89166, 29.68383, 11.69956
-3.51640, -2.84740, 952.30670, 42.42194, 29.68383, 11.47016
-3.51640, -2.84740, 952.30670, 42.42194, 29.68383, 11.69956
-3.51640, -2.13555, 952.30670, 41.89166, 30.14494, 11.47016
-4.21968, -2.13555, 949.24462, 42.42194, 30.14494, 11.47016
-3.51640, -2.13555, 949.24462, 42.42194, 30.14494, 11.69956
-4.21968, -2.84740, 949.24462, 42.42194, 30.14494, 11.47016
-3.51640, -2.13555, 949.24462, 42.42194, 30.60604, 11.47016
-3.51640, -2.13555, 952.30670, 42.42194, 30.60604, 11.47016
-3.51640, -2.84740, 949.24462, 42.42194, 31.06715, 11.47016
-4.21968, -2.84740, 952.30670, 42.42194, 31.06715, 11.47016
-3.51640, -2.84740, 952.30670, 42.42194, 31.52826, 11.69956
-4.21968, -2.84740, 955.36878, 42.42194, 31.52826, 11.69956
-4.21968, -2.13555, 952.30670, 42.95221, 31.98937, 11.69956
-4.92295, -2.84740, 952.30670, 42.42194, 32.45048, 11.69956
-4.92295, -2.13555, 949.24462, 42.42194, 32.91158, 11.69956
-5.62623, -2.13555, 949.24462, 42.95221, 32.91158, 11.69956
-6.32951, -2.13555, 949.24462, 42.95221, 33.83380, 11.69956
-6.32951, -2.13555, 949.24462, 42.95221, 33.83380, 11.92896
-6.32951, -2.13555, 949.24462, 42.95221, 34.29491, 11.92896
-6.32951, -1.42370, 949.24462, 42.42194, 34.29491, 11.92896
-5.62623, -2.13555, 952.30670, 42.42194, 34.29491, 12.15837
-5.62623, -2.13555, 952.30670, 42.42194, 34.29491, 11.92896
-5.62623, -2.84740, 952.30670, 42.42194, 34.29491, 11.92896
-5.62623, -2.84740, 949.24462, 42.42194, 34.29491, 11.92896
-4.92295, -2.13555, 949.24462, 42.95221, 33.83380, 11.69956
-4.92295, -2.13555, 952.30670, 42.95221, 33.83380, 11.47016
-4.92295, -2.13555, 952.30670, 42.42194, 33.83380, 11.69956
-4.92295, -2.13555, 952.30670, 42.42194, 34.29491, 11.69956
-4.92295, -2.13555, 952.30670, 42.95221, 34.29491, 11.69956
-5.62623, -2.13555, 949.24462, 42.95221, 34.75602, 11.69956
-4.92295, -2.13555, 949.24462, 43.48248, 34.75602, 11.69956
-5.62623, -2.13555, 949.24462, 42.95221, 34.29491, 11.47016
-4.92295, -2.13555, 952.30670, 42.95221, 34.75602, 11.47016
-4.92295, -2.13555, 952.30670, 43.48248, 34.75602, 11.47016
-4.92295, -2.13555, 952.30670, 43.48248, 34.75602, 11.47016
-5.62623, -2.13555, 949.24462, 44.01276, 35.21712, 11.47016
-4.92295, -1.42370, 949.24462, 43.48248, 35.21712, 11.47016
-5.62623, -1.42370, 952.30670, 43.48248, 35.21712, 11.69956
-5.62623, -1.42370, 952.30670, 42.95221, 35.21712, 11.69956
-5.62623, -1.42370, 952.30670, 42.95221, 35.21712, 11.47016
-5.62623, -2.13555, 949.24462, 42.95221, 34.75602, 11.47016
-5.62623, -2.13555, 949.24462, 43.48248, 34.75602, 11.47016
-5.62623, -2.84740, 949.24462, 43.48248, 34.75602, 11.69956
-4.92295, -2.13555, 949.24462, 42.95221, 35.21712, 11.69956
-5.62623, -2.13555, 949.24462, 42.42194, 34.75602, 11.47016
-4.92295, -2.13555, 949.24462, 42.42194, 34.29491, 11.47016
-4.92295, -2.84740, 949.24462, 42.42194, 34.29491, 11.47016
-4.92295, -2.84740, 949.24462, 42.42194, 33.83380, 11.69956
-4.92295, -2.84740, 949.24462, 41.89166, 33.83380, 11.92896
-4.21968, -2.84740, 949.24462, 41.89166, 33.83380, 11.69956
-5.62623, -2.84740, 949.24462, 41.89166, 33.37269, 11.69956
-5.62623, -2.84740, 949.24462, 41.89166, 33.37269, 11.69956
-4.92295, -2.13555, 949.24462, 41.89166, 33.37269, 11.47016
-5.62623, -2.13555, 949.24462, 41.89166, 33.37269, 11.47016
-4.92295, -2.13555, 946.18254, 42.42194, 32.91158, 11.47016
-4.92295, -2.13555, 949.24462, 41.36139, 32.91158, 11.47016
-4.21968, -2.84740, 952.30670, 41.89166, 31.98937, 11.47016
-4.21968, -2.84740, 952.30670, 41.89166, 31.98937, 11.47016
-4.21968, -2.84740, 946.18254, 41.89166, 31.52826, 11.47016
-2.81312, -2.13555, 949.24462, 41.36139, 31.52826, 11.69956
-2.81312, -2.84740, 952.30670, 40.83111, 31.06715, 11.47016
-2.81312, -3.55925, 952.30670, 41.36139, 30.60604, 11.47016
-2.81312, -3.55925, 955.36878, 40.83111, 30.14494, 11.47016
-2.81312, -2.84740, 952.30670, 41.36139, 30.14494, 11.69956
-2.81312, -2.84740, 952.30670, 41.36139, 30.14494, 11.69956
-2.81312, -3.55925, 949.24462, 41.36139, 30.14494, 11.69956
-2.81312, -3.55925, 952.30670, 40.83111, 29.68383, 11.69956
-2.10984, -2.84740, 952.30670, 41.36139, 29.68383, 11.69956
-2.81312, -2.84740, 952.30670, 41.36139, 29.68383, 11.47016
-3.51640, -2.84740, 952.30670, 41.36139, 30.14494, 11.69956
-3.51640, -2.84740, 949.24462, 41.89166, 30.14494, 11.69956
-3.51640, -2.84740, 949.24462, 41.89166, 30.60604, 11.69956
-2.81312, -2.84740, 949.24462, 41.36139, 30.14494, 11.47016
-2.10984, -2.84740, 952.30670, 41.36139, 29.68383, 11.69956
-2.10984, -2.84740, 955.36878, 41.89166, 29.68383, 11.69956
-2.81312, -2.84740, 952.30670, 41.89166, 30.60604, 11.92896
-3.51640, -2.84740, 952.30670, 41.89166, 31.06715, 11.92896
-3.51640, -2.84740, 952.30670, 42.42194, 31.52826, 11.92896
-3.51640, -2.13555, 949.24462, 42.42194, 31.52826, 11.69956
-2.81312, -2.13555, 952.30670, 42.42194, 31.52826, 11.69956
-4.21968, -2.13555, 949.24462, 42.95221, 31.52826, 11.69956
-4.21968, -2.13555, 952.30670, 42.95221, 32.45048, 11.69956
-4.92295, -2.13555, 949.24462, 43.48248, 32.91158, 11.69956
-5.62623, -2.84740, 949.24462, 43.48248, 32.91158, 11.69956
-4.92295, -1.42370, 946.18254, 43.48248, 32.91158, 11.47016
-4.21968, -1.42370, 949.24462, 44.01276, 32.91158, 11.47016
-4.92295, -1.42370, 949.24462, 44.01276, 32.91158, 11.47016
-5.62623, -1.42370, 952.30670, 44.54303, 32.91158, 11.24075
-5.62623, -1.42370, 952.30670, 44.54303, 33.83380, 11.24075
-5.62623, -1.42370, 949.24462, 45.07331, 33.37269, 11.24075
-4.92295, -1.42370, 949.24462, 45.07331, 33.37269, 11.24075
-4.92295, -1.42370, 952.30670, 45.07331, 33.37269, 11.47016
-4.92295,  0.00000, 952.30670, 44.54303, 32.91158, 11.47016
-4.92295, -1.42370, 952.30670, 44.54303, 33.37269, 11.47016
-4.92295, -1.42370, 949.24462, 44.54303, 32.91158, 11.47016
-4.92295, -2.13555, 949.24462, 45.07331, 32.91158, 11.69956
-4.92295, -1.42370, 949.24462, 44.54303, 32.91158, 11.69956
-4.21968, -1.42370, 949.24462, 44.01276, 32.45048, 11.69956
-4.21968, -1.42370, 949.24462, 44.01276, 32.45048, 11.47016
-3.51640, -2.13555, 949.24462, 44.01276, 32.45048, 11.47016
-3.51640, -2.84740, 952.30670, 44.01276, 31.98937, 11.47016
-3.51640, -2.13555, 952.30670, 44.01276, 31.98937, 11.47016
-3.51640, -2.13555, 955.36878, 44.01276, 31.52826, 11.69956
-3.51640, -2.13555, 952.30670, 43.48248, 31.52826, 11.69956
-4.21968, -2.13555, 949.24462, 42.95221, 32.45048, 11.69956
-4.21968, -2.13555, 952.30670, 43.48248, 32.45048, 11.69956
-4.21968, -2.84740, 952.30670, 43.48248, 31.98937, 11.47016
-4.21968, -2.13555, 952.30670, 43.48248, 31.98937, 11.69956
-4.21968, -0.71185, 949.24462, 43.48248, 31.98937, 11.69956
-4.92295, -1.42370, 949.24462, 43.48248, 31.52826, 11.47016
-4.92295, -1.42370, 952.30670, 43.48248, 31.52826, 11.47016
-4.21968, -1.42370, 949.24462, 43.48248, 31.52826, 11.47016
-4.21968, -2.13555, 952.30670, 43.48248, 31.06715, 11.47016
-3.51640, -1.42370, 952.30670, 43.48248, 31.52826, 11.47016
-4.21968, -2.13555, 949.24462, 42.95221, 31.06715, 11.47016
-4.92295, -2.13555, 952.30670, 42.42194, 31.06715, 11.69956
-4.21968, -2.13555, 949.24462, 43.48248, 31.06715, 11.47016
-4.21968, -2.13555, 949.24462, 42.95221, 30.60604, 11.47016
-3.51640, -2.13555, 949.24462, 43.48248, 30.14494, 11.24075
-2.81312, -2.84740, 949.24462, 42.95221, 30.14494, 11.47016
-2.81312, -2.84740, 946.18254, 42.42194, 29.68383, 11.69956
-2.81312, -2.13555, 949.24462, 42.42194, 29.68383, 11.47016
-2.81312, -2.13555, 949.24462, 42.42194, 29.68383, 11.47016
-2.81312, -2.13555, 949.24462, 42.42194, 29.68383, 11.47016
-2.81312, -2.84740, 949.24462, 42.42194, 29.68383, 11.47016
-2.81312, -2.84740, 949.24462, 42.42194, 29.22272, 11.47016
-2.81312, -2.84740, 952.30670, 42.95221, 29.22272, 11.69956
-2.81312, -1.42370, 949.24462, 42.95221, 29.68383, 11.69956
-2.81312, -2.84740, 949.24462, 42.95221, 29.22272, 11.47016
-2.81312, -2.13555, 949.24462, 43.48248, 29.22272, 11.47016
-2.81312, -2.13555, 949.24462, 42.95221, 29.22272, 11.47016
-2.10984, -2.13555, 949.24462, 42.42194, 29.22272, 11.69956
-2.81312, -1.42370, 949.24462, 42.42194, 29.22272, 11.69956
-2.81312, -2.13555, 952.30670, 42.95221, 29.22272, 11.69956
-2.81312, -2.13555, 949.24462, 42.95221, 29.22272, 11.69956
-2.81312, -2.13555, 952.30670, 42.42194, 29.22272, 11.69956
-2.81312, -2.13555, 949.24462, 42.42194, 29.68383, 11.69956
-3.51640, -1.42370, 952.30670, 42.42194, 30.14494, 11.69956
-3.51640, -1.42370, 949.24462, 42.95221, 30.14494, 11.69956
-3.51640, -1.42370, 949.24462, 42.42194, 30.14494, 11.47016
-4.21968, -2.13555, 952.30670, 42.95221, 30.14494, 11.69956
-3.51640, -2.13555, 955.36878, 42.42194, 30.14494, 11.47016
-3.51640, -2.84740, 952.30670, 41.89166, 30.60604, 11.69956
-3.51640, -2.84740, 949.24462, 41.36139, 30.60604, 11.69956
-2.81312, -2.13555, 949.24462, 40.83111, 30.60604, 11.92896
-3.51640, -2.84740, 949.24462, 40.83111, 30.60604, 11.92896
-3.51640, -2.84740, 949.24462, 40.83111, 31.06715, 12.15837
-4.21968, -3.55925, 949.24462, 40.83111, 31.06715, 12.15837
-3.51640, -3.55925, 952.30670, 40.30084, 31.06715, 11.92896
-3.51640, -3.55925, 952.30670, 40.83111, 31.06715, 11.92896
-4.21968, -2.84740, 952.30670, 41.36139, 31.52826, 11.69956
-3.51640, -2.84740, 949.24462, 41.36139, 31.98937, 11.69956
-4.21968, -2.84740, 952.30670, 41.36139, 31.98937, 11.69956
-4.21968, -2.84740, 952.30670, 41.36139, 32.45048, 11.47016
-4.21968, -2.84740, 952.30670, 41.36139, 32.91158, 11.24075
-4.21968, -2.84740, 949.24462, 41.89166, 32.91158, 11.47016
-4.92295, -2.84740, 949.24462, 42.42194, 33.37269, 11.69956
-4.92295, -2.13555, 949.24462, 42.42194, 33.83380, 11.47016
-5.62623, -2.13555, 949.24462, 42.42194, 33.83380, 11.47016
-5.62623, -2.84740, 952.30670, 42.42194, 34.29491, 11.47016
-4.92295, -2.84740, 949.24462, 42.42194, 34.29491, 11.47016
-4.92295, -2.13555, 946.18254, 42.95221, 34.29491, 11.69956
-4.92295, -1.42370, 949.24462, 42.95221, 34.29491, 11.47016
-5.62623, -2.13555, 952.30670, 42.95221, 34.75602, 11.69956
-4.92295, -2.13555, 949.24462, 42.42194, 34.29491, 11.69956
-4.92295, -2.13555, 952.30670, 42.95221, 34.29491, 11.47016
-4.92295, -2.13555, 952.30670, 43.48248, 33.83380, 11.24075
-4.92295, -2.13555, 949.24462, 42.95221, 34.29491, 11.47016
-4.92295, -1.42370, 949.24462, 42.95221, 33.83380, 11.47016
-4.92295, -1.42370, 949.24462, 42.95221, 33.37269, 11.47016
-4.21968, -1.42370, 949.24462, 42.95221, 33.37269, 11.47016
-4.21968, -1.42370, 952.30670, 42.95221, 33.37269, 11.24075
-4.21968, -2.13555, 952.30670, 42.95221, 32.91158, 11.47016
-4.21968, -1.42370, 952.30670, 42.42194, 32.91158, 11.69956
-3.51640, -2.13555, 952.30670, 42.42194, 32.45048, 11.69956
-3.51640, -2.13555, 949.24462, 41.89166, 31.98937, 11.92896
-2.81312, -2.13555, 949.24462, 41.36139, 31.98937, 11.92896
-2.81312, -2.84740, 952.30670, 40.83111, 31.52826, 11.69956
-2.10984, -3.55925, 952.30670, 41.36139, 31.52826, 11.69956
-2.81312, -2.84740, 949.24462, 41.36139, 31.52826, 11.92896
-2.81312, -2.84740, 949.24462, 40.83111, 31.52826, 12.15837
-2.10984, -2.13555, 949.24462, 41.36139, 31.52826, 11.92896
-2.10984, -2.84740, 952.30670, 41.36139, 31.52826, 11.92896
-2.81312, -2.84740, 952.30670, 41.36139, 31.52826, 11.69956
-2.81312, -2.84740, 952.30670, 41.89166, 31.98937, 11.69956
-3.51640, -2.84740, 952.30670, 41.89166, 31.98937, 11.69956
-3.51640, -2.13555, 952.30670, 42.42194, 32.45048, 11.69956
-3.51640, -2.13555, 952.30670, 42.42194, 32.91158, 11.69956
-3.51640, -2.13555, 949.24462, 42.42194, 32.91158, 11.47016
-3.51640, -2.84740, 952.30670, 42.42194, 33.37269, 11.92896
-4.21968, -2.13555, 952.30670, 42.42194, 33.83380, 11.69956
-4.21968, -2.13555, 949.24462, 42.42194, 33.83380, 11.92896
-4.92295, -2.13555, 949.24462, 42.95221, 34.75602, 11.47016
-4.92295, -2.13555, 952.30670, 42.95221, 34.75602, 11.47016
-4.92295, -1.42370, 949.24462, 42.95221, 34.75602, 11.47016
-4.21968, -2.13555, 949.24462, 42.95221, 34.75602, 11.47016
-5.62623, -2.13555, 949.24462, 42.42194, 34.75602, 11.47016
-5.62623, -1.42370, 949.24462, 42.95221, 35.21712, 11.47016
-4.92295, -1.42370, 949.24462, 42.95221, 35.21712, 11.69956
-4.21968, -2.13555, 949.24462, 42.95221, 35.21712, 11.69956
-4.92295, -1.42370, 952.30670, 42.95221, 35.21712, 11.47016
-4.21968, -2.13555, 952.30670, 42.95221, 34.75602, 11.24075
-4.21968, -2.13555, 952.30670, 42.95221, 35.21712, 11.24075
-4.21968, -2.13555, 949.24462, 43.48248, 35.21712, 11.24075
-4.92295, -1.42370, 949.24462, 42.95221, 35.21712, 11.24075
-4.92295, -2.13555, 949.24462, 42.42194, 34.75602, 11.47016
-4.21968, -2.13555, 949.24462, 42.42194, 34.75602, 11.47016
-4.21968, -2.13555, 952.30670, 42.42194, 34.29491, 11.47016
-4.21968, -2.13555, 952.30670, 42.42194, 34.75602, 11.47016
-4.21968, -2.13555, 952.30670, 42.42194, 34.29491, 11.69956
-4.21968, -2.84740, 952.30670, 41.89166, 34.29491, 11.69956
-3.51640, -2.84740, 952.30670, 41.89166, 34.29491, 11.69956
-3.51640, -2.84740, 952.30670, 41.89166, 34.29491, 11.92896
-3.51640, -2.84740, 952.30670, 41.89166, 34.29491, 11.69956
-3.51640, -2.84740, 952.30670, 41.89166, 34.29491, 11.92896
-3.51640, -2.84740, 952.30670, 41.36139, 34.29491, 11.92896
-3.51640, -2.84740, 949.24462, 41.89166, 34.75602, 11.69956
-4.21968, -2.84740, 949.24462, 41.36139, 34.75602, 11.69956
-3.51640, -2.84740, 952.30670, 41.36139, 34.29491, 11.69956
-3.51640, -2.84740, 952.30670, 41.36139, 34.29491, 11.69956
-3.51640, -2.84740, 952.30670, 41.89166, 34.29491, 11.69956
-4.21968, -2.84740, 949.24462, 41.89166, 34.29491, 11.69956
-4.92295, -2.84740, 949.24462, 41.89166, 34.75602, 11.69956
-4.92295, -2.84740, 952.30670, 41.89166, 35.21712, 11.92896
-4.21968, -2.13555, 949.24462, 41.89166, 34.75602, 11.69956
-3.51640, -2.84740, 952.30670, 41.89166, 34.29491, 11.92896
-3.51640, -2.84740, 952.30670, 42.42194, 34.75602, 11.69956
-4.21968, -2.13555, 949.24462, 42.42194, 34.75602, 11.69956
-4.92295, -2.13555, 952.30670, 42.42194, 35.21712, 11.69956
-4.92295, -2.13555, 949.24462, 42.42194, 35.21712, 11.47016
-4.92295, -2.13555, 949.24462, 42.42194, 35.21712, 11.47016
-4.21968, -2.13555, 949.24462, 42.95221, 34.75602, 11.47016
-4.92295, -2.13555, 946.18254, 43.48248, 34.75602, 11.47016
-4.21968, -2.13555, 946.18254, 43.48248, 34.75602, 11.24075
-5.62623, -1.42370, 949.24462, 43.48248, 35.21712, 11.47016
-4.92295, -1.42370, 949.24462, 44.01276, 34.75602, 11.24075
-4.92295, -1.42370, 952.30670, 44.01276, 34.75602, 11.47016
-4.21968, -1.42370, 949.24462, 44.01276, 34.29491, 11.24075
-3.51640, -1.42370, 952.30670, 44.54303, 34.29491, 11.24075
-3.51640, -1.42370, 952.30670, 44.54303, 34.29491, 11.24075
-4.21968, -0.71185, 952.30670, 44.01276, 34.29491, 11.24075
-4.21968, -0.71185, 949.24462, 44.01276, 34.75602, 11.47016
-3.51640, -0.71185, 952.30670, 44.01276, 33.83380, 11.47016
-3.51640, -0.71185, 952.30670, 44.01276, 33.83380, 11.47016
-3.51640, -1.42370, 952.30670, 44.01276, 33.83380, 11.47016
-4.21968, -1.42370, 952.30670, 44.01276, 33.37269, 11.47016
-4.21968, -1.42370, 952.30670, 44.01276, 33.83380, 11.47016
-4.21968, -2.13555, 949.24462, 44.01276, 33.37269, 11.47016
-3.51640, -1.42370, 949.24462, 44.01276, 33.83380, 11.47016
-2.81312, -1.42370, 949.24462, 43.48248, 33.37269, 11.47016
-3.51640, -2.13555, 952.30670, 44.01276, 33.37269, 11.47016
-4.21968, -2.13555, 952.30670, 44.01276, 33.37269, 11.47016
-4.21968, -2.13555, 952.30670, 43.48248, 33.83380, 11.47016
-3.51640, -2.84740, 952.30670, 42.95221, 33.37269, 11.69956
-3.51640, -2.84740, 949.24462, 42.95221, 32.91158, 11.69956
-3.51640, -1.42370, 949.24462, 42.95221, 32.91158, 11.69956
-4.21968, -2.13555, 952.30670, 42.42194, 32.91158, 11.92896
-4.21968, -2.13555, 952.30670, 42.42194, 33.37269, 11.69956
-4.92295, -2.13555, 949.24462, 42.42194, 33.37269, 11.92896
-4.21968, -2.13555, 949.24462, 41.89166, 32.91158, 11.69956
-3.51640, -2.13555, 952.30670, 41.89166, 32.91158, 11.69956
-3.51640, -2.13555, 952.30670, 41.89166, 32.45048, 11.69956
-3.51640, -2.13555, 952.30670, 41.89166, 32.91158, 11.69956
-4.21968, -1.42370, 952.30670, 41.89166, 32.91158, 11.47016
-4.21968, -2.13555, 952.30670, 41.89166, 32.91158, 11.47016
-4.21968, -2.13555, 949.24462, 41.89166, 32.91158, 11.47016
-4.21968, -2.13555, 949.24462, 41.89166, 32.91158, 11.47016
-3.51640, -2.13555, 949.24462, 41.89166, 32.91158, 11.47016
-4.21968, -2.84740, 949.24462, 40.83111, 32.91158, 11.24075
-3.51640, -2.84740, 949.24462, 40.83111, 32.45048, 11.47016
-3.51640, -2.84740, 949.24462, 40.83111, 32.45048, 11.69956
-3.51640, -2.84740, 949.24462, 40.83111, 31.98937, 11.69956
-3.51640, -2.84740, 952.30670, 40.83111, 31.98937, 11.69956
-3.51640, -2.84740, 952.30670, 40.83111, 31.98937, 11.69956
-3.51640, -2.84740, 952.30670, 40.83111, 31.98937, 11.69956
-3.51640, -2.84740, 952.30670, 40.30084, 31.98937, 11.47016
-4.21968, -2.84740, 949.24462, 40.83111, 31.98937, 11.47016
-4.21968, -2.84740, 952.30670, 40.30084, 31.98937, 11.47016
-4.21968, -2.84740, 949.24462, 40.83111, 31.98937, 11.69956
-4.21968, -2.84740, 952.30670, 40.83111, 31.52826, 11.92896
-4.21968, -2.84740, 952.30670, 40.30084, 31.98937, 11.92896
-4.21968, -2.84740, 952.30670, 40.30084, 31.52826, 11.92896
-4.21968, -2.84740, 949.24462, 40.30084, 31.52826, 11.92896
-4.21968, -2.84740, 952.30670, 40.30084, 31.06715, 11.92896
-4.21968, -2.84740, 949.24462, 40.30084, 31.52826, 11.92896
-4.21968, -2.84740, 952.30670, 40.30084, 31.06715, 11.92896
-3.51640, -2.84740, 952.30670, 39.77057, 30.60604, 11.92896
-2.81312, -2.84740, 949.24462, 40.30084, 30.60604, 11.92896
-3.51640, -3.55925, 952.30670, 39.77057, 30.14494, 11.92896
-2.81312, -3.55925, 949.24462, 40.30084, 29.68383, 11.69956
-3.51640, -3.55925, 952.30670, 40.30084, 29.68383, 11.69956
-3.51640, -2.84740, 949.24462, 39.77057, 29.68383, 11.69956
-2.81312, -2.84740, 949.24462, 40.30084, 29.68383, 11.69956
-2.81312, -2.84740, 952.30670, 40.30084, 29.68383, 11.69956
-2.81312, -2.84740, 952.30670, 40.30084, 29.22272, 11.69956
-2.81312, -2.84740, 952.30670, 41.36139, 29.22272, 11.69956
-2.81312, -2.13555, 952.30670, 41.36139, 29.22272, 11.47016
-3.51640, -1.42370, 952.30670, 41.36139, 29.22272, 11.69956
-2.81312, -1.42370, 949.24462, 40.83111, 29.22272, 11.69956
-2.81312, -2.13555, 949.24462, 41.36139, 28.76161, 11.47016
-2.81312, -1.42370, 952.30670, 41.36139, 28.76161, 11.47016
-2.81312, -1.42370, 955.36878, 41.89166, 28.76161, 11.69956
-2.81312, -1.42370, 952.30670, 42.42194, 28.76161, 11.69956
-2.81312, -1.42370, 949.24462, 42.42194, 28.76161, 11.69956
-2.81312, -2.13555, 952.30670, 42.42194, 28.76161, 11.69956
-2.10984, -1.42370, 949.24462, 42.42194, 28.76161, 11.47016
-2.10984, -2.13555, 952.30670, 42.95221, 28.76161, 11.47016
-2.81312, -1.42370, 952.30670, 42.42194, 28.76161, 11.69956
-3.51640, -1.42370, 949.24462, 42.42194, 29.22272, 11.69956
-2.81312, -1.42370, 949.24462, 42.42194, 29.22272, 11.69956
-3.51640, -1.42370, 952.30670, 41.89166, 29.22272, 11.69956
-3.51640, -1.42370, 952.30670, 42.42194, 29.22272, 11.69956
-2.81312, -2.13555, 952.30670, 42.42194, 29.68383, 11.69956
-3.51640, -1.42370, 952.30670, 42.42194, 29.68383, 11.92896
-3.51640, -1.42370, 949.24462, 42.42194, 30.14494, 11.92896
-4.21968, -1.42370, 952.30670, 42.42194, 29.68383, 11.92896
-3.51640, -2.13555, 952.30670, 42.42194, 29.68383, 11.69956
-3.51640, -2.13555, 949.24462, 42.42194, 29.68383, 11.69956
-4.21968, -2.13555, 952.30670, 42.42194, 29.68383, 11.69956
-4.21968, -2.13555, 949.24462, 42.42194, 29.68383, 11.69956
-3.51640, -2.13555, 952.30670, 41.89166, 29.68383, 11.69956
-2.81312, -2.13555, 949.24462, 40.83111, 29.68383, 11.92896
-2.81312, -2.84740, 952.30670, 40.30084, 29.22272, 11.92896
-2.10984, -2.84740, 952.30670, 40.83111, 29.22272, 11.69956
-2.81312, -3.55925, 949.24462, 40.83111, 29.22272, 11.92896
-3.51640, -2.84740, 949.24462, 40.30084, 29.68383, 11.92896
-2.81312, -2.84740, 949.24462, 40.30084, 29.68383, 11.92896
-3.51640, -2.84740, 949.24462, 40.30084, 29.68383, 11.69956
-2.81312, -2.84740, 952.30670, 40.30084, 29.68383, 11.69956
-2.81312, -2.84740, 952.30670, 40.83111, 29.22272, 11.69956
-2.81312, -2.84740, 952.30670, 41.36139, 29.68383, 11.69956
-3.51640, -2.84740, 949.24462, 41.36139, 30.14494, 11.69956
-2.81312, -2.84740, 952.30670, 40.83111, 30.14494, 11.69956
-3.51640, -2.84740, 952.30670, 40.83111, 30.14494, 11.69956
-3.51640, -2.13555, 949.24462, 40.83111, 30.14494, 11.69956
-2.81312, -2.13555, 952.30670, 41.36139, 29.68383, 11.69956
-3.51640, -2.13555, 952.30670, 40.83111, 29.68383, 11.69956
-3.51640, -2.84740, 955.36878, 40.30084, 29.68383, 11.69956
-3.51640, -2.84740, 952.30670, 40.83111, 30.14494, 11.69956
-3.51640, -2.84740, 949.24462, 40.83111, 30.14494, 11.92896
-3.51640, -2.84740, 949.24462, 40.83111, 30.14494, 11.92896
-2.81312, -2.84740, 949.24462, 40.30084, 30.60604, 11.69956
-2.81312, -2.84740, 949.24462, 40.83111, 30.14494, 11.69956
-3.51640, -3.55925, 952.30670, 41.36139, 30.14494, 11.92896
-2.81312, -2.84740, 952.30670, 41.36139, 30.60604, 11.92896
-2.81312, -2.84740, 949.24462, 40.83111, 30.60604, 11.92896
-2.81312, -2.13555, 949.24462, 41.36139, 30.60604, 11.92896
-2.81312, -2.13555, 952.30670, 41.36139, 30.60604, 11.92896
-2.10984, -2.84740, 952.30670, 41.89166, 30.60604, 11.47016
-2.81312, -2.84740, 952.30670, 42.42194, 30.60604, 11.47016
-3.51640, -2.84740, 952.30670, 42.95221, 31.06715, 11.47016
-4.21968, -1.42370, 949.24462, 42.95221, 31.52826, 11.47016
-3.51640, -0.71185, 949.24462, 42.95221, 31.52826, 11.24075
-4.21968, -1.42370, 952.30670, 43.48248, 31.98937, 11.24075
-4.21968, -1.42370, 952.30670, 44.01276, 31.98937, 11.24075
-4.21968, -0.71185, 952.30670, 44.54303, 31.98937, 11.24075
-4.21968, -0.71185, 949.24462, 44.54303, 32.45048, 11.47016
-4.21968, -0.71185, 952.30670, 44.54303, 32.45048, 11.47016
-3.51640, -1.42370, 952.30670, 44.01276, 32.45048, 11.24075
-3.51640, -1.42370, 949.24462, 44.01276, 32.45048, 11.24075
-2.81312, -1.42370, 949.24462, 44.01276, 32.45048, 11.24075
-2.81312, -2.13555, 949.24462, 44.01276, 32.45048, 11.47016
-2.81312, -2.13555, 949.24462, 44.01276, 33.37269, 11.69956
-3.51640, -1.42370, 949.24462, 44.01276, 33.37269, 12.15837
-3.51640, -1.42370, 952.30670, 43.48248, 33.83380, 11.92896
-4.21968, -0.71185, 952.30670, 44.01276, 34.29491, 11.69956
-4.21968, -0.71185, 949.24462, 44.01276, 34.29491, 11.69956
-4.92295, -0.71185, 952.30670, 44.54303, 34.75602, 11.69956
-5.62623,  0.00000, 952.30670, 45.07331, 34.75602, 11.69956
-5.62623,  0.00000, 952.30670, 45.07331, 34.75602, 11.47016
-4.92295, -0.71185, 952.30670, 44.01276, 35.21712, 11.47016
-4.92295, -0.71185, 955.36878, 43.48248, 34.75602, 11.24075
-4.21968, -0.71185, 955.36878, 44.01276, 34.75602, 11.47016
-4.21968, -0.71185, 952.30670, 43.48248, 35.21712, 11.47016
-5.62623, -1.42370, 952.30670, 42.95221, 35.67823, 11.47016
-5.62623, -0.71185, 952.30670, 42.95221, 35.67823, 11.69956
-4.92295, -1.42370, 949.24462, 42.42194, 35.67823, 11.47016
-4.21968, -2.13555, 949.24462, 42.42194, 35.67823, 11.69956
-3.51640, -2.84740, 949.24462, 41.89166, 35.21712, 11.69956
-3.51640, -2.84740, 949.24462, 41.89166, 35.21712, 11.69956
-4.21968, -2.84740, 949.24462, 41.36139, 35.21712, 11.69956
-4.21968, -3.55925, 952.30670, 40.83111, 36.13934, 11.92896
-4.21968, -2.84740, 952.30670, 41.36139, 36.13934, 11.92896
-4.21968, -2.84740, 952.30670, 40.83111, 35.67823, 11.69956
-4.92295, -2.84740, 949.24462, 41.36139, 36.13934, 11.92896
-4.92295, -2.84740, 949.24462, 40.83111, 36.13934, 11.69956
-5.62623, -2.84740, 949.24462, 40.83111, 36.60045, 11.69956
-5.62623, -2.13555, 949.24462, 40.83111, 37.06156, 11.69956
-5.62623, -2.13555, 952.30670, 40.83111, 36.60045, 11.47016
-4.92295, -2.84740, 952.30670, 40.30084, 36.60045, 11.47016
-4.92295, -2.84740, 949.24462, 40.30084, 36.60045, 11.69956
-4.92295, -2.84740, 949.24462, 39.77057, 36.60045, 11.47016
-4.92295, -3.55925, 949.24462, 40.30084, 36.60045, 11.92896
-5.62623, -2.84740, 949.24462, 39.77057, 36.60045, 11.69956
-4.21968, -2.84740, 949.24462, 40.30084, 36.13934, 11.69956
-4.21968, -3.55925, 952.30670, 40.30084, 36.13934, 11.69956
-4.21968, -2.84740, 949.24462, 40.30084, 36.13934, 11.92896
-4.21968, -2.84740, 949.24462, 40.30084, 36.13934, 11.92896
-4.21968, -2.13555, 949.24462, 40.30084, 36.60045, 11.69956
-4.92295, -2.84740, 952.30670, 40.30084, 36.60045, 11.69956
-4.92295, -2.84740, 952.30670, 40.30084, 36.13934, 11.47016
-4.92295, -2.84740, 949.24462, 40.30084, 36.13934, 11.47016
-4.21968, -2.84740, 952.30670, 40.83111, 36.60045, 11.69956
-4.92295, -2.13555, 952.30670, 40.83111, 36.13934, 11.47016
-5.62623, -2.84740, 952.30670, 40.83111, 36.13934, 11.47016
-4.92295, -2.13555, 952.30670, 40.83111, 35.67823, 11.47016
-5.62623, -2.84740, 949.24462, 41.36139, 36.13934, 11.47016
-4.92295, -2.13555, 952.30670, 41.89166, 36.13934, 11.69956
-4.92295, -2.13555, 949.24462, 41.36139, 36.13934, 11.69956
-4.92295, -2.13555, 952.30670, 41.36139, 35.67823, 11.69956
-4.92295, -2.13555, 949.24462, 41.36139, 35.67823, 11.69956
-4.92295, -2.13555, 949.24462, 41.89166, 35.67823, 11.47016
-4.21968, -2.84740, 949.24462, 41.36139, 35.21712, 11.47016
-4.92295, -2.13555, 949.24462, 41.36139, 34.75602, 11.47016
-4.21968, -2.13555, 949.24462, 41.36139, 34.75602, 11.69956
-4.21968, -2.13555, 949.24462, 41.89166, 34.75602, 11.47016
-4.92295, -1.42370, 949.24462, 41.89166, 34.29491, 11.24075
-4.21968, -1.42370, 952.30670, 41.89166, 34.29491, 11.24075
-4.21968, -1.42370, 952.30670, 42.95221, 33.83380, 11.24075
-3.51640, -2.13555, 952.30670, 42.42194, 32.91158, 11.24075
-3.51640, -1.42370, 952.30670, 42.42194, 32.91158, 11.24075
-3.51640, -1.42370, 952.30670, 41.89166, 32.45048, 11.24075
-2.10984, -1.42370, 952.30670, 41.36139, 31.98937, 11.24075
-1.40656, -1.42370, 949.24462, 41.36139, 31.52826, 11.24075
-2.10984, -1.42370, 952.30670, 41.36139, 31.06715, 11.24075
-2.10984, -1.42370, 952.30670, 41.89166, 31.06715, 11.69956
-2.81312, -2.13555, 952.30670, 41.89166, 31.52826, 11.92896
-2.81312, -1.42370, 952.30670, 41.36139, 31.52826, 11.69956
-2.81312, -2.13555, 952.30670, 41.36139, 31.52826, 11.69956
-2.81312, -2.13555, 955.36878, 40.83111, 31.06715, 11.69956
-2.10984, -2.13555, 952.30670, 41.36139, 31.06715, 11.69956
-2.10984, -2.13555, 949.24462, 40.83111, 31.06715, 11.92896
-1.40656, -2.13555, 952.30670, 40.83111, 31.06715, 11.92896
-2.10984, -2.84740, 955.36878, 40.83111, 30.60604, 12.15837
-2.81312, -2.84740, 952.30670, 40.83111, 31.06715, 11.92896
-2.81312, -2.84740, 952.30670, 40.83111, 31.06715, 11.92896
-2.81312, -2.13555, 949.24462, 41.36139, 31.06715, 11.92896
-3.51640, -2.84740, 949.24462, 41.36139, 31.52826, 11.92896
-3.51640, -2.84740, 949.24462, 41.36139, 31.52826, 11.92896
-3.51640, -3.55925, 952.30670, 41.36139, 31.52826, 11.92896
-2.10984, -3.55925, 955.36878, 41.36139, 31.06715, 11.69956
-1.40656, -3.55925, 952.30670, 41.36139, 31.06715, 11.47016
-2.10984, -2.84740, 949.24462, 41.89166, 31.06715, 11.69956
-2.10984, -2.84740, 952.30670, 41.89166, 31.06715, 11.92896
-2.10984, -2.13555, 952.30670, 41.36139, 31.06715, 11.69956
-2.81312, -2.13555, 949.24462, 41.36139, 31.52826, 11.69956
-2.81312, -2.13555, 949.24462, 41.36139, 31.52826, 11.47016
-2.81312, -2.13555, 949.24462, 41.89166, 31.06715, 11.47016
-2.81312, -2.84740, 949.24462, 42.42194, 31.52826, 11.24075
-3.51640, -1.42370, 949.24462, 42.42194, 31.98937, 11.47016
-3.51640, -1.42370, 949.24462, 41.89166, 31.98937, 11.24075
-2.81312, -0.71185, 952.30670, 41.89166, 32.45048, 11.24075
-2.81312, -1.42370, 949.24462, 41.89166, 32.45048, 11.01135
-2.81312, -1.42370, 949.24462, 42.42194, 31.98937, 11.24075
-2.81312, -1.42370, 952.30670, 41.89166, 32.45048, 11.24075
-3.51640, -0.71185, 952.30670, 41.89166, 32.91158, 11.69956
-3.51640, -1.42370, 952.30670, 42.42194, 33.37269, 11.47016
-4.21968, -1.42370, 949.24462, 41.89166, 33.37269, 11.47016
-3.51640, -1.42370, 952.30670, 42.42194, 33.83380, 11.47016
-2.81312, -1.42370, 955.36878, 41.89166, 33.37269, 11.24075
-3.51640, -1.42370, 952.30670, 42.95221, 33.37269, 11.47016
-3.51640, -1.42370, 949.24462, 42.42194, 33.83380, 11.69956
-4.21968, -2.13555, 952.30670, 42.42194, 34.29491, 11.92896
-4.21968, -2.13555, 952.30670, 41.89166, 34.29491, 11.92896
-3.51640, -2.13555, 952.30670, 41.89166, 34.29491, 11.92896
-2.81312, -2.13555, 952.30670, 41.89166, 34.29491, 11.92896
-3.51640, -2.84740, 952.30670, 41.89166, 34.29491, 11.92896
-4.21968, -2.84740, 949.24462, 41.89166, 34.75602, 11.92896
-3.51640, -2.84740, 949.24462, 42.42194, 34.75602, 11.92896
-3.51640, -2.84740, 952.30670, 41.89166, 34.29491, 11.69956
-3.51640, -2.84740, 952.30670, 41.36139, 34.75602, 11.69956
-3.51640, -2.84740, 952.30670, 41.36139, 34.75602, 11.69956
-3.51640, -2.13555, 949.24462, 41.36139, 34.75602, 11.69956
-3.51640, -2.13555, 952.30670, 40.83111, 34.75602, 11.92896
-2.81312, -2.13555, 952.30670, 40.83111, 34.75602, 11.69956
-4.21968, -2.84740, 952.30670, 40.83111, 34.75602, 11.69956
-4.92295, -2.84740, 952.30670, 40.83111, 35.21712, 11.69956
-4.21968, -2.13555, 952.30670, 40.83111, 35.21712, 11.47016
-3.51640, -2.84740, 949.24462, 41.36139, 35.21712, 11.47016
-3.51640, -2.13555, 946.18254, 41.36139, 35.21712, 11.47016
-3.51640, -2.13555, 949.24462, 41.36139, 35.21712, 11.47016
-3.51640, -2.13555, 952.30670, 41.89166, 35.21712, 11.47016
-3.51640, -2.84740, 952.30670, 41.89166, 35.21712, 11.24075
-4.21968, -2.13555, 949.24462, 41.89166, 35.67823, 11.47016
-4.21968, -2.13555, 949.24462, 41.89166, 35.21712, 11.47016
-3.51640, -2.84740, 949.24462, 41.89166, 35.67823, 11.47016
-3.51640, -2.13555, 952.30670, 41.36139, 35.67823, 11.69956
-2.81312, -2.84740, 949.24462, 41.36139, 35.67823, 11.47016
-2.81312, -2.13555, 952.30670, 41.89166, 36.13934, 11.47016
-2.81312, -2.13555, 952.30670, 42.42194, 36.13934, 11.47016
-4.21968, -2.13555, 949.24462, 42.95221, 36.13934, 11.69956
-4.92295, -1.42370, 949.24462, 42.42194, 36.60045, 11.69956
-4.21968, -1.42370, 949.24462, 42.95221, 36.13934, 11.47016
-4.21968, -0.71185, 952.30670, 42.42194, 36.60045, 11.47016
-4.21968, -0.71185, 949.24462, 42.95221, 36.60045, 11.47016
-4.21968, -1.42370, 949.24462, 42.95221, 36.60045, 11.24075
-4.92295, -1.42370, 949.24462, 42.95221, 36.60045, 11.47016
-3.51640, -1.42370, 952.30670, 43.48248, 36.60045, 11.47016
-3.51640, -1.42370, 952.30670, 42.95221, 36.60045, 11.47016
-2.81312, -2.13555, 955.36878, 42.95221, 36.60045, 11.47016
-3.51640, -2.13555, 949.24462, 42.42194, 37.06156, 11.69956
-2.81312, -1.42370, 952.30670, 42.95221, 37.06156, 11.69956
-2.81312, -1.42370, 949.24462, 42.95221, 37.06156, 11.47016
-2.81312, -1.42370, 949.24462, 42.95221, 37.06156, 11.69956
-4.21968, -1.42370, 949.24462, 42.95221, 37.52266, 11.47016
-3.51640, -0.71185, 952.30670, 42.95221, 37.52266, 11.47016
-4.21968, -1.42370, 949.24462, 42.95221, 37.98377, 11.47016
-4.21968, -1.42370, 949.24462, 42.95221, 37.98377, 11.24075
-3.51640, -1.42370, 949.24462, 42.95221, 37.98377, 11.24075
-3.51640, -1.42370, 952.30670, 42.95221, 37.98377, 11.47016
-4.21968, -0.71185, 952.30670, 42.95221, 37.98377, 11.47016
-4.92295, -0.71185, 952.30670, 42.95221, 38.44488, 11.47016
-4.92295, -0.71185, 949.24462, 42.95221, 38.90599, 11.47016
-4.21968, -0.71185, 952.30670, 41.89166, 38.90599, 11.24075
-4.21968, -1.42370, 949.24462, 42.42194, 38.44488, 11.24075
-4.21968, -1.42370, 952.30670, 42.42194, 38.90599, 11.24075
-4.92295, -2.13555, 952.30670, 41.89166, 38.90599, 11.47016
-4.92295, -2.13555, 949.24462, 41.89166, 39.36710, 11.47016
-4.21968, -2.13555, 949.24462, 41.36139, 39.36710, 11.24075
-4.21968, -1.42370, 949.24462, 41.36139, 39.36710, 11.24075
-4.21968, -2.13555, 952.30670, 40.83111, 39.36710, 11.24075
-4.21968, -2.13555, 952.30670, 41.36139, 39.82820, 11.24075
-4.21968, -2.13555, 952.30670, 41.36139, 39.82820, 11.24075
-4.92295, -2.13555, 949.24462, 40.83111, 39.82820, 11.24075
-4.21968, -2.13555, 949.24462, 40.83111, 39.82820, 11.24075
-4.92295, -2.13555, 952.30670, 40.83111, 39.36710, 11.24075
-4.92295, -2.84740, 952.30670, 40.30084, 39.36710, 11.24075
-4.21968, -2.84740, 949.24462, 40.30084, 39.36710, 11.24075
-4.21968, -2.13555, 952.30670, 39.77057, 39.36710, 11.24075
-4.92295, -2.13555, 949.24462, 39.77057, 39.36710, 11.47016
-4.21968, -2.84740, 952.30670, 39.77057, 39.36710, 11.47016
-3.51640, -2.84740, 952.30670, 39.24029, 38.90599, 11.47016
-3.51640, -3.55925, 952.30670, 39.24029, 38.44488, 11.47016
-3.51640, -2.84740, 952.30670, 39.24029, 38.90599, 11.69956
-3.51640, -3.55925, 952.30670, 39.24029, 38.90599, 11.69956
-3.51640, -2.84740, 949.24462, 38.71002, 38.90599, 11.69956
-3.51640, -3.55925, 949.24462, 38.71002, 38.90599, 11.69956
-2.81312, -2.84740, 949.24462, 38.71002, 38.90599, 11.69956
-2.81312, -3.55925, 952.30670, 38.71002, 38.90599, 11.69956
-3.51640, -3.55925, 949.24462, 38.17974, 39.36710, 11.69956
-3.51640, -2.84740, 949.24462, 38.71002, 39.36710, 11.47016
-3.51640, -3.55925, 949.24462, 38.71002, 39.36710, 11.47016
-3.51640, -2.84740, 949.24462, 38.17974, 39.36710, 11.69956
-4.21968, -2.84740, 949.24462, 38.71002, 39.36710, 11.69956
-3.51640, -2.84740, 952.30670, 38.17974, 39.36710, 11.47016
-4.21968, -2.84740, 952.30670, 38.17974, 39.36710, 11.47016
-4.21968, -3.55925, 952.30670, 38.17974, 39.36710, 11.47016
-4.21968, -3.55925, 949.24462, 38.17974, 39.36710, 11.69956
-2.81312, -2.84740, 949.24462, 38.71002, 38.90599, 11.47016
-3.51640, -3.55925, 952.30670, 38.71002, 38.90599, 11.47016
-2.81312, -3.55925, 949.24462, 38.71002, 39.36710, 11.24075
-3.51640, -3.55925, 952.30670, 38.71002, 39.36710, 11.47016
-4.21968, -2.84740, 949.24462, 39.24029, 39.36710, 11.24075
-4.21968, -2.84740, 949.24462, 39.77057, 39.36710, 11.24075
-3.51640, -2.84740, 946.18254, 40.30084, 39.36710, 11.24075
-2.81312, -2.84740, 952.30670, 39.77057, 39.36710, 11.47016
-2.81312, -2.13555, 952.30670, 40.30084, 39.36710, 11.24075
-3.51640, -2.13555, 952.30670, 40.83111, 39.36710, 11.47016
-2.81312, -2.13555, 952.30670, 41.36139, 39.36710, 11.47016
-2.81312, -2.13555, 952.30670, 41.36139, 39.36710, 11.47016
-3.51640, -2.13555, 949.24462, 41.89166, 39.82820, 11.24075
-3.51640, -1.42370, 952.30670, 42.42194, 39.36710, 11.24075
-3.51640, -0.71185, 952.30670, 42.42194, 39.36710, 11.24075
-4.21968, -1.42370, 952.30670, 42.95221, 39.36710, 11.24075
-4.21968, -1.42370, 952.30670, 42.95221, 39.82820, 11.24075
-4.21968, -1.42370, 952.30670, 42.95221, 39.82820, 11.01135
-3.51640, -1.42370, 949.24462, 42.95221, 39.82820, 11.01135
-3.51640, -1.42370, 952.30670, 42.95221, 39.36710, 11.01135
-2.81312, -1.42370, 952.30670, 42.95221, 39.36710, 11.01135
-3.51640, -1.42370, 952.30670, 42.95221, 39.82820, 11.24075
-3.51640, -1.42370, 949.24462, 42.42194, 39.82820, 11.47016
-3.51640, -1.42370, 949.24462, 42.95221, 40.28931, 11.47016
-3.51640, -1.42370, 949.24462, 42.95221, 40.28931, 11.24075
-3.51640, -2.13555, 949.24462, 42.95221, 40.28931, 11.24075
-3.51640, -1.42370, 949.24462, 42.42194, 40.28931, 11.47016
-3.51640, -1.42370, 952.30670, 41.89166, 40.28931, 11.69956
-4.21968, -0.71185, 949.24462, 42.42194, 40.75042, 11.47016
-4.21968, -1.42370, 949.24462, 42.42194, 40.75042, 11.47016
-4.21968, -1.42370, 952.30670, 42.42194, 40.75042, 11.24075
-4.21968, -1.42370, 949.24462, 42.42194, 41.21153, 11.24075
-3.51640, -1.42370, 952.30670, 42.95221, 41.21153, 11.01135
-3.51640, -1.42370, 949.24462, 41.89166, 41.21153, 11.01135
-3.51640, -1.42370, 952.30670, 42.42194, 41.21153, 11.01135
-3.51640, -1.42370, 952.30670, 42.42194, 41.21153, 11.01135
-4.21968, -1.42370, 955.36878, 42.42194, 41.67264, 11.01135
-3.51640, -1.42370, 949.24462, 42.42194, 41.67264, 11.01135
-4.21968, -1.42370, 949.24462, 41.89166, 42.13374, 11.01135
-3.51640, -2.13555, 949.24462, 41.89166, 42.13374, 11.01135
-4.21968, -2.13555, 949.24462, 42.42194, 42.13374, 11.01135
-4.92295, -2.13555, 952.30670, 42.42194, 42.59485, 11.24075
-4.21968, -2.13555, 952.30670, 42.42194, 42.59485, 11.47016
-4.21968, -2.13555, 952.30670, 42.42194, 42.59485, 11.24075
-4.92295, -2.13555, 952.30670, 42.42194, 43.05596, 11.24075
-4.92295, -2.13555, 949.24462, 42.42194, 43.05596, 11.47016
-5.62623, -1.42370, 949.24462, 42.42194, 43.51707, 11.24075
-6.32951, -1.42370, 949.24462, 42.95221, 43.51707, 11.24075
-6.32951, -1.42370, 952.30670, 42.42194, 43.05596, 11.01135
-6.32951, -2.13555, 952.30670, 42.42194, 42.59485, 11.01135
-5.62623, -1.42370, 952.30670, 42.95221, 42.59485, 11.01135
-5.62623, -1.42370, 955.36878, 42.42194, 42.13374, 11.24075
-4.92295, -0.71185, 952.30670, 42.42194, 42.13374, 11.01135
-5.62623, -0.71185, 949.24462, 41.89166, 41.67264, 11.01135
-4.92295, -1.42370, 952.30670, 42.42194, 41.67264, 11.24075
-4.21968, -2.13555, 949.24462, 42.42194, 40.75042, 11.01135
-3.51640, -1.42370, 952.30670, 41.89166, 40.28931, 11.01135
-3.51640, -1.42370, 952.30670, 41.36139, 39.82820, 11.01135
-2.81312, -2.13555, 952.30670, 41.36139, 39.36710, 11.24075
-2.81312, -2.13555, 952.30670, 41.36139, 39.36710, 11.01135
-2.81312, -2.13555, 949.24462, 40.83111, 39.82820, 11.01135
-2.81312, -2.13555, 949.24462, 40.30084, 39.36710, 11.01135
-2.10984, -2.13555, 949.24462, 40.30084, 38.90599, 11.01135
-2.10984, -2.13555, 952.30670, 40.83111, 38.90599, 11.01135
-2.10984, -2.13555, 949.24462, 40.83111, 38.44488, 11.24075
-2.81312, -2.84740, 952.30670, 39.77057, 38.90599, 11.24075
-2.81312, -2.13555, 952.30670, 39.77057, 38.90599, 11.24075
-2.81312, -2.13555, 952.30670, 39.77057, 38.90599, 11.01135
-2.81312, -2.13555, 949.24462, 39.77057, 38.90599, 11.24075
-2.81312, -2.84740, 949.24462, 39.24029, 38.90599, 11.24075
-2.81312, -2.84740, 952.30670, 39.24029, 38.90599, 11.24075
-3.51640, -2.84740, 952.30670, 39.24029, 39.36710, 11.47016
-3.51640, -2.13555, 949.24462, 39.24029, 39.36710, 11.24075
-4.21968, -2.13555, 949.24462, 39.24029, 39.82820, 11.47016
-4.21968, -3.55925, 949.24462, 38.71002, 39.36710, 11.47016
-3.51640, -2.84740, 949.24462, 38.71002, 39.36710, 11.47016
-3.51640, -2.84740, 949.24462, 39.24029, 39.36710, 11.24075
-3.51640, -2.84740, 952.30670, 38.71002, 39.82820, 11.47016
-3.51640, -2.84740, 949.24462, 38.71002, 40.28931, 11.47016
-4.21968, -3.55925, 949.24462, 39.24029, 40.28931, 11.47016
-3.51640, -2.84740, 949.24462, 39.24029, 40.28931, 11.47016
-3.51640, -2.13555, 952.30670, 39.77057, 39.82820, 11.47016
-3.51640, -2.84740, 952.30670, 39.77057, 40.28931, 11.47016
-4.21968, -2.13555, 952.30670, 39.77057, 40.28931, 11.47016
-4.92295, -2.13555, 952.30670, 40.30084, 40.28931, 11.24075
-5.62623, -2.13555, 949.24462, 40.30084, 40.75042, 11.47016
-4.92295, -1.42370, 949.24462, 39.77057, 40.28931, 11.01135
-4.92295, -1.42370, 952.30670, 40.30084, 40.28931, 11.01135
-4.21968, -1.42370, 952.30670, 40.30084, 39.82820, 11.01135
-4.21968, -1.42370, 952.30670, 40.83111, 39.82820, 11.01135
-4.21968, -1.42370, 952.30670, 40.30084, 39.82820, 11.01135
-3.51640, -1.42370, 949.24462, 40.30084, 39.82820, 11.01135
-3.51640, -1.42370, 949.24462, 40.30084, 39.82820, 11.24075
-3.51640, -2.13555, 952.30670, 40.30084, 39.36710, 11.01135
-3.51640, -2.13555, 952.30670, 40.30084, 39.36710, 11.24075
-3.51640, -2.13555, 949.24462, 39.77057, 39.36710, 11.24075
-3.51640, -2.13555, 949.24462, 40.30084, 39.36710, 11.47016
-3.51640, -2.13555, 952.30670, 39.77057, 39.36710, 11.47016
-2.81312, -2.13555, 952.30670, 39.77057, 38.90599, 11.24075
-3.51640, -2.13555, 952.30670, 39.77057, 38.90599, 11.24075
-4.21968, -2.13555, 952.30670, 40.30084, 38.90599, 11.24075
-4.21968, -2.13555, 952.30670, 40.30084, 38.90599, 11.47016
-4.21968, -2.13555, 949.24462, 40.30084, 39.36710, 11.47016
-4.21968, -1.42370, 949.24462, 39.77057, 39.36710, 11.47016
-4.21968, -2.13555, 949.24462, 39.24029, 38.90599, 11.47016
-3.51640, -2.13555, 952.30670, 39.24029, 38.90599, 11.47016
-4.21968, -2.84740, 952.30670, 39.24029, 38.44488, 11.47016
-4.21968, -2.13555, 949.24462, 39.24029, 38.90599, 11.69956
-4.21968, -2.84740, 949.24462, 38.71002, 38.44488, 11.47016
-4.21968, -2.84740, 952.30670, 38.71002, 38.90599, 11.47016
-3.51640, -2.84740, 952.30670, 38.71002, 38.90599, 11.69956
-4.21968, -2.84740, 949.24462, 38.17974, 38.90599, 11.69956
-4.21968, -2.84740, 949.24462, 38.71002, 38.90599, 11.47016
-4.21968, -2.84740, 949.24462, 38.71002, 38.44488, 11.47016
-3.51640, -3.55925, 949.24462, 38.71002, 37.98377, 11.47016
-4.21968, -2.13555, 952.30670, 39.24029, 38.44488, 11.47016
-3.51640, -2.84740, 949.24462, 38.71002, 37.98377, 11.24075
-2.81312, -2.84740, 952.30670, 38.71002, 37.52266, 11.47016
-2.81312, -2.84740, 949.24462, 38.71002, 37.52266, 11.24075
-3.51640, -2.84740, 952.30670, 38.71002, 37.52266, 11.47016
-3.51640, -2.84740, 952.30670, 39.24029, 37.52266, 11.24075
-3.51640, -2.13555, 952.30670, 39.77057, 37.52266, 11.24075
-3.51640, -2.13555, 955.36878, 39.24029, 37.06156, 11.01135
-3.51640, -1.42370, 952.30670, 39.24029, 37.06156, 11.24075
-3.51640, -2.13555, 952.30670, 39.77057, 37.06156, 11.01135
-3.51640, -2.13555, 952.30670, 39.77057, 37.06156, 11.24075
-3.51640, -2.13555, 952.30670, 40.30084, 36.60045, 11.24075
-3.51640, -2.13555, 952.30670, 40.30084, 36.60045, 11.24075
-3.51640, -1.42370, 949.24462, 39.77057, 36.60045, 11.24075
-2.81312, -2.13555, 949.24462, 40.30084, 36.13934, 11.24075
-3.51640, -2.13555, 952.30670, 40.30084, 36.13934, 11.24075
-3.51640, -2.13555, 949.24462, 40.83111, 36.13934, 11.24075
-3.51640, -2.13555, 949.24462, 40.83111, 35.67823, 11.24075
-2.81312, -1.42370, 949.24462, 41.36139, 35.67823, 11.24075
-2.81312, -1.42370, 949.24462, 40.83111, 35.21712, 11.24075
-2.81312, -1.42370, 952.30670, 40.83111, 35.21712, 11.24075
-2.81312, -1.42370, 952.30670, 40.83111, 35.21712, 11.47016
-2.10984, -2.13555, 952.30670, 40.83111, 35.21712, 11.47016
-2.10984, -1.42370, 949.24462, 40.30084, 34.75602, 11.69956
-1.40656, -1.42370, 952.30670, 40.30084, 34.75602, 11.47016
-2.10984, -1.42370, 952.30670, 40.30084, 35.21712, 11.47016
-2.81312, -0.71185, 952.30670, 40.30084, 35.21712, 11.47016
-2.81312, -0.71185, 955.36878, 40.83111, 35.21712, 11.47016
-3.51640, -1.42370, 949.24462, 41.36139, 35.21712, 11.47016
-2.81312, -0.71185, 949.24462, 41.36139, 35.67823, 11.47016
-2.81312, -0.71185, 952.30670, 41.36139, 36.13934, 11.24075
-3.51640, -0.71185, 952.30670, 41.36139, 35.67823, 11.24075
-3.51640, -1.42370, 952.30670, 41.36139, 36.13934, 11.24075
-4.21968, -1.42370, 949.24462, 41.36139, 36.60045, 11.24075
-3.51640, -1.42370, 952.30670, 41.36139, 36.13934, 11.24075
-3.51640, -1.42370, 955.36878, 41.36139, 36.60045, 11.47016
-3.51640, -1.42370, 952.30670, 41.36139, 36.60045, 11.24075
-3.51640, -2.13555, 949.24462, 40.83111, 36.60045, 11.24075
-3.51640, -2.13555, 949.24462, 40.83111, 36.60045, 11.24075
-3.51640, -2.13555, 946.18254, 40.83111, 37.06156, 11.47016
-3.51640, -2.84740, 946.18254, 40.83111, 36.60045, 11.47016
-2.81312, -2.84740, 949.24462, 40.83111, 37.06156, 11.47016
-2.81312, -2.13555, 952.30670, 39.77057, 37.06156, 11.47016
-2.81312, -2.84740, 955.36878, 40.30084, 36.60045, 11.69956
-3.51640, -2.13555, 952.30670, 40.30084, 37.52266, 11.69956
-4.92295, -2.13555, 952.30670, 39.77057, 37.52266, 11.69956
-4.21968, -2.13555, 949.24462, 40.30084, 37.98377, 11.47016
-4.92295, -2.13555, 949.24462, 40.83111, 37.52266, 11.47016
-4.21968, -2.13555, 949.24462, 40.30084, 37.52266, 11.47016
-4.21968, -1.42370, 952.30670, 40.30084, 37.52266, 11.24075
-4.21968, -1.42370, 952.30670, 40.83111, 37.52266, 11.24075
-4.92295, -2.13555, 952.30670, 40.83111, 37.98377, 11.24075
-4.92295, -2.13555, 952.30670, 40.83111, 37.52266, 11.24075
-3.51640, -1.42370, 952.30670, 40.30084, 37.52266, 11.24075
-2.81312, -1.42370, 949.24462, 40.30084, 37.06156, 11.24075
-3.51640, -2.13555, 952.30670, 40.30084, 37.06156, 11.24075
-2.81312, -2.13555, 952.30670, 40.30084, 36.60045, 11.24075
-2.81312, -2.13555, 949.24462, 40.83111, 36.60045, 11.24075
-4.21968, -2.13555, 949.24462, 40.83111, 37.06156, 11.24075
-2.81312, -2.13555, 949.24462, 40.83111, 36.60045, 11.24075
-2.81312, -2.13555, 952.30670, 40.30084, 37.06156, 11.24075
-2.81312, -2.13555, 949.24462, 40.83111, 37.06156, 11.24075
-2.81312, -2.13555, 949.24462, 40.83111, 37.06156, 11.01135
-3.51640, -1.42370, 949.24462, 41.36139, 37.52266, 11.24075
-3.51640, -1.42370, 949.24462, 40.83111, 37.52266, 11.24075
-3.51640, -1.42370, 952.30670, 40.30084, 37.52266, 11.24075
-3.51640, -1.42370, 952.30670, 40.30084, 37.06156, 11.47016
-3.51640, -1.42370, 952.30670, 40.83111, 37.52266, 11.24075
-4.21968, -0.71185, 949.24462, 40.83111, 37.52266, 11.47016
-4.21968, -1.42370, 952.30670, 40.83111, 37.98377, 11.69956
-4.21968, -1.42370, 949.24462, 40.30084, 38.44488, 11.47016
-4.92295, -1.42370, 952.30670, 40.30084, 37.98377, 11.24075
-4.21968, -1.42370, 952.30670, 40.30084, 38.44488, 11.47016
-3.51640, -2.84740, 952.30670, 39.77057, 37.98377, 11.47016
-4.21968, -2.13555, 952.30670, 40.30084, 37.98377, 11.69956
-4.92295, -1.42370, 949.24462, 39.77057, 38.44488, 11.69956
-4.92295, -2.13555, 949.24462, 39.24029, 38.44488, 11.69956
-4.21968, -2.13555, 946.18254, 39.24029, 38.44488, 11.69956
-4.21968, -2.84740, 949.24462, 38.71002, 37.98377, 11.47016
-3.51640, -2.84740, 949.24462, 39.24029, 37.98377, 11.47016
-3.51640, -2.13555, 952.30670, 39.77057, 37.52266, 11.47016
-3.51640, -2.84740, 952.30670, 39.77057, 37.52266, 11.47016
-3.51640, -2.13555, 952.30670, 39.77057, 37.52266, 11.47016
-3.51640, -2.13555, 949.24462, 39.24029, 37.98377, 11.24075
-3.51640, -2.13555, 952.30670, 39.77057, 37.52266, 11.24075
-3.51640, -2.13555, 952.30670, 40.30084, 37.98377, 11.24075
-3.51640, -2.13555, 949.24462, 40.30084, 37.52266, 11.24075
-4.21968, -1.42370, 949.24462, 40.30084, 37.98377, 11.24075
-4.21968, -2.13555, 952.30670, 39.77057, 37.98377, 11.24075
-3.51640, -1.42370, 949.24462, 39.77057, 37.52266, 11.24075
-4.21968, -1.42370, 952.30670, 39.77057, 37.52266, 11.24075
-4.21968, -1.42370, 952.30670, 40.30084, 37.98377, 11.47016
-4.21968, -1.42370, 952.30670, 39.77057, 37.98377, 11.47016
-3.51640, -2.13555, 949.24462, 39.24029, 37.52266, 11.24075
-3.51640, -2.13555, 952.30670, 39.77057, 37.52266, 11.47016
-2.81312, -2.13555, 952.30670, 39.77057, 37.52266, 11.47016
-2.10984, -2.13555, 952.30670, 39.77057, 37.52266, 11.47016
-2.81312, -2.13555, 952.30670, 39.77057, 37.52266, 11.69956
-4.21968, -2.13555, 952.30670, 39.77057, 37.52266, 11.69956
-4.21968, -2.13555, 952.30670, 39.24029, 37.52266, 11.92896
-3.51640, -2.13555, 952.30670, 39.24029, 37.98377, 11.92896
-3.51640, -2.13555, 949.24462, 39.24029, 37.52266, 11.92896
-3.51640, -2.13555, 952.30670, 39.24029, 37.52266, 11.69956
-4.21968, -2.13555, 949.24462, 39.24029, 37.52266, 11.69956
-4.21968, -2.84740, 952.30670, 39.24029, 37.52266, 11.47016
-3.51640, -2.13555, 952.30670, 39.77057, 37.52266, 11.47016
-2.81312, -2.13555, 952.30670, 39.24029, 37.52266, 11.24075
-3.51640, -2.13555, 952.30670, 39.24029, 37.06156, 11.24075
-3.51640, -1.42370, 952.30670, 39.77057, 37.06156, 11.24075
-3.51640, -1.42370, 952.30670, 39.77057, 37.52266, 11.01135
-4.21968, -2.13555, 949.24462, 39.24029, 38.44488, 11.24075
-3.51640, -2.13555, 949.24462, 39.24029, 37.98377, 11.24075
-3.51640, -1.42370, 952.30670, 39.24029, 37.98377, 11.24075
-3.51640, -1.42370, 952.30670, 39.24029, 37.98377, 11.24075
-3.51640, -1.42370, 952.30670, 39.24029, 37.98377, 11.24075
-4.21968, -1.42370, 952.30670, 39.24029, 38.44488, 11.24075
-4.92295, -1.42370, 946.18254, 39.24029, 38.44488, 11.24075
-4.92295, -1.42370, 949.24462, 39.24029, 38.44488, 11.47016
-4.21968, -1.42370, 949.24462, 38.71002, 38.44488, 11.24075
-3.51640, -2.84740, 949.24462, 38.71002, 38.44488, 11.24075
-3.51640, -2.84740, 952.30670, 38.17974, 38.44488, 11.47016
-4.21968, -2.13555, 952.30670, 38.17974, 38.44488, 11.24075
-4.21968, -2.84740, 952.30670, 38.17974, 38.90599, 11.24075
-4.21968, -2.84740, 949.24462, 38.17974, 38.44488, 11.47016
-3.51640, -2.84740, 949.24462, 38.17974, 38.90599, 11.47016
-2.81312, -2.84740, 949.24462, 37.64947, 38.90599, 11.47016
-3.51640, -2.84740, 949.24462, 37.11919, 38.44488, 11.69956
-3.51640, -3.55925, 952.30670, 37.64947, 38.44488, 11.69956
-4.21968, -2.84740, 952.30670, 37.64947, 38.44488, 11.92896
-4.92295, -2.84740, 952.30670, 37.11919, 38.90599, 11.92896
-4.92295, -2.84740, 949.24462, 37.64947, 38.90599, 11.92896
-4.92295, -2.84740, 949.24462, 37.64947, 38.90599, 11.92896
-4.21968, -2.84740, 952.30670, 38.17974, 38.44488, 11.69956
-4.92295, -2.84740, 952.30670, 38.17974, 38.44488, 11.69956
-4.21968, -2.84740, 955.36878, 38.71002, 38.44488, 11.47016
-4.21968, -2.84740, 952.30670, 38.71002, 38.44488, 11.47016
-4.21968, -2.13555, 949.24462, 39.24029, 38.44488, 11.47016
-4.21968, -2.84740, 949.24462, 38.17974, 38.44488, 11.47016
-4.21968, -2.13555, 949.24462, 38.71002, 37.98377, 11.47016
-4.92295, -2.13555, 949.24462, 39.24029, 37.98377, 11.47016
-4.21968, -2.13555, 949.24462, 39.24029, 37.98377, 11.47016
-4.21968, -2.13555, 949.24462, 39.24029, 38.44488, 11.69956
-4.92295, -2.13555, 949.24462, 39.24029, 38.44488, 11.47016
-4.21968, -1.42370, 949.24462, 39.77057, 37.98377, 11.47016
-3.51640, -1.42370, 952.30670, 40.30084, 37.52266, 11.24075
-3.51640, -1.42370, 952.30670, 40.30084, 37.06156, 11.01135
-4.21968, -1.42370, 952.30670, 40.83111, 37.52266, 11.01135
-4.21968, -0.71185, 949.24462, 40.83111, 37.52266, 11.01135
-4.21968, -0.71185, 949.24462, 40.83111, 37.52266, 10.78195
-4.21968,  0.00000, 952.30670, 41.36139, 37.52266, 10.78195
-3.51640, -0.71185, 955.36878, 41.36139, 37.06156, 10.55254
-3.51640, -1.42370, 955.36878, 41.36139, 36.60045, 10.78195
-3.51640, -1.42370, 955.36878, 41.89166, 36.60045, 10.55254
-3.51640, -0.71185, 952.30670, 41.89166, 36.60045, 11.01135
-3.51640, -0.71185, 949.24462, 40.83111, 36.60045, 11.01135
-3.51640, -1.42370, 949.24462, 40.83111, 37.06156, 11.24075
-3.51640, -2.13555, 949.24462, 40.83111, 36.13934, 11.24075
-3.51640, -2.13555, 949.24462, 40.83111, 36.60045, 11.47016
-3.51640, -2.13555, 949.24462, 40.83111, 36.13934, 11.69956
-3.51640, -2.13555, 952.30670, 40.30084, 36.60045, 11.92896
-3.51640, -2.13555, 949.24462, 39.77057, 36.13934, 11.92896
-3.51640, -2.13555, 952.30670, 40.30084, 36.13934, 11.69956
-2.81312, -2.13555, 949.24462, 39.77057, 35.67823, 11.69956
-3.51640, -2.13555, 949.24462, 40.30084, 35.67823, 11.69956
-2.81312, -2.13555, 952.30670, 39.77057, 35.67823, 11.69956
-2.81312, -2.84740, 952.30670, 39.24029, 35.67823, 11.92896
-3.51640, -2.13555, 952.30670, 39.24029, 35.67823, 11.69956
-3.51640, -2.13555, 952.30670, 39.24029, 35.67823, 11.92896
-3.51640, -2.13555, 952.30670, 38.71002, 35.21712, 11.92896
-3.51640, -2.13555, 952.30670, 39.24029, 35.21712, 11.92896
-3.51640, -2.84740, 949.24462, 39.24029, 35.21712, 11.92896
-2.81312, -2.13555, 952.30670, 39.77057, 35.21712, 11.69956
-2.10984, -2.84740, 952.30670, 39.24029, 35.21712, 11.92896
-2.10984, -2.13555, 952.30670, 40.30084, 35.21712, 11.69956
-2.10984, -2.13555, 952.30670, 39.77057, 35.21712, 11.47016
-2.81312, -2.13555, 952.30670, 40.83111, 35.21712, 11.24075
-2.81312, -2.13555, 949.24462, 41.36139, 35.21712, 11.24075
-3.51640, -2.13555, 949.24462, 41.89166, 35.67823, 11.01135
-3.51640, -0.71185, 949.24462, 41.36139, 35.67823, 11.01135
-4.21968, -0.71185, 949.24462, 41.36139, 36.13934, 11.01135
-2.81312, -0.71185, 952.30670, 41.89166, 35.67823, 10.78195
-2.81312, -0.71185, 952.30670, 41.89166, 35.67823, 10.78195
-3.51640, -0.71185, 952.30670, 41.89166, 35.67823, 11.01135
-3.51640, -0.71185, 952.30670, 41.89166, 35.67823, 11.01135
-2.81312,  0.00000, 952.30670, 41.89166, 35.67823, 11.24075
-3.51640,  0.00000, 952.30670, 41.36139, 35.67823, 11.24075
-2.81312, -0.71185, 952.30670, 41.36139, 35.67823, 11.24075
-2.81312, -0.71185, 952.30670, 41.36139, 35.67823, 11.24075
-2.81312, -0.71185, 952.30670, 41.36139, 35.67823, 11.24075
-3.51640, -1.42370, 949.24462, 41.36139, 36.13934, 11.24075
-2.81312, -0.71185, 952.30670, 41.36139, 36.13934, 11.47016
-3.51640, -1.42370, 949.24462, 40.30084, 36.13934, 11.24075
-2.81312, -2.13555, 949.24462, 40.30084, 36.13934, 11.47016
-2.81312, -2.13555, 949.24462, 40.30084, 36.13934, 11.47016
-2.81312, -2.13555, 949.24462, 40.30084, 36.60045, 11.47016
-3.51640, -2.13555, 949.24462, 39.77057, 36.60045, 11.92896
-3.51640, -1.42370, 949.24462, 39.77057, 37.06156, 11.92896
-3.51640, -2.13555, 952.30670, 39.24029, 37.06156, 11.69956
-4.21968, -2.84740, 952.30670, 39.77057, 37.52266, 11.92896
-3.51640, -2.13555, 952.30670, 39.77057, 37.98377, 11.69956
-4.21968, -2.84740, 952.30670, 39.77057, 37.98377, 11.69956
-4.21968, -2.84740, 949.24462, 40.30084, 37.98377, 11.69956
-4.21968, -2.13555, 949.24462, 39.77057, 37.98377, 11.69956
-4.92295, -2.13555, 952.30670, 39.24029, 38.44488, 11.47016
-4.92295, -2.13555, 952.30670, 39.24029, 38.44488, 11.69956
-4.21968, -2.13555, 952.30670, 39.77057, 38.44488, 11.47016
-4.21968, -2.84740, 952.30670, 39.77057, 38.44488, 11.47016
-4.92295, -2.13555, 952.30670, 39.77057, 38.44488, 11.47016
-4.21968, -2.13555, 949.24462, 39.24029, 38.44488, 11.24075
-4.21968, -2.13555, 952.30670, 39.24029, 38.44488, 11.01135
-4.21968, -2.13555, 952.30670, 39.77057, 38.44488, 11.24075
-3.51640, -2.84740, 952.30670, 39.77057, 38.44488, 11.01135
-4.21968, -2.13555, 949.24462, 39.24029, 38.44488, 11.24075
-3.51640, -2.13555, 952.30670, 39.24029, 38.44488, 11.24075
-3.51640, -2.13555, 949.24462, 39.24029, 38.44488, 11.24075
-3.51640, -2.13555, 949.24462, 39.24029, 38.44488, 11.24075
-3.51640, -2.13555, 952.30670, 40.30084, 38.44488, 11.24075
-3.51640, -2.13555, 952.30670, 39.77057, 38.44488, 11.24075
-3.51640, -1.42370, 949.24462, 40.30084, 38.90599, 11.47016
-3.51640, -2.13555, 952.30670, 40.30084, 38.44488, 11.47016
-4.21968, -1.42370, 952.30670, 40.30084, 38.90599, 11.47016
-4.21968, -1.42370, 952.30670, 40.30084, 38.44488, 11.47016
-4.21968, -1.42370, 952.30670, 40.30084, 39.36710, 11.24075
-4.21968, -1.42370, 952.30670, 39.77057, 38.90599, 11.47016
-4.21968, -1.42370, 949.24462, 40.30084, 38.90599, 11.47016
-3.51640, -1.42370, 949.24462, 40.30084, 38.44488, 11.24075
-3.51640, -1.42370, 949.24462, 40.30084, 38.90599, 11.24075
-3.51640, -1.42370, 949.24462, 40.30084, 38.44488, 11.47016
-3.51640, -2.13555, 949.24462, 39.77057, 38.44488, 11.69956
-3.51640, -2.13555, 952.30670, 39.77057, 38.90599, 11.69956
-2.81312, -2.13555, 952.30670, 39.77057, 38.90599, 11.69956
-2.81312, -2.13555, 952.30670, 39.77057, 38.44488, 11.69956
-2.81312, -2.13555, 952.30670, 39.24029, 38.90599, 11.92896
-3.51640, -2.13555, 952.30670, 39.77057, 38.90599, 11.92896
-4.21968, -2.13555, 952.30670, 40.30084, 39.36710, 11.69956
-4.92295, -2.13555, 949.24462, 40.30084, 39.82820, 11.69956
-4.21968, -2.13555, 949.24462, 40.30084, 39.82820, 11.47016
-4.21968, -2.13555, 949.24462, 40.30084, 39.82820, 11.69956
-4.21968, -1.42370, 949.24462, 40.30084, 39.82820, 11.47016
-4.21968, -1.42370, 949.24462, 40.30084, 39.82820, 11.47016
-4.92295, -1.42370, 949.24462, 40.30084, 39.82820, 11.24075
-4.92295, -1.42370, 949.24462, 40.83111, 39.82820, 11.24075
-4.92295, -1.42370, 949.24462, 41.36139, 39.82820, 11.01135
-4.92295, -1.42370, 952.30670, 41.36139, 39.82820, 11.24075
-4.21968, -1.42370, 952.30670, 40.83111, 39.82820, 11.47016
-4.92295, -1.42370, 952.30670, 40.30084, 40.28931, 11.47016
-4.92295, -1.42370, 949.24462, 40.30084, 39.82820, 11.47016
-4.21968, -1.42370, 946.18254, 40.30084, 39.82820, 11.47016
-3.51640, -1.42370, 949.24462, 39.24029, 39.82820, 11.47016
-3.51640, -2.13555, 949.24462, 39.24029, 39.36710, 11.47016
-3.51640, -2.13555, 952.30670, 39.77057, 39.36710, 11.47016
-2.81312, -2.13555, 952.30670, 39.77057, 39.36710, 11.24075
-3.51640, -2.13555, 952.30670, 39.24029, 39.36710, 11.24075
-3.51640, -2.13555, 952.30670, 39.24029, 38.90599, 11.24075
-3.51640, -2.84740, 949.24462, 38.71002, 39.36710, 11.01135
-3.51640, -2.13555, 949.24462, 38.71002, 39.36710, 11.01135
-4.21968, -2.84740, 952.30670, 38.71002, 39.36710, 11.01135
-4.21968, -2.13555, 949.24462, 38.71002, 39.36710, 11.24075
-4.21968, -2.13555, 952.30670, 38.71002, 39.36710, 11.47016
-4.21968, -2.13555, 949.24462, 38.17974, 39.82820, 11.24075
-3.51640, -2.13555, 949.24462, 37.64947, 39.36710, 11.47016
-3.51640, -2.84740, 949.24462, 37.64947, 39.36710, 11.24075
-2.81312, -3.55925, 949.24462, 37.64947, 39.36710, 11.47016
-2.81312, -3.55925, 949.24462, 38.17974, 39.36710, 11.47016
-3.51640, -3.55925, 949.24462, 37.64947, 39.36710, 11.69956
-3.51640, -2.84740, 949.24462, 37.64947, 39.36710, 11.69956
-3.51640, -2.84740, 949.24462, 38.17974, 39.36710, 11.47016
-3.51640, -2.84740, 949.24462, 38.71002, 39.36710, 11.47016
-4.21968, -2.84740, 952.30670, 39.24029, 39.36710, 11.47016
-4.92295, -2.84740, 952.30670, 39.24029, 39.36710, 11.24075
-4.21968, -2.84740, 952.30670, 39.24029, 39.36710, 11.24075
-3.51640, -2.84740, 952.30670, 39.24029, 39.36710, 11.47016
-3.51640, -2.13555, 952.30670, 39.77057, 38.90599, 11.47016
-3.51640, -2.13555, 952.30670, 39.24029, 39.36710, 11.24075
-4.21968, -2.13555, 952.30670, 39.77057, 38.90599, 11.47016
-4.21968, -2.13555, 952.30670, 39.77057, 38.90599, 11.47016
-2.81312, -2.13555, 949.24462, 40.30084, 38.90599, 11.47016
-2.10984, -2.13555, 952.30670, 40.83111, 38.44488, 11.47016
-2.10984, -1.42370, 952.30670, 40.83111, 37.98377, 11.47016
-2.81312, -2.13555, 952.30670, 40.83111, 38.44488, 11.24075
-2.81312, -2.13555, 952.30670, 41.36139, 38.44488, 11.47016
-2.81312, -2.13555, 952.30670, 41.36139, 38.44488, 11.47016
-2.81312, -1.42370, 949.24462, 40.83111, 38.44488, 11.47016
-3.51640, -1.42370, 949.24462, 41.36139, 38.90599, 11.24075
-2.10984, -1.42370, 952.30670, 41.89166, 38.44488, 11.24075
-2.81312, -1.42370, 952.30670, 42.42194, 38.44488, 11.24075
-2.81312, -1.42370, 952.30670, 42.42194, 38.44488, 11.01135
-4.21968, -0.71185, 952.30670, 42.42194, 38.90599, 11.24075
-3.51640,  0.00000, 952.30670, 42.42194, 39.36710, 11.24075
-4.21968,  0.00000, 952.30670, 42.95221, 39.36710, 11.24075
-3.51640, -0.71185, 952.30670, 42.95221, 39.36710, 11.24075
-4.21968,  0.00000, 949.24462, 42.42194, 39.82820, 11.24075
-4.21968, -0.71185, 949.24462, 42.42194, 40.28931, 11.24075
-4.92295, -0.71185, 949.24462, 42.95221, 40.75042, 11.01135
-4.21968, -0.71185, 949.24462, 42.42194, 41.21153, 11.24075
-4.21968, -0.71185, 952.30670, 42.42194, 41.21153, 11.24075
-4.21968, -0.71185, 952.30670, 42.95221, 41.21153, 11.01135
-3.51640, -0.71185, 952.30670, 42.42194, 41.21153, 11.24075
-4.21968, -1.42370, 952.30670, 42.42194, 41.21153, 11.01135
-4.21968, -0.71185, 949.24462, 41.89166, 41.67264, 11.24075
-4.92295, -1.42370, 949.24462, 41.89166, 41.67264, 11.24075
-4.92295, -1.42370, 952.30670, 41.89166, 41.67264, 11.24075
-4.92295, -1.42370, 952.30670, 41.89166, 41.67264, 11.24075
-4.21968, -1.42370, 952.30670, 41.89166, 41.67264, 11.24075
-4.21968, -2.13555, 952.30670, 41.36139, 41.21153, 11.47016
-4.92295, -2.13555, 952.30670, 41.36139, 41.21153, 11.47016
-4.92295, -2.13555, 949.24462, 41.36139, 41.21153, 11.47016
-4.21968, -2.13555, 952.30670, 41.36139, 40.75042, 11.47016
-3.51640, -2.13555, 952.30670, 40.30084, 40.28931, 11.47016
-3.51640, -2.84740, 949.24462, 40.30084, 39.82820, 11.47016
-3.51640, -2.13555, 949.24462, 40.83111, 40.28931, 11.47016
-3.51640, -2.13555, 952.30670, 41.36139, 40.28931, 11.69956
-3.51640, -2.13555, 952.30670, 40.83111, 40.28931, 11.47016
-4.21968, -1.42370, 952.30670, 41.36139, 40.28931, 11.24075
-3.51640, -1.42370, 949.24462, 41.36139, 39.82820, 11.24075
-4.21968, -1.42370, 952.30670, 41.89166, 39.82820, 11.24075
-3.51640, -1.42370, 955.36878, 41.89166, 40.28931, 11.24075
-3.51640, -1.42370, 955.36878, 42.42194, 40.28931, 11.24075
-3.51640, -1.42370, 955.36878, 41.89166, 39.82820, 11.24075
-3.51640, -1.42370, 949.24462, 41.89166, 40.28931, 11.24075
-2.81312, -1.42370, 952.30670, 41.89166, 39.82820, 11.24075
-3.51640, -1.42370, 949.24462, 41.89166, 39.82820, 11.24075
-3.51640, -1.42370, 952.30670, 42.42194, 39.82820, 11.24075
-3.51640, -1.42370, 952.30670, 42.42194, 39.82820, 11.47016
-3.51640, -0.71185, 949.24462, 41.89166, 40.28931, 11.47016
-3.51640, -1.42370, 949.24462, 41.89166, 39.82820, 11.47016
-3.51640, -1.42370, 949.24462, 42.42194, 39.82820, 11.24075
-2.81312, -1.42370, 952.30670, 42.42194, 39.82820, 11.01135
-3.51640, -1.42370, 952.30670, 41.89166, 40.28931, 11.01135
-4.21968, -0.71185, 952.30670, 42.42194, 40.28931, 11.24075
-4.21968, -0.71185, 949.24462, 42.42194, 40.75042, 11.24075
-4.92295, -0.71185, 949.24462, 42.42194, 40.75042, 11.24075
-4.21968, -0.71185, 952.30670, 42.42194, 40.75042, 11.24075
-4.21968, -0.71185, 955.36878, 42.42194, 40.75042, 11.24075
-4.21968, -0.71185, 952.30670, 41.89166, 40.75042, 11.24075
-4.21968, -0.71185, 952.30670, 41.36139, 40.75042, 11.24075
-4.92295, -0.71185, 949.24462, 41.36139, 40.75042, 11.24075
-4.92295, -1.42370, 949.24462, 40.83111, 40.75042, 11.24075
-4.21968, -0.71185, 952.30670, 40.30084, 40.28931, 11.24075
-3.51640, -1.42370, 952.30670, 40.30084, 40.28931, 11.24075
-4.21968, -2.13555, 952.30670, 40.30084, 40.28931, 11.24075
-4.21968, -2.13555, 952.30670, 40.30084, 40.28931, 11.24075
-4.92295, -1.42370, 952.30670, 39.77057, 40.28931, 11.24075
-3.51640, -2.84740, 952.30670, 39.77057, 39.82820, 11.24075
-2.81312, -2.13555, 949.24462, 39.24029, 39.82820, 11.24075
-3.51640, -2.13555, 952.30670, 38.71002, 39.36710, 11.01135
-3.51640, -2.84740, 949.24462, 38.71002, 39.82820, 11.01135
-4.21968, -2.84740, 949.24462, 38.71002, 39.82820, 11.24075
-3.51640, -3.55925, 952.30670, 38.71002, 39.82820, 11.47016
-3.51640, -2.84740, 955.36878, 37.64947, 39.36710, 11.24075
-4.21968, -2.84740, 952.30670, 38.17974, 39.82820, 11.69956
-3.51640, -3.55925, 952.30670, 38.17974, 39.82820, 11.69956
-3.51640, -3.55925, 952.30670, 37.64947, 39.36710, 11.69956
-4.21968, -3.55925, 952.30670, 37.64947, 39.82820, 11.69956
-3.51640, -3.55925, 952.30670, 37.64947, 39.82820, 11.69956
-2.81312, -3.55925, 952.30670, 37.64947, 39.36710, 11.47016
-2.81312, -3.55925, 952.30670, 37.11919, 39.36710, 11.47016
-2.81312, -2.84740, 952.30670, 37.11919, 39.36710, 11.47016
-2.81312, -3.55925, 949.24462, 37.64947, 39.36710, 11.24075
-2.81312, -3.55925, 949.24462, 37.64947, 39.36710, 11.01135
-3.51640, -2.84740, 949.24462, 38.17974, 39.82820, 11.24075
-3.51640, -2.84740, 946.18254, 38.17974, 39.82820, 11.24075
-3.51640, -2.13555, 949.24462, 38.71002, 39.36710, 11.24075
-3.51640, -2.84740, 952.30670, 38.17974, 39.82820, 11.24075
-2.81312, -2.13555, 952.30670, 38.71002, 39.36710, 11.47016
-3.51640, -2.13555, 949.24462, 38.71002, 39.82820, 11.47016
-4.21968, -2.13555, 949.24462, 38.71002, 40.28931, 11.47016
-4.92295, -1.42370, 949.24462, 39.24029, 40.28931, 11.47016
-4.92295, -2.13555, 949.24462, 39.24029, 40.28931, 11.47016
-4.92295, -1.42370, 949.24462, 39.24029, 40.28931, 11.47016
-4.92295, -1.42370, 952.30670, 39.77057, 40.28931, 11.47016
-4.92295, -1.42370, 952.30670, 39.77057, 40.28931, 11.69956
-4.21968, -1.42370, 952.30670, 39.24029, 40.28931, 11.69956
-3.51640, -1.42370, 952.30670, 39.24029, 39.82820, 11.47016
-3.51640, -2.13555, 949.24462, 39.77057, 39.82820, 11.47016
-2.81312, -2.13555, 949.24462, 39.24029, 39.82820, 11.24075
-2.81312, -2.84740, 949.24462, 39.24029, 39.36710, 11.24075
-2.81312, -2.84740, 952.30670, 39.77057, 38.90599, 11.47016
-2.10984, -2.84740, 952.30670, 39.77057, 39.36710, 11.47016
-2.81312, -2.13555, 949.24462, 39.77057, 39.36710, 11.69956
-2.81312, -2.13555, 949.24462, 40.30084, 39.36710, 11.47016
-3.51640, -2.13555, 949.24462, 40.83111, 39.36710, 11.24075
-3.51640, -2.13555, 949.24462, 40.83111, 39.36710, 11.47016
-3.51640, -1.42370, 949.24462, 41.36139, 39.82820, 11.24075
-4.21968, -1.42370, 952.30670, 41.36139, 39.82820, 11.24075
-3.51640, -1.42370, 952.30670, 42.42194, 39.82820, 11.24075
-4.21968, -0.71185, 955.36878, 41.89166, 39.82820, 11.24075
-4.92295, -0.71185, 952.30670, 41.89166, 39.82820, 11.47016
-4.92295, -0.71185, 952.30670, 41.36139, 39.82820, 11.24075
-4.92295, -0.71185, 952.30670, 41.36139, 39.82820, 11.24075
-4.92295, -0.71185, 949.24462, 41.36139, 39.82820, 11.24075
-4.92295, -1.42370, 949.24462, 41.36139, 39.82820, 11.24075
-4.21968, -1.42370, 952.30670, 41.36139, 39.82820, 11.01135
-3.51640, -0.71185, 952.30670, 41.89166, 39.36710, 11.24075
-3.51640, -1.42370, 952.30670, 41.89166, 39.36710, 11.24075
-4.92295, -0.71185, 952.30670, 41.89166, 39.36710, 11.24075
-4.21968, -0.71185, 952.30670, 41.89166, 39.36710, 11.24075
-4.92295, -0.71185, 949.24462, 41.36139, 39.36710, 11.01135
-4.92295, -0.71185, 949.24462, 41.89166, 39.36710, 11.24075
-3.51640, -1.42370, 952.30670, 41.89166, 38.44488, 11.01135
-4.21968, -1.42370, 952.30670, 41.36139, 38.90599, 11.01135
-4.21968, -0.71185, 952.30670, 41.89166, 38.44488, 11.01135
-4.21968, -0.71185, 952.30670, 41.89166, 37.98377, 11.01135
-4.21968, -0.71185, 952.30670, 41.36139, 38.44488, 10.78195
-4.21968, -0.71185, 949.24462, 41.36139, 37.98377, 11.01135
-2.81312, -1.42370, 949.24462, 40.83111, 37.52266, 11.24075
-3.51640, -1.42370, 952.30670, 40.83111, 37.52266, 11.24075
-2.81312, -1.42370, 949.24462, 40.83111, 37.52266, 11.47016
-2.81312, -2.13555, 952.30670, 40.83111, 37.06156, 11.47016
-2.10984, -2.13555, 952.30670, 40.83111, 37.06156, 11.47016
-2.10984, -2.84740, 952.30670, 40.30084, 37.06156, 11.24075
-2.10984, -2.13555, 952.30670, 39.77057, 37.06156, 11.24075
-1.40656, -2.13555, 952.30670, 39.77057, 36.60045, 11.24075
-2.10984, -2.84740, 952.30670, 39.77057, 36.60045, 11.47016
-2.81312, -2.13555, 952.30670, 39.77057, 37.06156, 11.24075
-3.51640, -2.13555, 949.24462, 39.24029, 37.52266, 11.24075
-2.81312, -2.84740, 949.24462, 39.24029, 37.52266, 11.01135
-2.10984, -2.13555, 949.24462, 39.77057, 37.52266, 11.24075
-2.10984, -2.13555, 952.30670, 39.24029, 37.06156, 11.47016
-2.81312, -2.13555, 949.24462, 39.24029, 37.98377, 11.47016
-2.81312, -2.13555, 952.30670, 39.77057, 37.98377, 11.47016
-3.51640, -2.13555, 952.30670, 39.24029, 37.98377, 11.47016
-3.51640, -2.84740, 949.24462, 39.24029, 38.44488, 11.69956
-2.81312, -2.84740, 949.24462, 39.24029, 38.44488, 11.69956
-2.81312, -2.13555, 949.24462, 39.24029, 38.44488, 11.47016
-3.51640, -2.84740, 949.24462, 39.24029, 38.90599, 11.47016
-3.51640, -2.84740, 955.36878, 40.30084, 38.90599, 11.47016
-4.21968, -2.84740, 952.30670, 40.30084, 39.36710, 11.24075
-4.21968, -2.13555, 955.36878, 40.30084, 39.82820, 11.24075
-4.21968, -1.42370, 952.30670, 39.77057, 39.82820, 11.24075
-4.21968, -2.13555, 949.24462, 40.30084, 39.82820, 11.24075
-4.21968, -2.13555, 952.30670, 40.83111, 40.28931, 11.24075
-4.92295, -1.42370, 949.24462, 41.36139, 40.28931, 11.24075
-4.92295, -0.71185, 949.24462, 40.83111, 39.82820, 11.24075
-4.21968, -0.71185, 949.24462, 41.36139, 40.28931, 11.01135
-4.21968, -0.71185, 949.24462, 41.36139, 39.82820, 11.01135
-4.21968, -1.42370, 949.24462, 41.36139, 39.82820, 11.01135
-4.92295, -1.42370, 952.30670, 41.36139, 39.82820, 11.24075
-4.21968, -0.71185, 952.30670, 41.36139, 39.82820, 11.24075
-4.21968, -0.71185, 952.30670, 41.36139, 39.82820, 11.24075
-4.21968, -0.71185, 952.30670, 41.89166, 39.82820, 11.47016
-4.21968, -1.42370, 952.30670, 42.42194, 39.36710, 11.47016
-4.21968, -0.71185, 949.24462, 42.42194, 39.36710, 11.24075
-3.51640, -0.71185, 949.24462, 42.42194, 39.36710, 11.24075
-3.51640, -0.71185, 952.30670, 42.42194, 38.90599, 11.24075
-3.51640, -1.42370, 952.30670, 41.89166, 39.36710, 11.24075
-3.51640, -1.42370, 952.30670, 42.42194, 39.36710, 11.24075
-3.51640, -0.71185, 952.30670, 42.42194, 39.36710, 11.24075
-3.51640, -0.71185, 949.24462, 42.42194, 38.90599, 11.47016
-3.51640, -0.71185, 949.24462, 42.42194, 38.90599, 11.24075
-3.51640, -0.71185, 952.30670, 42.42194, 38.90599, 11.24075
-4.21968, -0.71185, 952.30670, 42.42194, 38.90599, 11.24075
-3.51640, -1.42370, 952.30670, 42.42194, 38.90599, 11.24075
-3.51640, -1.42370, 949.24462, 42.42194, 38.90599, 11.24075
-4.21968, -0.71185, 949.24462, 41.89166, 38.90599, 11.24075
-3.51640, -0.71185, 949.24462, 41.89166, 38.44488, 11.24075
-2.81312, -0.71185, 949.24462, 40.83111, 38.44488, 11.24075
-2.81312, -1.42370, 952.30670, 41.36139, 38.44488, 11.01135
-2.81312, -1.42370, 949.24462, 41.36139, 38.44488, 11.01135
-2.81312, -1.42370, 949.24462, 41.36139, 38.44488, 11.24075
-2.81312, -1.42370, 949.24462, 41.36139, 38.44488, 11.24075
-2.81312, -1.42370, 952.30670, 40.83111, 38.44488, 11.47016
-2.81312, -1.42370, 952.30670, 40.83111, 38.44488, 11.24075
-3.51640, -1.42370, 952.30670, 40.30084, 37.98377, 11.24075
-2.81312, -2.13555, 949.24462, 40.30084, 38.44488, 11.01135
-3.51640, -1.42370, 949.24462, 40.30084, 38.44488, 11.01135
-2.81312, -2.13555, 952.30670, 39.77057, 37.98377, 11.24075
-3.51640, -1.42370, 952.30670, 39.77057, 38.44488, 11.24075
-3.51640, -1.42370, 952.30670, 39.77057, 38.44488, 11.01135
-2.81312, -2.13555, 949.24462, 38.71002, 38.44488, 11.24075
-2.81312, -2.13555, 952.30670, 39.24029, 38.44488, 11.24075
-2.81312, -2.13555, 949.24462, 38.71002, 38.44488, 11.47016
-2.81312, -2.84740, 952.30670, 38.71002, 38.90599, 11.69956
-2.81312, -2.13555, 949.24462, 38.71002, 38.90599, 11.69956
-2.81312, -2.84740, 952.30670, 38.17974, 39.36710, 11.69956
-3.51640, -2.84740, 949.24462, 38.17974, 39.82820, 11.47016
-3.51640, -3.55925, 949.24462, 37.64947, 39.82820, 11.47016
-3.51640, -3.55925, 949.24462, 38.17974, 39.82820, 11.47016
-3.51640, -3.55925, 952.30670, 38.17974, 40.28931, 11.69956
-4.21968, -2.84740, 952.30670, 37.64947, 40.75042, 11.47016
-4.21968, -2.84740, 952.30670, 37.11919, 40.75042, 11.69956
-4.21968, -2.84740, 952.30670, 37.64947, 41.21153, 11.47016
-4.92295, -2.84740, 949.24462, 37.64947, 41.67264, 11.69956
-4.92295, -2.84740, 949.24462, 37.64947, 41.67264, 11.69956
-5.62623, -2.84740, 949.24462, 37.64947, 42.13374, 11.69956
-5.62623, -2.84740, 952.30670, 38.17974, 42.59485, 11.69956
-5.62623, -2.84740, 952.30670, 37.64947, 42.13374, 11.47016
-4.92295, -2.84740, 949.24462, 38.71002, 42.59485, 11.24075
-4.92295, -2.13555, 949.24462, 38.71002, 42.59485, 11.47016
-5.62623, -2.13555, 949.24462, 38.71002, 43.05596, 11.24075
-6.32951, -2.84740, 952.30670, 38.71002, 43.51707, 11.24075
-6.32951, -2.13555, 949.24462, 39.24029, 43.05596, 11.47016
-5.62623, -1.42370, 949.24462, 39.24029, 43.05596, 11.47016
-4.92295, -2.13555, 952.30670, 39.77057, 42.59485, 11.47016
-4.92295, -2.13555, 952.30670, 39.24029, 42.59485, 11.47016
-4.92295, -2.13555, 949.24462, 39.77057, 42.59485, 11.24075
-4.92295, -1.42370, 952.30670, 40.30084, 42.13374, 11.24075
-4.92295, -2.13555, 952.30670, 40.30084, 42.13374, 11.24075
-4.21968, -1.42370, 949.24462, 40.83111, 41.67264, 11.01135
-4.21968, -1.42370, 952.30670, 40.83111, 41.21153, 11.24075
-4.92295, -0.71185, 952.30670, 40.83111, 41.21153, 11.01135
-4.92295,  0.00000, 952.30670, 41.36139, 41.21153, 11.24075
-4.92295, -0.71185, 952.30670, 41.89166, 41.21153, 11.01135
-4.92295, -0.71185, 952.30670, 41.89166, 40.75042, 10.78195
-4.21968, -1.42370, 949.24462, 41.36139, 40.28931, 11.01135
-3.51640, -1.42370, 952.30670, 41.36139, 40.28931, 11.01135
-3.51640, -1.42370, 952.30670, 41.36139, 39.82820, 11.01135
-4.21968, -1.42370, 952.30670, 41.36139, 39.82820, 11.24075
-4.21968, -1.42370, 952.30670, 41.36139, 39.36710, 11.24075
-3.51640, -1.42370, 949.24462, 41.36139, 38.90599, 11.47016
-3.51640, -1.42370, 949.24462, 41.36139, 38.90599, 11.24075
-2.81312, -2.13555, 952.30670, 41.36139, 38.44488, 11.47016
-2.81312, -2.13555, 949.24462, 40.83111, 38.44488, 11.24075
-3.51640, -2.13555, 952.30670, 41.36139, 38.44488, 11.24075
-3.51640, -1.42370, 952.30670, 41.36139, 37.98377, 11.47016
-3.51640, -1.42370, 952.30670, 41.89166, 37.98377, 11.47016
-2.81312, -1.42370, 952.30670, 41.36139, 37.98377, 11.47016
-2.81312, -0.71185, 952.30670, 41.36139, 37.52266, 11.24075
-2.81312, -1.42370, 952.30670, 41.89166, 37.52266, 11.24075
-3.51640, -0.71185, 952.30670, 41.36139, 37.52266, 11.24075
-2.81312, -0.71185, 952.30670, 41.89166, 37.52266, 11.24075
-2.81312, -0.71185, 949.24462, 41.89166, 37.52266, 11.24075
-2.81312, -0.71185, 949.24462, 41.36139, 37.52266, 11.24075
-2.81312, -1.42370, 949.24462, 41.36139, 37.06156, 11.24075
-2.81312, -2.13555, 949.24462, 41.36139, 37.06156, 11.01135
-2.81312, -1.42370, 949.24462, 41.36139, 37.52266, 11.24075
-2.81312, -1.42370, 949.24462, 41.89166, 37.06156, 11.01135
-2.81312, -1.42370, 949.24462, 41.36139, 37.52266, 11.24075
