
-4.92295, -1.42370, 902.16515, 15.70937, 33.19978, 13.30538
-4.92295, -1.42370, 902.16515, 16.23965, 33.19978, 13.30538
-4.92295, -1.42370, 902.16515, 15.70937, 32.73867, 13.07598
-4.92295, -0.71185, 905.22723, 16.23965, 33.19978, 13.30538
-5.62623, -0.71185, 902.16515, 16.23965, 33.19978, 13.07598
-5.62623, -1.42370, 902.16515, 15.70937, 33.19978, 13.07598
-5.62623, -1.42370, 902.16515, 15.70937, 33.66088, 13.07598
-4.92295, -2.13555, 902.16515, 15.70937, 33.66088, 13.07598
-4.92295, -2.13555, 902.16515, 15.70937, 33.66088, 13.07598
-5.62623, -1.42370, 902.16515, 15.70937, 33.19978, 13.07598
-4.92295, -1.42370, 905.22723, 15.70937, 33.66088, 13.07598
-5.62623, -1.42370, 902.16515, 16.23965, 33.66088, 13.07598
-5.62623, -1.42370, 902.16515, 16.23965, 33.66088, 13.30538
-5.62623, -1.42370, 905.22723, 15.70937, 34.12199, 13.30538
-5.62623, -1.42370, 905.22723, 15.17910, 34.12199, 13.53479
-6.32951, -1.42370, 902.16515, 15.70937, 34.12199, 13.30538
-6.32951, -1.42370, 902.16515, 15.70937, 34.12199, 13.30538
-5.62623, -1.42370, 899.10307, 15.70937, 34.12199, 13.53479
-6.32951, -1.42370, 902.16515, 15.70937, 34.12199, 13.30538
-6.32951, -1.42370, 902.16515, 15.70937, 34.58310, 13.53479
-6.32951, -2.13555, 899.10307, 15.70937, 34.58310, 13.30538
-6.32951, -1.42370, 902.16515, 15.70937, 34.58310, 13.53479
-6.32951, -1.42370, 902.16515, 15.70937, 34.58310, 13.30538
-5.62623, -1.42370, 902.16515, 15.70937, 34.58310, 13.53479
-6.32951, -1.42370, 902.16515, 15.70937, 34.58310, 13.30538
-6.32951, -1.42370, 902.16515, 16.23965, 34.58310, 13.30538
-6.32951, -0.71185, 902.16515, 16.23965, 34.58310, 13.30538
-6.32951, -1.42370, 902.16515, 15.70937, 34.58310, 13.30538
-6.32951, -1.42370, 902.16515, 15.70937, 34.58310, 13.30538
-5.62623, -0.71185, 902.16515, 16.23965, 34.58310, 13.30538
-5.62623, -1.42370, 902.16515, 16.23965, 34.58310, 13.07598
-6.32951, -0.71185, 902.16515, 15.70937, 34.58310, 13.07598
-5.62623, -0.71185, 902.16515, 15.70937, 34.12199, 13.07598
-5.62623,  0.00000, 902.16515, 15.70937, 34.12199, 13.07598
-5.62623, -0.71185, 905.22723, 15.70937, 34.12199, 13.07598
-5.62623, -0.71185, 902.16515, 15.70937, 33.66088, 13.07598
-5.62623, -1.42370, 902.16515, 15.70937, 34.12199, 13.07598
-5.62623, -1.42370, 902.16515, 15.17910, 33.66088, 13.07598
-5.62623, -2.13555, 902.16515, 15.17910, 33.66088, 13.07598
-6.32951, -1.42370, 905.22723, 15.17910, 33.66088, 13.07598
-4.92295, -2.13555, 902.16515, 15.17910, 33.66088, 12.84658
-5.62623, -1.42370, 902.16515, 15.17910, 33.19978, 13.07598
-4.92295, -1.42370, 902.16515, 15.17910, 33.66088, 13.07598
-5.62623, -1.42370, 902.16515, 15.17910, 33.66088, 13.07598
-5.62623, -1.42370, 902.16515, 14.64882, 33.66088, 13.07598
-4.92295, -2.13555, 902.16515, 14.64882, 33.66088, 13.07598
-4.92295, -2.13555, 905.22723, 14.11855, 33.66088, 13.07598
-4.92295, -1.42370, 905.22723, 14.11855, 33.66088, 13.07598
-4.92295, -2.13555, 905.22723, 14.64882, 33.66088, 13.30538
-5.62623, -2.13555, 902.16515, 14.64882, 33.66088, 13.07598
-5.62623, -2.13555, 905.22723, 14.11855, 33.66088, 13.30538
-6.32951, -2.13555, 905.22723, 14.11855, 33.66088, 13.07598
-5.62623, -1.42370, 902.16515, 14.11855, 33.66088, 13.07598
-5.62623, -1.42370, 902.16515, 14.11855, 33.66088, 13.07598
-5.62623, -1.42370, 899.10307, 14.11855, 33.66088, 13.07598
-5.62623, -2.13555, 902.16515, 14.11855, 33.66088, 13.53479
-5.62623, -2.13555, 902.16515, 14.11855, 34.12199, 13.30538
-4.92295, -2.84740, 899.10307, 13.58828, 33.66088, 13.30538
-5.62623, -2.84740, 902.16515, 13.58828, 33.66088, 13.30538
-4.92295, -2.84740, 902.16515, 13.58828, 33.66088, 13.53479
-4.92295, -2.84740, 905.22723, 13.58828, 33.66088, 13.53479
-4.92295, -2.13555, 905.22723, 13.58828, 33.66088, 13.53479
-4.92295, -2.84740, 905.22723, 13.05800, 33.19978, 13.53479
-4.92295, -2.13555, 905.22723, 13.58828, 33.66088, 13.30538
-5.62623, -2.13555, 902.16515, 13.58828, 33.66088, 13.30538
-4.92295, -2.13555, 902.16515, 13.58828, 33.19978, 13.53479
-4.92295, -2.13555, 902.16515, 13.58828, 33.19978, 13.30538
-4.92295, -2.13555, 902.16515, 13.58828, 33.66088, 13.53479
-4.92295, -2.84740, 902.16515, 13.58828, 33.19978, 13.53479
-5.62623, -2.13555, 902.16515, 13.58828, 33.19978, 13.53479
-5.62623, -2.13555, 902.16515, 13.58828, 33.66088, 13.30538
-4.92295, -2.84740, 905.22723, 13.58828, 33.19978, 13.30538
-4.92295, -2.84740, 905.22723, 13.58828, 33.66088, 13.30538
-5.62623, -2.84740, 905.22723, 13.58828, 33.19978, 13.30538
-5.62623, -2.84740, 905.22723, 13.58828, 33.19978, 13.30538
-5.62623, -2.84740, 905.22723, 13.05800, 33.19978, 13.30538
-4.92295, -2.84740, 902.16515, 13.58828, 33.19978, 13.07598
-4.92295, -2.13555, 902.16515, 14.11855, 32.73867, 12.84658
-4.92295, -2.13555, 902.16515, 14.11855, 33.19978, 13.07598
-4.92295, -2.13555, 902.16515, 14.11855, 32.73867, 13.07598
-4.92295, -2.13555, 902.16515, 14.11855, 33.19978, 13.07598
-4.92295, -2.84740, 902.16515, 14.11855, 33.19978, 13.07598
-4.92295, -2.84740, 905.22723, 14.11855, 33.19978, 13.07598
-5.62623, -2.84740, 905.22723, 14.64882, 33.19978, 13.07598
-4.92295, -2.13555, 905.22723, 14.64882, 33.19978, 13.07598
-4.21968, -1.42370, 905.22723, 14.64882, 33.19978, 13.07598
-4.92295, -2.84740, 905.22723, 15.17910, 33.19978, 13.07598
-4.92295, -2.13555, 905.22723, 14.64882, 33.66088, 13.07598
-4.21968, -2.13555, 905.22723, 15.17910, 33.19978, 13.07598
-4.92295, -1.42370, 902.16515, 16.23965, 32.73867, 13.07598
-4.92295, -1.42370, 905.22723, 16.23965, 32.73867, 13.07598
-4.92295, -0.71185, 902.16515, 16.23965, 33.19978, 13.30538
-4.92295, -2.13555, 902.16515, 16.23965, 33.19978, 13.07598
-4.92295, -2.13555, 902.16515, 16.23965, 33.66088, 13.30538
-4.92295, -2.84740, 902.16515, 15.70937, 33.19978, 13.30538
-4.92295, -2.13555, 905.22723, 16.23965, 33.19978, 13.30538
-4.92295, -2.84740, 905.22723, 16.23965, 33.19978, 13.30538
-4.92295, -2.13555, 905.22723, 16.23965, 33.19978, 13.30538
-4.92295, -2.13555, 905.22723, 16.76992, 33.66088, 13.30538
-4.92295, -2.13555, 905.22723, 16.76992, 33.66088, 13.30538
-4.92295, -2.13555, 905.22723, 16.76992, 33.19978, 13.30538
-4.92295, -2.13555, 905.22723, 16.76992, 33.19978, 13.07598
-4.21968, -1.42370, 905.22723, 16.76992, 33.19978, 13.07598
-4.92295, -0.71185, 902.16515, 17.30020, 33.19978, 13.30538
-4.21968, -1.42370, 902.16515, 17.30020, 33.19978, 13.30538
-4.92295, -1.42370, 905.22723, 17.30020, 33.19978, 13.30538
-4.92295, -2.13555, 905.22723, 16.76992, 33.19978, 13.30538
-4.92295, -2.13555, 908.28931, 17.30020, 33.66088, 13.07598
-4.92295, -2.13555, 908.28931, 17.83047, 33.66088, 13.07598
-4.92295, -2.13555, 902.16515, 18.36074, 33.19978, 13.30538
-4.92295, -2.13555, 905.22723, 18.36074, 33.19978, 13.30538
-4.92295, -2.13555, 905.22723, 18.36074, 33.19978, 13.07598
-4.92295, -2.13555, 905.22723, 17.83047, 33.19978, 13.07598
-4.92295, -2.13555, 905.22723, 18.36074, 33.19978, 13.30538
-4.92295, -1.42370, 905.22723, 18.89102, 33.66088, 13.30538
-4.92295, -1.42370, 905.22723, 18.89102, 33.66088, 13.30538
-5.62623, -2.13555, 902.16515, 18.89102, 33.19978, 13.30538
-4.92295, -2.13555, 905.22723, 18.89102, 33.66088, 13.30538
-4.92295, -2.84740, 905.22723, 19.42129, 33.19978, 13.30538
-4.92295, -1.42370, 908.28931, 19.95157, 33.66088, 13.30538
-4.92295, -0.71185, 905.22723, 20.48184, 33.19978, 13.30538
-4.21968,  0.00000, 905.22723, 21.01212, 33.19978, 13.30538
-4.21968,  0.00000, 905.22723, 21.54239, 33.19978, 13.30538
-4.92295,  0.00000, 905.22723, 21.54239, 33.19978, 13.30538
-4.92295,  0.00000, 902.16515, 22.07266, 32.73867, 13.30538
-4.92295,  0.71185, 905.22723, 22.07266, 32.73867, 13.07598
-4.92295,  0.00000, 905.22723, 22.07266, 33.19978, 13.07598
-4.92295,  0.00000, 905.22723, 22.07266, 33.19978, 13.07598
-4.92295, -0.71185, 902.16515, 22.07266, 33.66088, 12.84658
-4.92295, -0.71185, 902.16515, 22.07266, 33.66088, 13.07598
-4.92295, -0.71185, 905.22723, 22.07266, 33.19978, 13.07598
-4.92295, -0.71185, 905.22723, 21.54239, 33.66088, 13.07598
-4.21968, -0.71185, 905.22723, 22.07266, 33.66088, 12.84658
-4.92295, -0.71185, 905.22723, 22.07266, 33.66088, 12.84658
-4.92295, -0.71185, 905.22723, 22.07266, 33.66088, 13.07598
-4.92295,  0.00000, 902.16515, 22.07266, 33.66088, 13.07598
-4.92295,  0.00000, 905.22723, 22.07266, 34.12199, 13.07598
-4.92295, -0.71185, 905.22723, 21.54239, 33.66088, 13.07598
-4.92295, -0.71185, 905.22723, 22.07266, 33.66088, 12.84658
-5.62623, -0.71185, 905.22723, 21.54239, 34.12199, 12.84658
-4.21968, -0.71185, 905.22723, 22.07266, 34.12199, 13.07598
-4.92295, -0.71185, 905.22723, 21.54239, 34.12199, 12.84658
-5.62623, -0.71185, 902.16515, 21.54239, 33.66088, 13.07598
-4.92295, -0.71185, 905.22723, 21.54239, 33.66088, 13.07598
-4.92295, -1.42370, 902.16515, 21.54239, 34.12199, 13.07598
-4.92295, -1.42370, 905.22723, 21.01212, 33.66088, 13.07598
-4.92295, -1.42370, 905.22723, 21.01212, 33.66088, 13.07598
-4.92295, -1.42370, 902.16515, 21.01212, 33.66088, 13.07598
-4.92295, -0.71185, 905.22723, 21.54239, 33.66088, 13.07598
-5.62623, -0.71185, 905.22723, 21.54239, 33.66088, 13.07598
-4.92295, -1.42370, 902.16515, 21.54239, 33.19978, 13.07598
-4.92295, -0.71185, 905.22723, 21.01212, 33.66088, 13.07598
-4.92295, -1.42370, 905.22723, 21.54239, 33.19978, 13.07598
-4.92295, -0.71185, 905.22723, 21.54239, 33.19978, 12.84658
-4.92295, -1.42370, 905.22723, 21.54239, 33.19978, 12.84658
-4.92295, -1.42370, 905.22723, 21.54239, 33.19978, 13.07598
-4.92295, -1.42370, 905.22723, 21.01212, 33.19978, 12.84658
-4.92295, -1.42370, 905.22723, 21.01212, 33.19978, 13.07598
-4.92295, -0.71185, 905.22723, 21.01212, 32.73867, 13.07598
-4.92295, -1.42370, 905.22723, 20.48184, 33.19978, 13.07598
-4.92295, -1.42370, 905.22723, 21.01212, 32.73867, 13.07598
-4.92295, -1.42370, 905.22723, 20.48184, 33.19978, 13.07598
-4.92295, -0.71185, 905.22723, 21.01212, 32.73867, 13.07598
-4.92295, -0.71185, 902.16515, 21.01212, 32.73867, 13.07598
-4.92295, -0.71185, 902.16515, 20.48184, 32.73867, 13.07598
-4.92295, -0.71185, 902.16515, 21.01212, 32.73867, 13.30538
-4.92295, -1.42370, 902.16515, 20.48184, 32.27756, 13.07598
-4.92295, -1.42370, 905.22723, 20.48184, 32.27756, 13.07598
-5.62623, -0.71185, 905.22723, 20.48184, 32.73867, 13.07598
-4.92295, -1.42370, 905.22723, 20.48184, 32.27756, 13.30538
-4.92295, -1.42370, 908.28931, 19.95157, 32.73867, 13.30538
-4.21968, -1.42370, 905.22723, 20.48184, 32.27756, 13.30538
-4.92295, -0.71185, 905.22723, 19.95157, 32.27756, 13.07598
-4.21968, -0.71185, 905.22723, 19.95157, 32.27756, 13.30538
-4.21968, -0.71185, 905.22723, 19.95157, 32.27756, 13.30538
-4.92295,  0.00000, 905.22723, 20.48184, 32.27756, 13.07598
-4.21968, -0.71185, 905.22723, 19.95157, 31.81645, 13.07598
-4.21968, -0.71185, 902.16515, 19.95157, 32.27756, 13.07598
-4.92295, -1.42370, 905.22723, 19.42129, 32.27756, 13.07598
-4.21968, -1.42370, 905.22723, 19.42129, 31.81645, 13.30538
-4.21968, -1.42370, 905.22723, 18.89102, 32.27756, 13.07598
-4.21968, -2.13555, 905.22723, 18.89102, 32.27756, 13.07598
-4.21968, -2.13555, 908.28931, 18.36074, 32.27756, 13.07598
-4.21968, -1.42370, 905.22723, 18.89102, 32.27756, 13.07598
-4.21968, -2.13555, 905.22723, 18.36074, 31.81645, 13.30538
-4.92295, -2.13555, 905.22723, 18.36074, 32.27756, 13.07598
-4.21968, -1.42370, 902.16515, 18.36074, 31.81645, 13.30538
-4.21968, -1.42370, 905.22723, 17.83047, 32.27756, 13.07598
-4.21968, -1.42370, 905.22723, 18.36074, 32.27756, 13.07598
-4.92295, -1.42370, 905.22723, 17.30020, 32.27756, 13.07598
-4.92295, -2.13555, 905.22723, 17.30020, 32.27756, 13.07598
-4.92295, -2.13555, 905.22723, 16.76992, 32.27756, 13.07598
-4.21968, -2.84740, 905.22723, 16.76992, 32.27756, 13.30538
-4.92295, -2.13555, 905.22723, 16.76992, 32.27756, 13.07598
-4.92295, -2.13555, 905.22723, 16.76992, 32.27756, 13.07598
-4.21968, -2.13555, 905.22723, 16.76992, 32.27756, 13.07598
-4.92295, -2.13555, 905.22723, 16.76992, 32.27756, 13.07598
-4.92295, -2.13555, 905.22723, 15.70937, 32.27756, 13.30538
-4.92295, -2.84740, 908.28931, 15.70937, 32.27756, 13.07598
-4.92295, -2.13555, 905.22723, 15.70937, 32.27756, 13.07598
-4.92295, -2.13555, 905.22723, 16.23965, 32.27756, 13.30538
-4.92295, -2.13555, 902.16515, 15.70937, 31.81645, 13.07598
-4.92295, -2.13555, 902.16515, 15.70937, 31.81645, 13.07598
-4.92295, -2.84740, 902.16515, 15.70937, 31.81645, 13.07598
-4.92295, -2.84740, 902.16515, 15.17910, 32.27756, 13.30538
-4.92295, -3.55925, 905.22723, 15.17910, 32.27756, 13.30538
-4.92295, -2.84740, 905.22723, 15.17910, 32.27756, 13.30538
-4.92295, -2.84740, 905.22723, 15.17910, 32.73867, 13.30538
-4.21968, -2.84740, 905.22723, 15.17910, 32.27756, 13.30538
-4.92295, -2.84740, 905.22723, 15.17910, 32.73867, 13.30538
-4.92295, -2.84740, 905.22723, 15.17910, 32.73867, 13.30538
-4.92295, -2.13555, 905.22723, 15.70937, 32.73867, 13.07598
-4.92295, -2.13555, 905.22723, 15.17910, 32.73867, 13.07598
-4.92295, -2.13555, 905.22723, 15.70937, 32.27756, 13.30538
-5.62623, -2.13555, 905.22723, 15.70937, 32.73867, 13.07598
-4.92295, -2.84740, 902.16515, 15.70937, 32.73867, 13.07598
-4.92295, -2.13555, 905.22723, 15.70937, 32.73867, 13.30538
-5.62623, -2.13555, 902.16515, 15.17910, 32.27756, 13.30538
-5.62623, -1.42370, 902.16515, 15.70937, 32.27756, 13.30538
-4.92295, -1.42370, 905.22723, 15.70937, 32.73867, 13.07598
-4.92295, -2.13555, 905.22723, 15.70937, 32.73867, 13.30538
-5.62623, -2.13555, 905.22723, 15.70937, 32.73867, 13.07598
-4.92295, -1.42370, 905.22723, 16.23965, 32.73867, 13.30538
-5.62623, -1.42370, 905.22723, 15.70937, 32.73867, 13.30538
-4.92295, -1.42370, 905.22723, 15.70937, 32.73867, 13.30538
-4.92295, -1.42370, 905.22723, 15.70937, 32.27756, 13.30538
-4.92295, -1.42370, 905.22723, 15.70937, 32.27756, 13.30538
-4.92295, -1.42370, 905.22723, 15.17910, 32.27756, 13.30538
-4.92295, -1.42370, 905.22723, 15.70937, 32.27756, 13.07598
-4.92295, -1.42370, 905.22723, 15.70937, 32.27756, 13.07598
-4.92295, -2.13555, 905.22723, 15.70937, 32.27756, 13.07598
-4.92295, -1.42370, 905.22723, 15.70937, 31.81645, 13.30538
-4.92295, -1.42370, 905.22723, 15.70937, 32.27756, 13.30538
-4.92295, -2.13555, 905.22723, 15.70937, 32.27756, 13.30538
-4.21968, -2.13555, 905.22723, 15.17910, 32.27756, 13.30538
-4.21968, -2.13555, 908.28931, 15.70937, 32.27756, 13.30538
-4.92295, -1.42370, 905.22723, 15.70937, 32.27756, 13.30538
-4.92295, -1.42370, 902.16515, 15.70937, 32.27756, 13.30538
-4.92295, -2.13555, 902.16515, 15.70937, 32.27756, 13.30538
-4.92295, -1.42370, 902.16515, 15.70937, 32.27756, 13.07598
-4.92295, -1.42370, 902.16515, 15.70937, 32.73867, 13.30538
-4.92295, -1.42370, 902.16515, 15.17910, 32.73867, 13.07598
-4.92295, -2.13555, 905.22723, 15.17910, 32.73867, 13.30538
-4.92295, -1.42370, 905.22723, 15.17910, 32.73867, 13.07598
-5.62623, -2.84740, 905.22723, 15.17910, 32.73867, 13.30538
-4.92295, -2.13555, 908.28931, 15.17910, 33.19978, 13.07598
-4.92295, -2.13555, 905.22723, 15.17910, 32.73867, 13.30538
-4.92295, -2.13555, 905.22723, 15.17910, 33.19978, 13.30538
-4.92295, -0.71185, 905.22723, 15.70937, 33.19978, 13.07598
-5.62623, -0.71185, 905.22723, 15.70937, 33.19978, 13.07598
-4.92295, -0.71185, 905.22723, 15.17910, 33.19978, 13.07598
-5.62623, -1.42370, 902.16515, 15.70937, 33.19978, 13.07598
-5.62623, -1.42370, 905.22723, 15.17910, 33.19978, 13.07598
-4.92295, -2.13555, 905.22723, 14.64882, 33.66088, 13.07598
-5.62623, -2.84740, 905.22723, 14.64882, 33.19978, 13.30538
-4.92295, -2.84740, 902.16515, 14.64882, 33.19978, 13.07598
-5.62623, -2.84740, 905.22723, 14.64882, 33.19978, 13.30538
-5.62623, -2.84740, 905.22723, 14.64882, 33.19978, 13.30538
-5.62623, -2.84740, 905.22723, 14.64882, 33.66088, 13.30538
-5.62623, -2.84740, 905.22723, 14.11855, 33.19978, 13.07598
-5.62623, -2.84740, 905.22723, 14.11855, 33.66088, 13.07598
-5.62623, -2.84740, 905.22723, 14.64882, 33.66088, 13.30538
-5.62623, -2.84740, 902.16515, 14.64882, 33.66088, 13.30538
-5.62623, -2.13555, 902.16515, 14.11855, 33.19978, 13.30538
-4.92295, -2.13555, 905.22723, 14.64882, 33.19978, 13.30538
-4.92295, -2.13555, 902.16515, 15.17910, 33.19978, 13.30538
-5.62623, -2.84740, 908.28931, 14.64882, 33.66088, 13.30538
-4.92295, -2.13555, 905.22723, 14.64882, 33.66088, 13.07598
-4.92295, -2.13555, 905.22723, 15.17910, 33.19978, 13.07598
-4.92295, -2.13555, 908.28931, 15.17910, 33.19978, 13.07598
-4.92295, -1.42370, 905.22723, 15.17910, 33.19978, 13.07598
-4.92295, -1.42370, 908.28931, 15.17910, 33.19978, 13.30538
-5.62623, -2.84740, 905.22723, 15.17910, 33.19978, 13.07598
-4.92295, -2.13555, 905.22723, 15.17910, 32.73867, 13.07598
-4.92295, -2.13555, 905.22723, 15.17910, 32.73867, 13.07598
-4.92295, -2.84740, 902.16515, 15.17910, 32.73867, 13.07598
-4.92295, -2.13555, 902.16515, 15.70937, 33.19978, 13.07598
-5.62623, -2.84740, 899.10307, 15.70937, 32.73867, 13.07598
-5.62623, -2.84740, 899.10307, 15.70937, 32.73867, 13.07598
-4.92295, -2.84740, 905.22723, 15.70937, 32.73867, 13.30538
-4.92295, -2.84740, 905.22723, 15.70937, 32.73867, 13.30538
-4.92295, -2.13555, 905.22723, 16.23965, 32.73867, 13.30538
-4.92295, -1.42370, 905.22723, 16.76992, 32.73867, 13.07598
-4.21968, -1.42370, 905.22723, 16.76992, 32.73867, 13.07598
-4.21968, -1.42370, 905.22723, 17.30020, 32.27756, 13.30538
-4.92295, -0.71185, 905.22723, 17.83047, 32.27756, 13.30538
-4.21968, -0.71185, 905.22723, 17.83047, 32.27756, 13.30538
-4.21968, -0.71185, 905.22723, 17.30020, 32.27756, 13.07598
-4.21968, -0.71185, 902.16515, 17.83047, 32.27756, 13.30538
-4.21968, -0.71185, 905.22723, 17.83047, 32.27756, 13.30538
-4.92295, -1.42370, 905.22723, 17.30020, 32.27756, 13.07598
-4.21968, -1.42370, 905.22723, 17.83047, 32.27756, 13.07598
-4.92295, -1.42370, 905.22723, 17.30020, 32.27756, 13.07598
-4.92295, -1.42370, 905.22723, 17.30020, 32.27756, 12.84658
-4.92295, -1.42370, 905.22723, 17.83047, 32.73867, 13.07598
-4.92295, -1.42370, 902.16515, 17.83047, 32.73867, 13.07598
-5.62623, -1.42370, 902.16515, 17.83047, 32.73867, 13.07598
-4.92295, -1.42370, 902.16515, 17.83047, 32.73867, 13.07598
-4.92295, -1.42370, 905.22723, 17.83047, 32.73867, 13.07598
-4.92295, -1.42370, 905.22723, 18.36074, 32.73867, 13.07598
-4.92295, -0.71185, 905.22723, 18.36074, 32.73867, 12.84658
-4.92295, -0.71185, 905.22723, 18.89102, 32.73867, 13.07598
-5.62623, -1.42370, 905.22723, 18.36074, 33.19978, 13.07598
-4.92295, -1.42370, 905.22723, 18.36074, 32.73867, 13.30538
-5.62623, -1.42370, 905.22723, 18.36074, 33.19978, 13.07598
-5.62623, -1.42370, 905.22723, 18.89102, 33.19978, 13.07598
-5.62623, -0.71185, 905.22723, 18.36074, 33.19978, 13.07598
-5.62623, -1.42370, 905.22723, 18.36074, 33.66088, 13.07598
-5.62623, -0.71185, 902.16515, 18.89102, 33.19978, 13.07598
-5.62623, -1.42370, 902.16515, 18.36074, 33.66088, 13.07598
-5.62623, -0.71185, 905.22723, 18.36074, 33.19978, 13.07598
-6.32951, -0.71185, 902.16515, 18.36074, 33.66088, 13.07598
-5.62623, -0.71185, 902.16515, 18.89102, 33.19978, 13.07598
-5.62623, -0.71185, 905.22723, 18.36074, 33.66088, 13.30538
-5.62623, -1.42370, 905.22723, 18.36074, 33.19978, 13.30538
-5.62623, -1.42370, 905.22723, 18.36074, 33.66088, 13.30538
-5.62623, -1.42370, 905.22723, 18.36074, 33.66088, 13.30538
-5.62623, -0.71185, 905.22723, 18.89102, 33.19978, 13.30538
-4.92295, -0.71185, 905.22723, 18.89102, 33.19978, 13.30538
-5.62623, -0.71185, 905.22723, 18.89102, 33.19978, 13.07598
-5.62623, -1.42370, 905.22723, 18.89102, 33.19978, 13.07598
-4.92295, -1.42370, 905.22723, 18.36074, 33.19978, 13.07598
-5.62623, -0.71185, 905.22723, 18.36074, 33.19978, 13.07598
-4.92295, -0.71185, 905.22723, 18.36074, 33.19978, 13.07598
-4.92295, -0.71185, 905.22723, 18.36074, 33.66088, 13.07598
-5.62623, -1.42370, 905.22723, 18.36074, 33.19978, 13.07598
-5.62623, -1.42370, 902.16515, 18.36074, 33.19978, 13.07598
-5.62623, -2.13555, 905.22723, 17.83047, 33.19978, 13.07598
-5.62623, -2.13555, 905.22723, 17.30020, 33.19978, 13.07598
-5.62623, -1.42370, 905.22723, 17.30020, 33.66088, 13.07598
-4.92295, -2.13555, 905.22723, 17.83047, 33.19978, 13.07598
-5.62623, -2.13555, 905.22723, 17.83047, 33.19978, 13.07598
-5.62623, -2.13555, 905.22723, 17.83047, 33.19978, 13.07598
-5.62623, -1.42370, 905.22723, 17.30020, 33.19978, 13.30538
-4.92295, -2.13555, 905.22723, 17.30020, 32.73867, 13.07598
-4.92295, -2.13555, 905.22723, 17.83047, 32.73867, 13.07598
-4.92295, -1.42370, 902.16515, 17.30020, 32.73867, 12.84658
-4.92295, -2.13555, 905.22723, 17.30020, 33.19978, 13.07598
-5.62623, -2.13555, 905.22723, 17.30020, 32.73867, 13.07598
-4.92295, -2.13555, 908.28931, 17.30020, 32.73867, 13.07598
-5.62623, -2.13555, 905.22723, 16.76992, 32.27756, 13.07598
-4.92295, -1.42370, 908.28931, 17.30020, 32.73867, 13.30538
-4.92295, -1.42370, 905.22723, 17.30020, 32.73867, 13.07598
-4.92295, -1.42370, 908.28931, 17.30020, 32.27756, 13.07598
-4.92295, -2.13555, 908.28931, 17.30020, 32.73867, 13.07598
-5.62623, -2.13555, 905.22723, 17.30020, 32.27756, 13.30538
-4.92295, -2.13555, 905.22723, 17.83047, 32.27756, 13.30538
-4.92295, -1.42370, 905.22723, 17.30020, 32.27756, 13.07598
-4.92295, -1.42370, 902.16515, 17.30020, 32.27756, 13.07598
-4.92295, -1.42370, 902.16515, 17.83047, 32.27756, 13.07598
-4.92295, -2.13555, 902.16515, 17.30020, 32.27756, 13.30538
-4.92295, -1.42370, 902.16515, 17.30020, 32.27756, 13.07598
-4.92295, -2.13555, 905.22723, 17.83047, 32.27756, 13.07598
-4.92295, -2.13555, 905.22723, 17.30020, 32.27756, 13.07598
-4.92295, -1.42370, 905.22723, 17.83047, 32.27756, 13.07598
-4.92295, -1.42370, 905.22723, 17.83047, 32.27756, 12.84658
-4.92295, -0.71185, 905.22723, 17.83047, 32.27756, 13.07598
-4.21968, -0.71185, 905.22723, 17.83047, 31.81645, 13.07598
-4.92295, -0.71185, 902.16515, 17.83047, 31.81645, 13.07598
-4.92295, -1.42370, 905.22723, 17.83047, 31.81645, 13.07598
-4.92295, -0.71185, 908.28931, 17.83047, 32.27756, 13.07598
-4.92295, -1.42370, 908.28931, 17.83047, 32.27756, 13.07598
-4.92295, -0.71185, 905.22723, 17.83047, 31.81645, 13.07598
-4.92295, -0.71185, 905.22723, 17.30020, 32.27756, 13.07598
-4.92295, -1.42370, 905.22723, 17.83047, 32.27756, 13.07598
-4.92295, -2.13555, 905.22723, 17.30020, 32.27756, 13.07598
-4.92295, -1.42370, 905.22723, 17.30020, 32.27756, 13.07598
-4.92295, -1.42370, 905.22723, 17.30020, 32.73867, 13.07598
-4.92295, -0.71185, 905.22723, 17.30020, 32.27756, 13.07598
-4.92295, -0.71185, 905.22723, 17.30020, 32.27756, 13.30538
-4.92295, -1.42370, 905.22723, 17.30020, 32.27756, 13.07598
-4.92295, -1.42370, 905.22723, 17.30020, 32.73867, 13.07598
-4.92295, -1.42370, 902.16515, 17.30020, 32.73867, 13.07598
-4.92295, -0.71185, 905.22723, 17.30020, 32.27756, 13.30538
-5.62623, -0.71185, 905.22723, 17.83047, 32.73867, 13.30538
-5.62623, -1.42370, 905.22723, 17.30020, 32.73867, 13.07598
-4.92295, -1.42370, 908.28931, 16.76992, 32.73867, 13.30538
-5.62623, -1.42370, 905.22723, 17.30020, 32.73867, 13.30538
-4.92295, -1.42370, 905.22723, 16.76992, 32.73867, 13.30538
-4.92295, -0.71185, 905.22723, 16.23965, 33.19978, 13.07598
-4.92295, -0.71185, 908.28931, 16.23965, 33.19978, 13.30538
-4.92295, -0.71185, 905.22723, 16.23965, 33.19978, 13.07598
-5.62623, -1.42370, 905.22723, 16.23965, 32.73867, 13.07598
-5.62623, -1.42370, 905.22723, 16.23965, 32.73867, 13.07598
-5.62623, -1.42370, 905.22723, 16.23965, 33.19978, 13.07598
-4.92295, -1.42370, 902.16515, 15.70937, 33.19978, 13.07598
-5.62623, -1.42370, 902.16515, 15.70937, 33.19978, 13.07598
-5.62623, -2.13555, 905.22723, 15.70937, 33.66088, 13.07598
-5.62623, -2.13555, 905.22723, 15.17910, 34.12199, 13.30538
-6.32951, -1.42370, 905.22723, 15.17910, 34.12199, 13.07598
-6.32951, -1.42370, 908.28931, 15.17910, 34.12199, 13.30538
-6.32951, -1.42370, 905.22723, 14.64882, 34.58310, 13.07598
-6.32951, -1.42370, 905.22723, 14.64882, 34.58310, 13.07598
-5.62623, -1.42370, 905.22723, 14.64882, 34.12199, 13.07598
-5.62623, -1.42370, 905.22723, 14.64882, 34.58310, 13.07598
-6.32951, -1.42370, 905.22723, 14.64882, 34.12199, 13.07598
-6.32951, -1.42370, 905.22723, 14.64882, 34.12199, 13.07598
-5.62623, -1.42370, 905.22723, 14.64882, 34.12199, 13.30538
-5.62623, -1.42370, 902.16515, 14.11855, 34.58310, 13.07598
-6.32951, -2.13555, 905.22723, 13.58828, 34.12199, 13.07598
-6.32951, -2.13555, 905.22723, 13.58828, 34.12199, 13.30538
-5.62623, -2.13555, 905.22723, 13.58828, 34.12199, 13.07598
-5.62623, -2.13555, 905.22723, 13.58828, 33.19978, 13.07598
-6.32951, -2.13555, 905.22723, 13.58828, 33.66088, 13.30538
-5.62623, -1.42370, 905.22723, 13.58828, 33.66088, 13.07598
-5.62623, -2.13555, 905.22723, 13.58828, 33.66088, 13.30538
-5.62623, -1.42370, 902.16515, 13.05800, 33.66088, 13.07598
-5.62623, -2.13555, 905.22723, 13.05800, 33.19978, 13.30538
-5.62623, -2.13555, 905.22723, 12.52773, 33.19978, 13.30538
-5.62623, -2.84740, 905.22723, 12.52773, 33.66088, 13.30538
-5.62623, -2.84740, 905.22723, 12.52773, 33.66088, 13.07598
-5.62623, -2.84740, 905.22723, 12.52773, 33.19978, 13.07598
-5.62623, -2.84740, 905.22723, 11.99745, 33.19978, 13.07598
-5.62623, -2.84740, 905.22723, 12.52773, 33.19978, 13.30538
-5.62623, -2.84740, 905.22723, 11.99745, 32.73867, 13.30538
-4.92295, -2.84740, 905.22723, 11.99745, 32.73867, 13.07598
-4.92295, -2.13555, 905.22723, 12.52773, 32.73867, 13.07598
-4.92295, -2.13555, 908.28931, 12.52773, 32.27756, 13.07598
-4.92295, -2.13555, 905.22723, 12.52773, 32.73867, 13.07598
-5.62623, -2.13555, 902.16515, 12.52773, 32.27756, 13.07598
-4.92295, -2.13555, 902.16515, 11.99745, 32.27756, 13.30538
-4.92295, -2.13555, 902.16515, 12.52773, 31.81645, 13.07598
-4.92295, -2.13555, 902.16515, 12.52773, 32.27756, 13.30538
-4.92295, -2.84740, 905.22723, 11.99745, 31.81645, 13.07598
-4.92295, -2.84740, 905.22723, 11.99745, 31.81645, 13.30538
-4.92295, -2.84740, 905.22723, 12.52773, 31.81645, 13.53479
-4.92295, -2.84740, 905.22723, 11.99745, 31.81645, 13.30538
-4.92295, -2.84740, 908.28931, 11.99745, 31.81645, 13.30538
-4.21968, -2.84740, 908.28931, 11.99745, 31.81645, 13.30538
-4.21968, -2.13555, 905.22723, 12.52773, 31.81645, 13.30538
-4.92295, -2.13555, 905.22723, 13.05800, 31.35534, 13.07598
-4.92295, -2.13555, 905.22723, 12.52773, 31.35534, 13.07598
-4.21968, -2.13555, 905.22723, 13.05800, 31.35534, 13.07598
-4.21968, -1.42370, 905.22723, 12.52773, 31.35534, 13.30538
-4.21968, -1.42370, 905.22723, 12.52773, 31.81645, 13.30538
-4.92295, -1.42370, 905.22723, 13.05800, 31.35534, 13.07598
-4.92295, -2.13555, 905.22723, 12.52773, 31.35534, 13.30538
-4.21968, -1.42370, 905.22723, 13.05800, 31.81645, 13.07598
-4.21968, -1.42370, 905.22723, 13.05800, 31.81645, 13.30538
-4.21968, -1.42370, 905.22723, 13.05800, 31.81645, 13.07598
-4.92295, -1.42370, 905.22723, 12.52773, 32.27756, 13.07598
-5.62623, -1.42370, 905.22723, 13.05800, 33.19978, 13.07598
-6.32951, -0.71185, 905.22723, 13.05800, 33.19978, 12.84658
-6.32951, -0.71185, 902.16515, 13.05800, 33.19978, 12.84658
-6.32951, -1.42370, 905.22723, 13.05800, 32.73867, 13.07598
-6.32951, -1.42370, 905.22723, 13.05800, 33.19978, 13.07598
-6.32951, -1.42370, 905.22723, 13.05800, 33.66088, 13.30538
-5.62623, -1.42370, 905.22723, 13.05800, 33.66088, 13.30538
-5.62623, -0.71185, 905.22723, 13.05800, 34.12199, 13.30538
-6.32951, -1.42370, 905.22723, 13.05800, 33.19978, 13.30538
-6.32951, -1.42370, 902.16515, 13.58828, 33.66088, 13.53479
-5.62623, -1.42370, 908.28931, 12.52773, 33.66088, 13.53479
-5.62623, -2.13555, 905.22723, 13.05800, 33.66088, 13.53479
-5.62623, -1.42370, 905.22723, 13.05800, 33.66088, 13.53479
-5.62623, -1.42370, 905.22723, 13.05800, 33.19978, 13.30538
-5.62623, -1.42370, 905.22723, 13.05800, 32.73867, 13.30538
-5.62623, -1.42370, 902.16515, 13.05800, 32.73867, 13.30538
-5.62623, -2.13555, 902.16515, 13.05800, 32.73867, 13.30538
-5.62623, -2.13555, 902.16515, 13.05800, 32.73867, 13.30538
-5.62623, -2.13555, 902.16515, 13.05800, 33.19978, 13.53479
-4.92295, -2.13555, 902.16515, 13.05800, 32.73867, 13.30538
-5.62623, -2.13555, 905.22723, 13.05800, 32.73867, 13.30538
-4.92295, -1.42370, 905.22723, 13.05800, 32.73867, 13.53479
-5.62623, -2.13555, 902.16515, 13.05800, 32.73867, 13.30538
-5.62623, -1.42370, 905.22723, 13.05800, 32.73867, 13.53479
-4.21968, -1.42370, 905.22723, 13.58828, 32.73867, 13.53479
-4.92295, -1.42370, 908.28931, 13.58828, 32.73867, 13.30538
-4.92295, -1.42370, 905.22723, 13.58828, 32.73867, 13.30538
-4.92295, -1.42370, 905.22723, 13.58828, 32.73867, 13.07598
-4.92295, -1.42370, 905.22723, 13.58828, 32.27756, 13.07598
-4.92295, -0.71185, 905.22723, 13.58828, 32.27756, 13.07598
-4.92295, -1.42370, 905.22723, 13.58828, 32.73867, 13.07598
-4.92295, -0.71185, 905.22723, 14.11855, 32.73867, 13.30538
-4.92295, -1.42370, 905.22723, 13.58828, 32.73867, 13.30538
-5.62623, -1.42370, 905.22723, 13.58828, 32.73867, 13.07598
-4.92295, -1.42370, 905.22723, 13.05800, 32.73867, 13.30538
-5.62623, -1.42370, 905.22723, 13.58828, 33.19978, 13.07598
-5.62623, -0.71185, 905.22723, 13.58828, 32.73867, 13.07598
-5.62623, -1.42370, 905.22723, 13.58828, 33.19978, 13.07598
-5.62623, -1.42370, 905.22723, 13.58828, 33.19978, 13.30538
-5.62623, -1.42370, 902.16515, 13.58828, 33.19978, 13.30538
-5.62623, -1.42370, 902.16515, 13.58828, 32.73867, 13.07598
-5.62623, -1.42370, 902.16515, 13.58828, 32.73867, 13.07598
-5.62623, -1.42370, 905.22723, 13.58828, 33.19978, 13.07598
-5.62623, -1.42370, 905.22723, 13.05800, 33.66088, 13.07598
-4.92295, -1.42370, 905.22723, 13.58828, 33.19978, 13.07598
-5.62623, -1.42370, 905.22723, 13.05800, 33.19978, 13.30538
-5.62623, -1.42370, 905.22723, 13.58828, 33.19978, 13.30538
-5.62623, -2.13555, 905.22723, 13.05800, 33.19978, 13.30538
-5.62623, -1.42370, 905.22723, 13.58828, 33.66088, 13.07598
-5.62623, -0.71185, 905.22723, 13.58828, 33.19978, 13.07598
-5.62623, -1.42370, 905.22723, 13.58828, 33.66088, 13.07598
-5.62623, -1.42370, 902.16515, 13.58828, 33.19978, 13.07598
-5.62623, -1.42370, 902.16515, 13.58828, 33.19978, 13.30538
-5.62623, -1.42370, 902.16515, 13.05800, 33.66088, 13.07598
-5.62623, -2.13555, 905.22723, 13.58828, 33.66088, 13.30538
-6.32951, -1.42370, 905.22723, 13.05800, 33.66088, 13.53479
-5.62623, -1.42370, 905.22723, 13.58828, 33.66088, 13.30538
-5.62623, -1.42370, 905.22723, 13.58828, 33.66088, 13.30538
-5.62623, -1.42370, 905.22723, 13.58828, 33.19978, 13.53479
-5.62623, -0.71185, 905.22723, 13.58828, 33.66088, 13.30538
-5.62623, -1.42370, 905.22723, 13.58828, 33.66088, 13.30538
-5.62623, -1.42370, 908.28931, 13.58828, 33.66088, 13.30538
-5.62623, -1.42370, 905.22723, 13.58828, 33.19978, 13.30538
-5.62623, -0.71185, 905.22723, 13.58828, 33.19978, 13.07598
-4.92295, -0.71185, 905.22723, 13.58828, 32.73867, 13.07598
-5.62623, -0.71185, 905.22723, 13.58828, 32.73867, 13.07598
-4.92295, -1.42370, 902.16515, 13.58828, 32.73867, 13.30538
-4.92295, -1.42370, 905.22723, 13.05800, 33.19978, 13.07598
-4.92295, -1.42370, 905.22723, 13.05800, 32.73867, 13.30538
-4.92295, -1.42370, 905.22723, 13.05800, 32.73867, 13.07598
-4.92295, -2.13555, 905.22723, 13.05800, 32.73867, 13.07598
-4.92295, -1.42370, 905.22723, 13.05800, 32.73867, 13.07598
-5.62623, -1.42370, 905.22723, 13.05800, 32.73867, 13.30538
-5.62623, -2.13555, 902.16515, 12.52773, 32.73867, 13.30538
-4.92295, -1.42370, 905.22723, 12.52773, 32.73867, 13.07598
-5.62623, -1.42370, 905.22723, 12.52773, 33.19978, 13.07598
-5.62623, -1.42370, 905.22723, 12.52773, 32.73867, 13.07598
-4.92295, -2.13555, 905.22723, 12.52773, 32.73867, 13.07598
-4.92295, -1.42370, 905.22723, 12.52773, 32.73867, 13.07598
-5.62623, -1.42370, 905.22723, 12.52773, 33.19978, 13.30538
-5.62623, -2.13555, 905.22723, 12.52773, 33.19978, 13.30538
-5.62623, -1.42370, 905.22723, 12.52773, 33.19978, 13.07598
-4.92295, -1.42370, 908.28931, 13.05800, 33.19978, 13.07598
-4.92295, -1.42370, 905.22723, 12.52773, 33.19978, 13.30538
-5.62623, -1.42370, 905.22723, 11.99745, 33.19978, 13.30538
-5.62623, -1.42370, 905.22723, 12.52773, 33.19978, 13.07598
-5.62623, -2.13555, 902.16515, 11.99745, 32.73867, 13.07598
-5.62623, -2.13555, 902.16515, 11.99745, 33.19978, 13.07598
-5.62623, -1.42370, 902.16515, 12.52773, 33.19978, 13.07598
-5.62623, -1.42370, 902.16515, 12.52773, 33.19978, 13.07598
-5.62623, -1.42370, 902.16515, 11.99745, 33.66088, 13.07598
-5.62623, -2.13555, 905.22723, 11.99745, 34.12199, 13.30538
-5.62623, -2.13555, 905.22723, 11.46718, 33.66088, 13.30538
-4.92295, -2.84740, 905.22723, 11.46718, 34.12199, 13.07598
-5.62623, -2.13555, 905.22723, 11.99745, 34.12199, 13.07598
-5.62623, -1.42370, 905.22723, 11.46718, 33.66088, 13.30538
-5.62623, -0.71185, 902.16515, 11.99745, 34.12199, 13.30538
-5.62623, -1.42370, 905.22723, 11.99745, 34.12199, 13.07598
-5.62623, -1.42370, 902.16515, 11.99745, 34.12199, 13.07598
-5.62623, -1.42370, 905.22723, 11.99745, 33.66088, 13.07598
-5.62623, -1.42370, 905.22723, 11.99745, 34.12199, 13.07598
-6.32951, -0.71185, 902.16515, 11.99745, 34.12199, 13.30538
-6.32951, -1.42370, 905.22723, 11.46718, 34.58310, 13.07598
-6.32951, -2.13555, 905.22723, 11.99745, 34.12199, 13.30538
-6.32951, -1.42370, 905.22723, 11.46718, 34.12199, 13.07598
-6.32951, -2.13555, 905.22723, 11.46718, 34.12199, 13.30538
-5.62623, -2.13555, 905.22723, 11.46718, 34.12199, 13.30538
-6.32951, -1.42370, 905.22723, 11.99745, 34.12199, 13.30538
-5.62623, -0.71185, 905.22723, 11.46718, 33.66088, 13.30538
-5.62623, -1.42370, 905.22723, 11.46718, 33.66088, 13.30538
-5.62623, -1.42370, 905.22723, 11.46718, 34.12199, 13.30538
-5.62623, -1.42370, 905.22723, 11.46718, 33.66088, 13.30538
-5.62623, -1.42370, 905.22723, 11.46718, 33.66088, 13.30538
-5.62623, -1.42370, 905.22723, 11.46718, 33.66088, 13.07598
-5.62623, -1.42370, 905.22723, 10.93691, 33.66088, 13.30538
-5.62623, -2.13555, 905.22723, 11.46718, 33.66088, 13.07598
-5.62623, -2.13555, 905.22723, 10.93691, 33.66088, 13.30538
-6.32951, -2.13555, 905.22723, 10.93691, 33.19978, 13.30538
-4.92295, -1.42370, 908.28931, 10.93691, 33.66088, 13.07598
-5.62623, -1.42370, 905.22723, 10.93691, 33.66088, 13.30538
-5.62623, -1.42370, 905.22723, 10.93691, 33.66088, 13.30538
-5.62623, -1.42370, 905.22723, 10.93691, 33.66088, 13.07598
-6.32951, -1.42370, 905.22723, 11.46718, 33.19978, 13.30538
-5.62623, -2.13555, 902.16515, 10.93691, 33.19978, 13.30538
-5.62623, -1.42370, 902.16515, 11.46718, 33.66088, 13.30538
-5.62623, -2.13555, 902.16515, 10.93691, 33.66088, 13.30538
-5.62623, -2.13555, 902.16515, 10.93691, 33.19978, 13.07598
-5.62623, -2.13555, 902.16515, 10.40663, 33.19978, 13.30538
-4.92295, -2.13555, 905.22723, 10.40663, 32.73867, 13.30538
-4.92295, -2.13555, 905.22723, 10.40663, 32.27756, 13.30538
-4.21968, -1.42370, 908.28931, 10.93691, 32.73867, 13.30538
-4.21968, -0.71185, 905.22723, 11.46718, 32.27756, 13.30538
-4.21968, -0.71185, 905.22723, 10.93691, 32.27756, 13.07598
-4.21968, -1.42370, 902.16515, 11.46718, 31.81645, 13.07598
-4.21968, -1.42370, 905.22723, 11.46718, 31.81645, 13.30538
-4.21968, -1.42370, 905.22723, 10.93691, 31.81645, 13.07598
-4.21968, -1.42370, 905.22723, 10.40663, 32.27756, 13.07598
-3.51640, -1.42370, 905.22723, 10.93691, 32.27756, 13.30538
-4.21968, -1.42370, 905.22723, 10.93691, 32.27756, 13.30538
-4.21968, -2.13555, 905.22723, 10.93691, 32.27756, 13.30538
-4.21968, -2.13555, 902.16515, 10.93691, 32.27756, 13.30538
-4.92295, -1.42370, 905.22723, 10.40663, 32.27756, 13.30538
-4.21968, -1.42370, 905.22723, 10.93691, 32.27756, 13.30538
-4.92295, -1.42370, 905.22723, 10.93691, 32.27756, 13.30538
-4.21968, -1.42370, 905.22723, 10.40663, 32.27756, 13.07598
-4.21968, -1.42370, 905.22723, 10.40663, 32.73867, 13.30538
-4.92295, -1.42370, 905.22723, 10.40663, 32.73867, 13.30538
-4.92295, -1.42370, 905.22723, 10.40663, 32.73867, 13.30538
-5.62623, -1.42370, 902.16515, 10.40663, 32.73867, 13.07598
-4.92295, -2.13555, 905.22723, 10.40663, 33.66088, 13.30538
-4.92295, -2.13555, 905.22723, 10.40663, 33.66088, 13.30538
-4.92295, -1.42370, 905.22723, 10.40663, 34.12199, 13.30538
-4.92295, -1.42370, 905.22723, 10.40663, 33.66088, 13.30538
-5.62623, -1.42370, 905.22723, 10.93691, 34.12199, 13.30538
-5.62623, -2.13555, 905.22723, 10.40663, 34.58310, 13.53479
-5.62623, -1.42370, 902.16515, 10.40663, 34.58310, 13.30538
-5.62623, -1.42370, 905.22723, 10.40663, 34.58310, 13.30538
-6.32951, -0.71185, 905.22723, 10.40663, 35.04421, 13.30538
-6.32951, -1.42370, 902.16515, 10.40663, 35.04421, 13.30538
-6.32951, -1.42370, 902.16515, 10.40663, 35.50532, 13.30538
-5.62623, -1.42370, 902.16515, 10.40663, 36.42753, 13.30538
-6.32951, -2.13555, 905.22723,  9.87636, 36.88864, 13.30538
-7.03279, -1.42370, 905.22723,  9.87636, 37.34975, 13.30538
-7.03279, -1.42370, 905.22723,  9.87636, 37.81086, 13.07598
-7.03279, -1.42370, 905.22723,  9.87636, 37.34975, 13.07598
-7.03279, -1.42370, 905.22723,  9.87636, 37.81086, 13.07598
-7.03279, -1.42370, 902.16515, 10.40663, 37.81086, 13.07598
-7.03279, -1.42370, 905.22723,  9.87636, 37.81086, 13.07598
-7.73607, -1.42370, 905.22723,  9.87636, 37.81086, 13.07598
-7.03279, -1.42370, 908.28931,  9.87636, 37.81086, 13.07598
-7.03279, -1.42370, 905.22723,  9.87636, 37.81086, 13.07598
-7.03279, -1.42370, 902.16515,  9.87636, 37.81086, 13.07598
-6.32951, -1.42370, 905.22723,  9.87636, 37.81086, 13.07598
-6.32951, -2.13555, 905.22723,  9.87636, 37.34975, 13.07598
-6.32951, -2.13555, 902.16515,  9.34608, 37.34975, 13.07598
-6.32951, -2.13555, 905.22723,  9.34608, 37.34975, 13.07598
-6.32951, -2.13555, 905.22723,  9.34608, 37.34975, 13.30538
-6.32951, -2.84740, 905.22723,  9.87636, 37.34975, 13.07598
-6.32951, -2.13555, 902.16515,  9.34608, 37.34975, 13.07598
-6.32951, -2.13555, 902.16515,  9.34608, 37.34975, 13.07598
-6.32951, -2.13555, 905.22723,  9.34608, 36.88864, 13.07598
-6.32951, -2.13555, 902.16515,  9.34608, 36.88864, 13.30538
-5.62623, -1.42370, 905.22723,  9.87636, 36.88864, 13.07598
-5.62623, -2.13555, 905.22723,  9.34608, 36.88864, 13.07598
-6.32951, -1.42370, 905.22723,  9.87636, 36.42753, 13.07598
-6.32951, -1.42370, 902.16515,  9.87636, 36.42753, 13.07598
-5.62623, -1.42370, 905.22723,  9.87636, 36.42753, 13.07598
-5.62623, -2.13555, 902.16515,  9.87636, 35.96642, 13.07598
-5.62623, -1.42370, 905.22723,  9.87636, 35.96642, 13.07598
-5.62623, -1.42370, 908.28931,  9.87636, 35.96642, 13.07598
-4.92295, -1.42370, 905.22723,  9.87636, 35.96642, 13.07598
-5.62623, -0.71185, 905.22723,  9.87636, 35.50532, 13.07598
-5.62623, -1.42370, 902.16515,  9.87636, 35.04421, 13.07598
-5.62623, -1.42370, 905.22723,  9.87636, 35.04421, 13.07598
-5.62623, -2.13555, 902.16515,  9.87636, 34.58310, 13.30538
-5.62623, -2.13555, 902.16515,  9.87636, 34.12199, 13.07598
-4.92295, -1.42370, 905.22723, 10.40663, 34.12199, 13.07598
-4.21968, -1.42370, 905.22723,  9.87636, 33.66088, 13.07598
-4.21968, -2.13555, 905.22723,  9.34608, 33.66088, 13.53479
-4.92295, -2.84740, 905.22723,  9.34608, 33.66088, 13.07598
-4.21968, -2.13555, 905.22723,  9.34608, 33.66088, 13.07598
-3.51640, -2.13555, 908.28931,  9.34608, 33.19978, 13.07598
-4.21968, -1.42370, 905.22723,  9.87636, 34.12199, 13.07598
-4.21968, -2.13555, 905.22723,  9.34608, 33.66088, 13.07598
-4.21968, -1.42370, 905.22723,  9.34608, 33.66088, 13.07598
-4.21968, -1.42370, 905.22723,  9.34608, 34.12199, 13.07598
-4.21968, -2.13555, 902.16515,  9.34608, 34.12199, 13.07598
-4.92295, -1.42370, 902.16515,  9.34608, 34.58310, 13.07598
-4.92295, -1.42370, 902.16515,  9.34608, 35.04421, 13.07598
-5.62623, -2.13555, 902.16515,  9.34608, 35.04421, 13.07598
-5.62623, -2.13555, 905.22723,  8.81581, 35.04421, 13.07598
-5.62623, -2.84740, 905.22723,  8.28553, 35.04421, 13.07598
-5.62623, -2.84740, 905.22723,  8.28553, 35.50532, 13.07598
-5.62623, -2.13555, 905.22723,  8.81581, 35.96642, 13.07598
-5.62623, -2.13555, 905.22723,  8.81581, 35.96642, 13.07598
-6.32951, -2.13555, 905.22723,  8.81581, 36.42753, 13.07598
-6.32951, -2.13555, 905.22723,  8.81581, 36.42753, 13.30538
-6.32951, -2.13555, 905.22723,  8.81581, 36.42753, 13.30538
-6.32951, -2.84740, 905.22723,  8.28553, 36.42753, 13.07598
-6.32951, -2.84740, 905.22723,  8.28553, 36.42753, 13.30538
-6.32951, -2.84740, 905.22723,  7.75526, 36.42753, 13.07598
-6.32951, -2.84740, 905.22723,  8.28553, 36.42753, 13.30538
-7.03279, -2.84740, 905.22723,  8.28553, 36.88864, 13.07598
-7.03279, -2.84740, 905.22723,  8.28553, 36.88864, 13.30538
-7.03279, -2.13555, 905.22723,  8.28553, 36.88864, 13.30538
-7.03279, -2.84740, 908.28931,  8.28553, 36.88864, 13.30538
-7.03279, -2.84740, 908.28931,  8.28553, 36.88864, 13.07598
-6.32951, -2.84740, 905.22723,  8.28553, 36.88864, 13.07598
-7.03279, -2.13555, 905.22723,  8.28553, 36.88864, 13.30538
-7.03279, -2.84740, 905.22723,  8.28553, 36.42753, 13.30538
-7.03279, -2.84740, 902.16515,  8.81581, 36.42753, 13.30538
-6.32951, -2.84740, 902.16515,  8.28553, 36.42753, 13.30538
-6.32951, -2.84740, 902.16515,  8.81581, 36.42753, 13.30538
-6.32951, -2.84740, 905.22723,  8.81581, 36.42753, 13.30538
-5.62623, -2.84740, 905.22723,  8.81581, 35.96642, 13.30538
-6.32951, -2.84740, 905.22723,  9.34608, 35.50532, 13.30538
-5.62623, -3.55925, 905.22723,  9.34608, 35.50532, 13.53479
-5.62623, -3.55925, 905.22723,  9.34608, 35.50532, 13.30538
-5.62623, -2.84740, 905.22723, 10.40663, 35.04421, 13.30538
-5.62623, -2.13555, 905.22723, 10.40663, 34.58310, 13.07598
-5.62623, -1.42370, 902.16515, 10.93691, 34.58310, 13.30538
-5.62623, -2.13555, 902.16515, 11.46718, 34.58310, 13.30538
-4.92295, -2.13555, 902.16515, 10.93691, 34.12199, 13.30538
-4.92295, -2.13555, 905.22723, 11.46718, 34.12199, 13.30538
-4.92295, -1.42370, 905.22723, 12.52773, 34.12199, 13.07598
-4.92295, -0.71185, 905.22723, 12.52773, 34.12199, 13.07598
-4.92295, -0.71185, 905.22723, 13.05800, 34.12199, 13.07598
-4.92295, -0.71185, 905.22723, 13.58828, 34.12199, 13.07598
-4.92295, -0.71185, 902.16515, 14.11855, 34.12199, 13.07598
-4.21968,  0.00000, 905.22723, 14.64882, 33.66088, 13.07598
-4.21968,  0.00000, 905.22723, 15.17910, 33.66088, 13.07598
-4.92295,  0.71185, 905.22723, 15.70937, 34.12199, 12.84658
-4.21968,  0.00000, 905.22723, 15.17910, 34.12199, 13.07598
-4.92295,  0.00000, 905.22723, 15.17910, 33.66088, 12.84658
-4.92295, -0.71185, 905.22723, 15.17910, 34.12199, 12.84658
-4.92295, -1.42370, 905.22723, 14.64882, 34.12199, 12.84658
-4.92295, -0.71185, 905.22723, 14.64882, 34.58310, 13.07598
-4.92295, -1.42370, 908.28931, 14.64882, 34.58310, 13.07598
-4.92295, -0.71185, 905.22723, 15.17910, 34.58310, 13.07598
-4.92295, -0.71185, 905.22723, 14.64882, 34.58310, 13.07598
-5.62623, -0.71185, 905.22723, 14.11855, 35.04421, 12.84658
-4.92295, -1.42370, 908.28931, 14.11855, 35.50532, 13.07598
-5.62623, -1.42370, 905.22723, 14.11855, 35.50532, 13.30538
-5.62623, -1.42370, 905.22723, 14.11855, 35.50532, 13.07598
-5.62623, -1.42370, 905.22723, 14.11855, 35.96642, 12.84658
-6.32951, -1.42370, 905.22723, 14.11855, 35.96642, 13.07598
-5.62623, -1.42370, 902.16515, 14.64882, 35.96642, 13.07598
-6.32951, -1.42370, 905.22723, 14.11855, 36.42753, 13.07598
-6.32951, -1.42370, 905.22723, 14.64882, 36.42753, 13.07598
-6.32951, -0.71185, 905.22723, 14.64882, 36.88864, 13.07598
-6.32951, -1.42370, 905.22723, 14.64882, 36.42753, 13.07598
-6.32951, -0.71185, 905.22723, 14.64882, 36.88864, 13.07598
-6.32951, -0.71185, 905.22723, 14.64882, 36.88864, 13.07598
-6.32951, -1.42370, 905.22723, 14.11855, 36.88864, 13.30538
-6.32951, -1.42370, 905.22723, 14.11855, 36.88864, 13.07598
-5.62623, -0.71185, 905.22723, 14.64882, 36.88864, 13.07598
-6.32951, -0.71185, 905.22723, 14.64882, 36.42753, 12.84658
-6.32951, -0.71185, 905.22723, 14.11855, 36.42753, 12.84658
-5.62623, -1.42370, 905.22723, 14.11855, 36.42753, 12.84658
-5.62623, -1.42370, 905.22723, 14.11855, 36.88864, 13.07598
-6.32951, -2.13555, 905.22723, 13.58828, 36.42753, 12.84658
-6.32951, -1.42370, 905.22723, 13.58828, 36.88864, 12.84658
-6.32951, -2.13555, 905.22723, 13.58828, 36.88864, 13.07598
-6.32951, -1.42370, 905.22723, 14.11855, 36.88864, 12.84658
-5.62623, -1.42370, 905.22723, 14.11855, 36.42753, 13.07598
-6.32951, -1.42370, 902.16515, 14.64882, 36.42753, 13.07598
-6.32951, -0.71185, 905.22723, 14.64882, 36.88864, 13.07598
-6.32951, -1.42370, 905.22723, 15.17910, 36.88864, 13.07598
-6.32951, -1.42370, 905.22723, 15.17910, 36.88864, 13.07598
-6.32951, -1.42370, 905.22723, 15.17910, 36.42753, 13.07598
-6.32951, -0.71185, 902.16515, 15.17910, 36.42753, 13.07598
-5.62623, -1.42370, 905.22723, 15.17910, 36.42753, 13.07598
-6.32951, -1.42370, 905.22723, 15.17910, 36.88864, 13.07598
-6.32951, -1.42370, 905.22723, 15.17910, 36.88864, 12.84658
-5.62623, -1.42370, 905.22723, 15.17910, 36.42753, 13.07598
-6.32951, -0.71185, 905.22723, 15.17910, 36.42753, 12.84658
-6.32951, -1.42370, 905.22723, 14.64882, 36.42753, 12.84658
-5.62623, -1.42370, 905.22723, 14.64882, 36.42753, 13.07598
-6.32951, -1.42370, 905.22723, 14.64882, 35.96642, 13.07598
-5.62623, -1.42370, 902.16515, 14.64882, 35.96642, 13.07598
-6.32951, -1.42370, 905.22723, 15.17910, 35.96642, 13.07598
-5.62623, -0.71185, 905.22723, 14.64882, 35.96642, 13.07598
-5.62623, -0.71185, 902.16515, 15.17910, 35.96642, 13.07598
-5.62623, -1.42370, 902.16515, 14.64882, 35.96642, 13.07598
-5.62623, -1.42370, 905.22723, 14.64882, 35.50532, 13.07598
-5.62623, -2.13555, 905.22723, 14.64882, 35.50532, 13.07598
-5.62623, -2.13555, 905.22723, 14.11855, 35.50532, 13.07598
-5.62623, -1.42370, 905.22723, 14.11855, 35.50532, 12.84658
-4.92295, -1.42370, 905.22723, 14.11855, 35.50532, 13.07598
-4.92295, -1.42370, 905.22723, 14.11855, 35.50532, 13.07598
-5.62623, -0.71185, 905.22723, 14.11855, 35.50532, 12.84658
-4.92295, -1.42370, 905.22723, 14.64882, 35.04421, 12.84658
-4.92295, -1.42370, 905.22723, 14.64882, 35.04421, 13.07598
-4.92295, -1.42370, 905.22723, 14.11855, 35.04421, 13.07598
-4.92295, -0.71185, 908.28931, 14.64882, 35.04421, 12.84658
-4.92295, -1.42370, 902.16515, 14.11855, 35.04421, 13.07598
-4.92295, -1.42370, 905.22723, 14.11855, 35.04421, 13.07598
-5.62623, -2.84740, 902.16515, 13.58828, 35.04421, 13.07598
-5.62623, -2.84740, 905.22723, 13.05800, 35.04421, 13.07598
-5.62623, -2.13555, 902.16515, 13.05800, 35.04421, 13.07598
-5.62623, -2.13555, 905.22723, 13.05800, 35.04421, 13.07598
-5.62623, -2.13555, 905.22723, 13.05800, 35.04421, 13.07598
-5.62623, -2.13555, 905.22723, 13.05800, 35.04421, 13.07598
-5.62623, -1.42370, 905.22723, 13.05800, 35.04421, 13.07598
-4.92295, -1.42370, 905.22723, 13.05800, 35.04421, 13.07598
-5.62623, -2.13555, 905.22723, 13.05800, 35.04421, 13.07598
-5.62623, -2.13555, 905.22723, 13.05800, 35.50532, 13.07598
-5.62623, -2.13555, 902.16515, 12.52773, 35.50532, 13.07598
-5.62623, -2.13555, 905.22723, 13.05800, 35.50532, 13.30538
-5.62623, -2.84740, 908.28931, 12.52773, 35.50532, 13.07598
-5.62623, -2.84740, 905.22723, 12.52773, 35.04421, 13.07598
-5.62623, -2.84740, 908.28931, 12.52773, 35.04421, 13.07598
-5.62623, -2.13555, 905.22723, 12.52773, 35.50532, 13.07598
-5.62623, -2.13555, 908.28931, 13.05800, 35.50532, 13.07598
-5.62623, -2.13555, 905.22723, 12.52773, 35.50532, 13.07598
-6.32951, -2.13555, 902.16515, 13.05800, 35.50532, 12.84658
-5.62623, -2.84740, 905.22723, 13.05800, 35.50532, 13.07598
-5.62623, -2.13555, 905.22723, 13.05800, 35.50532, 12.84658
-5.62623, -2.13555, 902.16515, 13.05800, 35.50532, 12.84658
-6.32951, -2.84740, 902.16515, 13.05800, 35.96642, 13.07598
-6.32951, -2.84740, 902.16515, 13.05800, 35.96642, 13.07598
-5.62623, -2.84740, 905.22723, 13.05800, 35.96642, 13.07598
-6.32951, -2.84740, 908.28931, 13.05800, 36.42753, 13.07598
-6.32951, -2.84740, 908.28931, 13.05800, 36.42753, 13.07598
-5.62623, -2.13555, 908.28931, 13.58828, 35.96642, 13.07598
-6.32951, -1.42370, 905.22723, 13.58828, 35.96642, 12.84658
-5.62623, -1.42370, 905.22723, 13.58828, 35.96642, 12.84658
-6.32951, -2.13555, 905.22723, 13.58828, 35.96642, 12.84658
-6.32951, -1.42370, 905.22723, 14.11855, 36.42753, 12.84658
-5.62623, -2.13555, 905.22723, 13.58828, 35.96642, 12.84658
-5.62623, -1.42370, 905.22723, 14.11855, 36.42753, 12.84658
-5.62623, -2.13555, 905.22723, 14.11855, 35.96642, 13.07598
-5.62623, -2.13555, 905.22723, 14.11855, 35.96642, 13.07598
-5.62623, -2.13555, 905.22723, 13.58828, 35.96642, 13.07598
-6.32951, -2.13555, 905.22723, 14.11855, 36.42753, 12.84658
-5.62623, -2.84740, 905.22723, 14.11855, 35.96642, 13.07598
-6.32951, -2.84740, 905.22723, 14.11855, 36.42753, 13.07598
-6.32951, -2.13555, 905.22723, 14.11855, 36.42753, 13.07598
-6.32951, -2.13555, 905.22723, 14.64882, 36.42753, 13.07598
-5.62623, -2.13555, 905.22723, 14.64882, 36.42753, 13.07598
-5.62623, -2.13555, 905.22723, 14.64882, 35.96642, 13.07598
-6.32951, -1.42370, 905.22723, 15.17910, 36.42753, 13.07598
-6.32951, -1.42370, 908.28931, 14.64882, 36.42753, 13.07598
-6.32951, -1.42370, 905.22723, 15.70937, 36.42753, 13.07598
-5.62623, -1.42370, 905.22723, 15.70937, 36.42753, 13.07598
-5.62623, -0.71185, 905.22723, 15.70937, 35.96642, 13.07598
-5.62623, -1.42370, 908.28931, 15.70937, 36.42753, 13.07598
-6.32951, -0.71185, 908.28931, 16.23965, 35.96642, 13.07598
-5.62623, -0.71185, 905.22723, 15.70937, 35.96642, 13.07598
-5.62623, -1.42370, 905.22723, 15.70937, 35.96642, 13.07598
-6.32951, -0.71185, 905.22723, 15.70937, 35.96642, 12.84658
-6.32951, -1.42370, 905.22723, 16.23965, 35.50532, 12.84658
-5.62623, -1.42370, 902.16515, 16.23965, 35.50532, 13.07598
-6.32951, -1.42370, 902.16515, 16.23965, 35.50532, 13.07598
-5.62623, -1.42370, 905.22723, 16.23965, 35.50532, 13.07598
-5.62623, -1.42370, 905.22723, 16.23965, 35.50532, 13.07598
-4.92295, -1.42370, 905.22723, 15.70937, 35.04421, 13.07598
-5.62623, -1.42370, 905.22723, 15.70937, 35.04421, 13.07598
-4.92295, -1.42370, 905.22723, 15.70937, 34.58310, 13.07598
-4.92295, -2.13555, 905.22723, 15.70937, 35.04421, 13.07598
-4.92295, -1.42370, 905.22723, 15.70937, 34.58310, 13.07598
-5.62623, -0.71185, 905.22723, 15.70937, 35.04421, 13.07598
-4.92295, -1.42370, 905.22723, 16.23965, 34.58310, 12.84658
-5.62623, -1.42370, 905.22723, 16.23965, 34.58310, 13.07598
-4.92295, -1.42370, 905.22723, 16.23965, 34.58310, 12.84658
-4.92295, -1.42370, 905.22723, 15.70937, 34.58310, 13.07598
-5.62623, -2.13555, 905.22723, 15.70937, 34.58310, 13.07598
-5.62623, -2.13555, 905.22723, 15.70937, 34.58310, 13.07598
-4.92295, -1.42370, 905.22723, 16.23965, 35.04421, 12.84658
-5.62623, -2.13555, 902.16515, 16.23965, 35.04421, 13.07598
-5.62623, -1.42370, 902.16515, 16.23965, 35.04421, 13.07598
-5.62623, -2.13555, 905.22723, 15.70937, 35.04421, 13.07598
-5.62623, -2.13555, 902.16515, 15.70937, 35.04421, 13.07598
-5.62623, -1.42370, 902.16515, 15.70937, 35.04421, 12.84658
-5.62623, -2.13555, 905.22723, 16.23965, 35.04421, 13.07598
-6.32951, -1.42370, 905.22723, 16.76992, 35.04421, 13.07598
-5.62623, -1.42370, 905.22723, 16.23965, 35.50532, 13.07598
-5.62623, -1.42370, 902.16515, 16.23965, 35.04421, 13.07598
-5.62623, -1.42370, 905.22723, 15.70937, 35.50532, 13.07598
-5.62623, -2.13555, 902.16515, 16.23965, 35.50532, 12.84658
-5.62623, -1.42370, 905.22723, 16.23965, 35.50532, 13.07598
-5.62623, -1.42370, 905.22723, 16.23965, 35.50532, 13.07598
-5.62623, -1.42370, 905.22723, 16.76992, 35.50532, 12.84658
-5.62623, -1.42370, 905.22723, 16.23965, 35.04421, 12.84658
-6.32951, -2.13555, 905.22723, 16.23965, 35.04421, 12.84658
-6.32951, -1.42370, 902.16515, 16.23965, 35.04421, 13.07598
-5.62623, -1.42370, 905.22723, 16.23965, 35.04421, 13.07598
-5.62623, -1.42370, 902.16515, 16.23965, 35.04421, 13.07598
-5.62623, -2.13555, 902.16515, 16.23965, 35.04421, 12.84658
-5.62623, -2.84740, 905.22723, 15.70937, 35.50532, 13.07598
-6.32951, -2.13555, 905.22723, 16.23965, 35.50532, 13.07598
-5.62623, -2.13555, 905.22723, 16.23965, 35.50532, 13.07598
-5.62623, -1.42370, 905.22723, 16.23965, 35.96642, 13.07598
-5.62623, -1.42370, 905.22723, 17.30020, 35.50532, 13.07598
-6.32951, -1.42370, 905.22723, 17.30020, 35.50532, 13.07598
-5.62623, -1.42370, 908.28931, 17.30020, 35.50532, 12.84658
-5.62623, -1.42370, 905.22723, 17.83047, 35.04421, 12.84658
-5.62623, -1.42370, 905.22723, 18.36074, 35.04421, 12.84658
-5.62623, -0.71185, 905.22723, 18.89102, 35.04421, 12.84658
-5.62623,  0.00000, 902.16515, 18.89102, 35.04421, 13.07598
-5.62623, -0.71185, 905.22723, 19.42129, 35.50532, 13.07598
-6.32951,  0.00000, 905.22723, 19.95157, 35.50532, 13.07598
-6.32951, -0.71185, 905.22723, 19.42129, 35.50532, 12.84658
-6.32951,  0.00000, 905.22723, 19.42129, 35.96642, 12.84658
-6.32951,  0.71185, 902.16515, 19.95157, 35.96642, 12.84658
-6.32951,  0.00000, 905.22723, 20.48184, 35.96642, 12.84658
-5.62623,  0.00000, 905.22723, 19.95157, 35.96642, 12.84658
-6.32951,  0.00000, 902.16515, 19.95157, 35.50532, 12.84658
-5.62623,  0.00000, 905.22723, 19.95157, 35.96642, 12.84658
-5.62623,  0.00000, 905.22723, 19.42129, 35.50532, 12.84658
-5.62623,  0.00000, 905.22723, 19.42129, 35.04421, 12.84658
-5.62623,  0.00000, 908.28931, 19.42129, 35.50532, 12.61717
-5.62623, -0.71185, 905.22723, 18.89102, 35.04421, 12.84658
-5.62623, -0.71185, 905.22723, 18.36074, 35.04421, 12.84658
-5.62623, -1.42370, 905.22723, 17.83047, 35.04421, 12.61717
-5.62623, -1.42370, 908.28931, 17.30020, 35.04421, 12.84658
-4.92295, -1.42370, 905.22723, 17.30020, 35.04421, 12.84658
-4.92295, -0.71185, 905.22723, 16.76992, 34.58310, 12.84658
-4.92295, -1.42370, 905.22723, 16.76992, 34.58310, 12.84658
-5.62623, -1.42370, 905.22723, 16.76992, 34.58310, 12.84658
-4.92295, -2.13555, 902.16515, 16.23965, 34.58310, 12.84658
-5.62623, -2.13555, 902.16515, 15.70937, 34.58310, 13.07598
-5.62623, -2.84740, 905.22723, 15.70937, 34.58310, 13.07598
-5.62623, -2.13555, 905.22723, 15.70937, 34.58310, 12.84658
-5.62623, -2.84740, 905.22723, 15.70937, 35.04421, 13.07598
-4.92295, -2.13555, 905.22723, 15.17910, 35.04421, 13.30538
-5.62623, -2.13555, 908.28931, 15.17910, 35.04421, 13.07598
-5.62623, -2.13555, 905.22723, 14.64882, 34.58310, 13.07598
-5.62623, -2.84740, 905.22723, 14.64882, 35.50532, 13.07598
-5.62623, -2.84740, 905.22723, 14.11855, 35.04421, 13.30538
-6.32951, -3.55925, 905.22723, 13.58828, 35.04421, 13.30538
-6.32951, -3.55925, 905.22723, 13.58828, 35.04421, 13.07598
-6.32951, -3.55925, 905.22723, 13.58828, 35.50532, 13.07598
-6.32951, -2.84740, 905.22723, 13.58828, 35.04421, 13.07598
-6.32951, -2.84740, 905.22723, 13.58828, 35.50532, 13.07598
-5.62623, -2.84740, 905.22723, 14.11855, 35.50532, 13.07598
-6.32951, -2.84740, 908.28931, 14.11855, 35.50532, 13.07598
-6.32951, -2.84740, 908.28931, 14.11855, 35.50532, 13.07598
-5.62623, -2.84740, 905.22723, 14.64882, 35.50532, 13.07598
-5.62623, -2.84740, 905.22723, 14.64882, 35.50532, 13.07598
-6.32951, -2.13555, 905.22723, 14.64882, 35.50532, 12.84658
-6.32951, -2.13555, 905.22723, 15.17910, 35.50532, 13.07598
-6.32951, -2.84740, 905.22723, 14.64882, 35.50532, 13.30538
-6.32951, -2.13555, 905.22723, 14.64882, 35.50532, 13.07598
-6.32951, -2.13555, 905.22723, 15.17910, 35.96642, 12.84658
-5.62623, -2.13555, 905.22723, 15.17910, 35.50532, 13.07598
-5.62623, -1.42370, 905.22723, 15.17910, 35.96642, 12.84658
-6.32951, -2.13555, 905.22723, 15.17910, 35.50532, 13.07598
-5.62623, -2.13555, 908.28931, 15.17910, 35.50532, 13.07598
-6.32951, -2.13555, 905.22723, 15.17910, 35.04421, 12.84658
-5.62623, -1.42370, 902.16515, 15.70937, 35.50532, 12.84658
-5.62623, -2.13555, 905.22723, 15.17910, 35.50532, 12.84658
-5.62623, -2.13555, 905.22723, 15.17910, 35.04421, 12.84658
-5.62623, -2.13555, 902.16515, 15.17910, 35.04421, 12.84658
-6.32951, -2.13555, 905.22723, 15.17910, 35.50532, 12.84658
-5.62623, -2.84740, 905.22723, 15.17910, 35.50532, 13.07598
-5.62623, -2.84740, 905.22723, 14.64882, 35.50532, 13.07598
-5.62623, -2.13555, 905.22723, 14.64882, 35.04421, 13.07598
-5.62623, -2.13555, 905.22723, 14.64882, 35.04421, 13.07598
-5.62623, -2.84740, 905.22723, 14.64882, 35.04421, 13.07598
-6.32951, -2.13555, 905.22723, 14.64882, 35.04421, 13.07598
-5.62623, -2.13555, 905.22723, 14.64882, 35.04421, 13.07598
-5.62623, -2.13555, 902.16515, 14.64882, 35.04421, 12.84658
-5.62623, -1.42370, 905.22723, 15.17910, 35.04421, 13.07598
-5.62623, -2.13555, 905.22723, 15.17910, 35.04421, 12.84658
-5.62623, -2.13555, 902.16515, 15.17910, 35.04421, 13.07598
-5.62623, -2.13555, 905.22723, 15.17910, 35.04421, 13.07598
-5.62623, -2.84740, 905.22723, 14.64882, 35.04421, 13.07598
-6.32951, -2.84740, 905.22723, 15.17910, 35.04421, 13.07598
-5.62623, -2.84740, 905.22723, 15.17910, 35.04421, 13.07598
-5.62623, -2.84740, 905.22723, 14.64882, 35.50532, 13.07598
-5.62623, -2.84740, 905.22723, 14.64882, 35.04421, 13.07598
-6.32951, -2.84740, 905.22723, 15.17910, 35.04421, 13.07598
-5.62623, -2.84740, 908.28931, 15.17910, 35.04421, 13.07598
-5.62623, -2.13555, 905.22723, 15.17910, 35.04421, 13.07598
-5.62623, -2.13555, 908.28931, 15.17910, 35.04421, 13.07598
-5.62623, -2.13555, 905.22723, 15.17910, 35.50532, 13.07598
-6.32951, -2.13555, 908.28931, 15.70937, 35.96642, 13.07598
-6.32951, -2.13555, 905.22723, 15.70937, 35.50532, 13.07598
-5.62623, -1.42370, 905.22723, 16.76992, 35.50532, 13.07598
-6.32951, -1.42370, 908.28931, 16.76992, 35.50532, 13.07598
-6.32951, -2.13555, 905.22723, 16.76992, 35.96642, 13.07598
-5.62623, -1.42370, 905.22723, 17.30020, 35.96642, 13.07598
-5.62623, -1.42370, 905.22723, 17.30020, 35.50532, 13.07598
-6.32951, -1.42370, 902.16515, 17.83047, 35.50532, 13.07598
-6.32951, -1.42370, 905.22723, 17.30020, 35.50532, 13.07598
-6.32951, -1.42370, 902.16515, 17.83047, 35.50532, 12.84658
-6.32951, -1.42370, 902.16515, 17.83047, 35.50532, 12.84658
-6.32951, -2.13555, 899.10307, 17.30020, 35.96642, 12.84658
-6.32951, -2.13555, 905.22723, 17.83047, 35.50532, 13.07598
-6.32951, -2.13555, 905.22723, 17.83047, 35.50532, 13.07598
-6.32951, -2.13555, 905.22723, 17.83047, 35.96642, 12.84658
-6.32951, -1.42370, 905.22723, 17.83047, 35.96642, 12.84658
-6.32951, -0.71185, 905.22723, 17.83047, 35.96642, 13.07598
-6.32951, -0.71185, 902.16515, 17.83047, 35.50532, 13.07598
-6.32951, -1.42370, 905.22723, 18.36074, 35.50532, 12.84658
-5.62623, -0.71185, 905.22723, 18.36074, 35.50532, 12.84658
-5.62623, -0.71185, 905.22723, 18.36074, 35.50532, 12.61717
-6.32951, -0.71185, 905.22723, 18.36074, 35.50532, 12.61717
-6.32951, -1.42370, 908.28931, 17.83047, 35.50532, 12.61717
-5.62623, -1.42370, 905.22723, 17.83047, 35.96642, 12.84658
-6.32951, -1.42370, 905.22723, 17.83047, 35.50532, 12.84658
-6.32951, -2.13555, 905.22723, 17.83047, 35.96642, 12.84658
-5.62623, -1.42370, 908.28931, 17.83047, 35.50532, 12.84658
-6.32951, -2.13555, 905.22723, 17.83047, 35.50532, 12.84658
-6.32951, -1.42370, 905.22723, 17.83047, 35.50532, 12.84658
-6.32951, -1.42370, 905.22723, 18.36074, 35.50532, 13.07598
-6.32951, -1.42370, 905.22723, 18.36074, 35.04421, 12.84658
-6.32951, -2.13555, 905.22723, 18.36074, 35.50532, 13.07598
-6.32951, -1.42370, 905.22723, 18.36074, 35.50532, 13.07598
-6.32951, -2.13555, 905.22723, 18.36074, 35.04421, 13.07598
-6.32951, -2.13555, 905.22723, 18.36074, 35.04421, 13.07598
-5.62623, -2.13555, 908.28931, 18.36074, 35.04421, 13.07598
-6.32951, -2.13555, 905.22723, 18.89102, 35.04421, 13.07598
-5.62623, -1.42370, 902.16515, 18.36074, 35.04421, 13.07598
-5.62623, -1.42370, 908.28931, 18.89102, 35.04421, 12.84658
-5.62623, -1.42370, 908.28931, 18.36074, 35.04421, 13.07598
-6.32951, -2.13555, 905.22723, 18.36074, 34.58310, 13.07598
-5.62623, -2.13555, 905.22723, 18.36074, 34.58310, 13.07598
-5.62623, -1.42370, 905.22723, 18.36074, 34.58310, 13.07598
-5.62623, -2.13555, 905.22723, 18.36074, 34.58310, 13.07598
-5.62623, -2.13555, 905.22723, 18.36074, 34.58310, 13.07598
-5.62623, -1.42370, 902.16515, 18.36074, 35.04421, 13.07598
-5.62623, -2.13555, 902.16515, 18.36074, 34.58310, 13.30538
-5.62623, -2.13555, 905.22723, 18.36074, 34.58310, 13.07598
-5.62623, -2.13555, 905.22723, 17.83047, 34.58310, 13.07598
-5.62623, -2.13555, 908.28931, 18.36074, 35.04421, 13.07598
-5.62623, -1.42370, 908.28931, 17.30020, 35.04421, 13.07598
-5.62623, -1.42370, 908.28931, 17.83047, 35.04421, 13.07598
-5.62623, -2.13555, 905.22723, 17.83047, 35.50532, 12.84658
-6.32951, -2.13555, 908.28931, 17.83047, 35.04421, 13.07598
-5.62623, -2.13555, 905.22723, 17.83047, 35.04421, 12.84658
-5.62623, -2.13555, 905.22723, 17.83047, 35.50532, 12.84658
-6.32951, -2.13555, 905.22723, 17.83047, 35.04421, 12.84658
-6.32951, -2.84740, 905.22723, 17.30020, 35.50532, 12.84658
-6.32951, -2.84740, 905.22723, 17.83047, 35.50532, 12.84658
-6.32951, -2.84740, 905.22723, 17.30020, 35.50532, 13.07598
-6.32951, -2.84740, 905.22723, 17.83047, 35.50532, 13.07598
-6.32951, -2.84740, 905.22723, 17.83047, 35.50532, 13.07598
-6.32951, -2.84740, 905.22723, 17.83047, 35.96642, 13.07598
-6.32951, -2.84740, 905.22723, 17.30020, 35.96642, 13.07598
-5.62623, -2.84740, 905.22723, 17.83047, 35.96642, 12.84658
-6.32951, -2.13555, 905.22723, 17.83047, 35.96642, 12.84658
-6.32951, -2.13555, 905.22723, 17.83047, 35.50532, 12.84658
-6.32951, -2.84740, 902.16515, 17.83047, 35.50532, 12.84658
-6.32951, -2.84740, 905.22723, 17.83047, 35.96642, 13.07598
-6.32951, -2.84740, 905.22723, 17.83047, 35.96642, 12.84658
-5.62623, -2.84740, 905.22723, 18.36074, 35.96642, 13.07598
-5.62623, -2.13555, 905.22723, 18.36074, 35.96642, 13.07598
-6.32951, -2.84740, 905.22723, 18.36074, 35.50532, 13.07598
-6.32951, -2.84740, 905.22723, 18.36074, 35.50532, 13.07598
-6.32951, -2.84740, 905.22723, 18.89102, 35.50532, 12.84658
-6.32951, -2.13555, 905.22723, 19.95157, 35.50532, 12.84658
-5.62623, -1.42370, 905.22723, 19.95157, 35.04421, 13.07598
-5.62623, -1.42370, 902.16515, 19.95157, 35.04421, 12.61717
-5.62623, -1.42370, 902.16515, 20.48184, 35.04421, 13.07598
-5.62623, -1.42370, 902.16515, 21.01212, 35.04421, 13.07598
-4.92295, -1.42370, 902.16515, 21.01212, 34.58310, 13.07598
-4.92295,  0.00000, 905.22723, 21.54239, 35.04421, 13.07598
-4.92295, -0.71185, 905.22723, 22.07266, 35.04421, 13.07598
-5.62623,  0.00000, 905.22723, 22.07266, 34.58310, 13.07598
-5.62623,  0.00000, 905.22723, 22.07266, 35.04421, 13.07598
-4.92295,  0.00000, 908.28931, 22.60294, 35.04421, 12.84658
-5.62623,  0.71185, 908.28931, 22.60294, 35.04421, 12.84658
-5.62623,  0.71185, 905.22723, 23.13321, 35.04421, 12.84658
-5.62623,  0.00000, 905.22723, 22.60294, 34.58310, 12.84658
-4.92295,  0.71185, 905.22723, 22.60294, 35.04421, 12.61717
-4.92295,  0.00000, 908.28931, 23.13321, 35.04421, 12.61717
-5.62623, -0.71185, 905.22723, 22.60294, 35.50532, 12.61717
-5.62623,  0.00000, 905.22723, 22.60294, 35.50532, 12.61717
-5.62623,  0.00000, 905.22723, 22.60294, 35.50532, 12.61717
-5.62623, -0.71185, 905.22723, 22.07266, 35.96642, 12.61717
-5.62623, -0.71185, 905.22723, 22.07266, 35.96642, 12.61717
-5.62623, -0.71185, 905.22723, 21.54239, 35.96642, 12.61717
-6.32951, -0.71185, 902.16515, 22.07266, 35.96642, 12.38777
-6.32951, -0.71185, 905.22723, 21.54239, 35.96642, 12.61717
-6.32951,  0.00000, 902.16515, 21.54239, 36.42753, 12.61717
-6.32951, -0.71185, 902.16515, 21.54239, 36.42753, 12.61717
-6.32951, -0.71185, 905.22723, 21.54239, 36.88864, 12.61717
-6.32951, -0.71185, 905.22723, 21.54239, 36.88864, 12.61717
-6.32951, -1.42370, 905.22723, 21.01212, 37.81086, 12.61717
-6.32951, -1.42370, 905.22723, 21.01212, 37.34975, 12.84658
-6.32951, -0.71185, 905.22723, 20.48184, 37.81086, 12.61717
-6.32951, -0.71185, 905.22723, 20.48184, 37.81086, 12.61717
-6.32951, -0.71185, 905.22723, 19.95157, 37.81086, 12.61717
-6.32951, -1.42370, 905.22723, 19.42129, 37.81086, 12.61717
-6.32951, -1.42370, 902.16515, 19.42129, 37.81086, 12.61717
-7.03279, -1.42370, 905.22723, 18.89102, 37.81086, 12.84658
-6.32951, -1.42370, 905.22723, 18.89102, 37.81086, 12.61717
-7.03279, -2.13555, 902.16515, 18.36074, 38.27196, 12.84658
-7.03279, -2.13555, 905.22723, 17.83047, 38.73307, 12.84658
-7.03279, -3.55925, 905.22723, 17.30020, 38.73307, 12.84658
-7.03279, -2.84740, 905.22723, 16.76992, 39.19418, 12.84658
-7.73607, -3.55925, 905.22723, 16.76992, 38.73307, 12.84658
-7.73607, -3.55925, 905.22723, 16.23965, 39.19418, 12.84658
-7.03279, -3.55925, 905.22723, 16.23965, 39.19418, 12.84658
-7.03279, -3.55925, 902.16515, 16.76992, 39.19418, 12.84658
-7.03279, -2.84740, 905.22723, 16.76992, 38.73307, 12.84658
-7.03279, -2.84740, 905.22723, 16.76992, 38.73307, 12.84658
-7.03279, -2.84740, 902.16515, 16.23965, 38.73307, 12.84658
-7.03279, -2.13555, 902.16515, 16.76992, 38.73307, 12.84658
-7.03279, -1.42370, 905.22723, 16.76992, 38.73307, 12.84658
-7.03279, -2.13555, 905.22723, 16.76992, 38.73307, 12.84658
-7.03279, -2.13555, 905.22723, 16.76992, 38.27196, 12.84658
-7.03279, -2.13555, 905.22723, 16.23965, 38.27196, 12.84658
-7.03279, -2.13555, 905.22723, 16.23965, 38.27196, 12.84658
-7.03279, -2.84740, 905.22723, 16.23965, 38.27196, 12.84658
-7.03279, -2.84740, 905.22723, 16.76992, 38.27196, 12.84658
-7.03279, -2.84740, 908.28931, 16.23965, 38.27196, 12.84658
-6.32951, -2.84740, 905.22723, 16.76992, 37.81086, 12.84658
-7.03279, -2.13555, 905.22723, 16.23965, 37.81086, 12.84658
-6.32951, -2.84740, 905.22723, 16.23965, 37.81086, 12.61717
-6.32951, -2.84740, 908.28931, 16.23965, 37.34975, 12.84658
-6.32951, -2.13555, 905.22723, 16.23965, 37.34975, 12.61717
-6.32951, -2.84740, 908.28931, 16.23965, 36.88864, 12.61717
-6.32951, -2.84740, 905.22723, 16.23965, 37.34975, 12.61717
-6.32951, -2.13555, 905.22723, 16.76992, 37.34975, 12.84658
-6.32951, -2.84740, 905.22723, 16.23965, 36.88864, 12.84658
-6.32951, -2.13555, 905.22723, 16.76992, 36.88864, 12.84658
-6.32951, -2.13555, 905.22723, 16.76992, 36.88864, 12.61717
-6.32951, -2.13555, 905.22723, 16.76992, 36.88864, 12.61717
-5.62623, -2.13555, 905.22723, 16.76992, 36.88864, 12.84658
-5.62623, -2.13555, 905.22723, 16.23965, 36.88864, 12.84658
-5.62623, -2.13555, 905.22723, 16.76992, 36.42753, 12.84658
-5.62623, -2.13555, 902.16515, 17.30020, 36.42753, 12.84658
-5.62623, -2.13555, 902.16515, 16.23965, 36.42753, 12.84658
-5.62623, -2.84740, 905.22723, 16.23965, 36.42753, 12.84658
-5.62623, -2.84740, 905.22723, 16.23965, 36.42753, 12.84658
-5.62623, -2.84740, 905.22723, 15.70937, 36.42753, 12.84658
-5.62623, -2.84740, 905.22723, 16.23965, 36.42753, 12.84658
-5.62623, -2.84740, 905.22723, 16.23965, 36.42753, 12.84658
-5.62623, -2.13555, 905.22723, 16.23965, 36.42753, 12.84658
-5.62623, -2.13555, 905.22723, 16.23965, 36.42753, 12.84658
-5.62623, -2.13555, 905.22723, 16.23965, 35.96642, 12.84658
-5.62623, -2.13555, 905.22723, 16.23965, 36.42753, 12.84658
-5.62623, -2.13555, 905.22723, 16.76992, 36.42753, 13.07598
-5.62623, -2.13555, 905.22723, 16.23965, 36.88864, 12.84658
-5.62623, -2.13555, 905.22723, 15.70937, 36.88864, 13.07598
-5.62623, -2.13555, 905.22723, 16.76992, 36.88864, 12.84658
-5.62623, -2.13555, 905.22723, 16.76992, 37.34975, 12.61717
-5.62623, -1.42370, 905.22723, 16.23965, 36.88864, 12.84658
-5.62623, -1.42370, 905.22723, 16.76992, 36.88864, 12.84658
-5.62623, -1.42370, 905.22723, 17.30020, 36.88864, 12.84658
-5.62623, -1.42370, 908.28931, 16.76992, 36.88864, 12.84658
-6.32951, -1.42370, 908.28931, 16.76992, 36.88864, 12.84658
-5.62623, -1.42370, 905.22723, 17.30020, 36.88864, 12.61717
-6.32951, -1.42370, 905.22723, 16.76992, 36.42753, 12.84658
-6.32951, -2.13555, 905.22723, 16.23965, 36.88864, 12.84658
-5.62623, -2.84740, 905.22723, 16.76992, 36.42753, 12.84658
-5.62623, -3.55925, 905.22723, 16.23965, 36.42753, 12.84658
-5.62623, -2.84740, 908.28931, 16.76992, 36.42753, 12.84658
-5.62623, -2.13555, 905.22723, 16.76992, 36.88864, 12.84658
-5.62623, -2.13555, 908.28931, 17.30020, 36.88864, 12.84658
-6.32951, -2.84740, 908.28931, 16.76992, 37.34975, 12.84658
-6.32951, -2.84740, 905.22723, 16.23965, 37.34975, 12.84658
-6.32951, -2.84740, 902.16515, 16.23965, 37.34975, 12.84658
-6.32951, -3.55925, 902.16515, 16.23965, 37.81086, 12.84658
-6.32951, -3.55925, 902.16515, 16.23965, 37.34975, 12.84658
-6.32951, -4.27110, 899.10307, 16.23965, 37.34975, 12.84658
-6.32951, -4.27110, 902.16515, 16.23965, 37.34975, 12.84658
-7.03279, -4.27110, 902.16515, 16.23965, 37.34975, 12.84658
-7.03279, -3.55925, 902.16515, 16.23965, 37.81086, 12.84658
-7.03279, -3.55925, 905.22723, 16.76992, 37.34975, 12.61717
-6.32951, -2.84740, 905.22723, 17.30020, 37.81086, 12.84658
-6.32951, -2.84740, 905.22723, 17.30020, 37.81086, 12.84658
-6.32951, -2.13555, 905.22723, 17.30020, 38.27196, 12.61717
-6.32951, -2.13555, 908.28931, 17.30020, 38.27196, 12.61717
-7.03279, -2.13555, 908.28931, 17.83047, 38.27196, 12.84658
-6.32951, -2.13555, 908.28931, 17.83047, 39.19418, 12.84658
-6.32951, -1.42370, 905.22723, 17.83047, 38.73307, 12.84658
-6.32951, -1.42370, 905.22723, 18.36074, 38.73307, 12.84658
-6.32951, -1.42370, 905.22723, 18.89102, 38.27196, 12.84658
-7.03279, -1.42370, 905.22723, 18.89102, 38.27196, 12.84658
-7.03279, -1.42370, 905.22723, 18.36074, 38.73307, 12.84658
-7.03279, -1.42370, 905.22723, 18.89102, 38.27196, 12.84658
-7.03279, -2.13555, 905.22723, 18.89102, 38.73307, 12.84658
-7.03279, -2.13555, 905.22723, 18.89102, 38.27196, 12.84658
-7.03279, -2.84740, 905.22723, 18.36074, 38.73307, 12.84658
-7.03279, -2.84740, 905.22723, 18.89102, 38.73307, 12.84658
-7.03279, -3.55925, 905.22723, 19.42129, 38.73307, 12.61717
-7.03279, -3.55925, 905.22723, 18.89102, 38.73307, 12.84658
-7.03279, -3.55925, 905.22723, 20.48184, 38.27196, 12.84658
-7.03279, -2.84740, 905.22723, 20.48184, 38.27196, 12.84658
-7.03279, -2.84740, 905.22723, 20.48184, 38.27196, 12.84658
-6.32951, -2.13555, 905.22723, 21.01212, 37.81086, 12.61717
-6.32951, -1.42370, 905.22723, 22.07266, 37.81086, 12.61717
-6.32951, -1.42370, 905.22723, 22.07266, 37.81086, 12.61717
-5.62623, -1.42370, 905.22723, 22.60294, 37.81086, 12.61717
-5.62623, -1.42370, 905.22723, 23.13321, 37.81086, 12.61717
-5.62623, -1.42370, 905.22723, 23.66349, 37.34975, 12.61717
-5.62623, -0.71185, 905.22723, 23.66349, 37.34975, 12.61717
-5.62623,  0.00000, 905.22723, 24.19376, 37.81086, 12.38777
-6.32951,  0.71185, 902.16515, 24.19376, 37.34975, 12.61717
-5.62623,  0.00000, 902.16515, 24.72403, 37.34975, 12.61717
-5.62623,  0.71185, 902.16515, 24.19376, 37.34975, 12.61717
-5.62623,  0.00000, 905.22723, 24.19376, 36.88864, 12.61717
-5.62623,  0.00000, 905.22723, 24.19376, 37.34975, 12.61717
-5.62623, -0.71185, 908.28931, 24.19376, 37.34975, 12.61717
-6.32951, -1.42370, 908.28931, 23.66349, 37.81086, 12.61717
-5.62623, -1.42370, 905.22723, 24.19376, 37.34975, 12.84658
-5.62623, -1.42370, 905.22723, 23.66349, 37.34975, 12.61717
-6.32951, -1.42370, 908.28931, 23.66349, 37.34975, 12.61717
-6.32951, -1.42370, 905.22723, 24.72403, 37.34975, 12.84658
-5.62623, -1.42370, 905.22723, 24.19376, 37.34975, 12.61717
-5.62623, -0.71185, 905.22723, 24.72403, 37.81086, 12.84658
-6.32951,  0.00000, 905.22723, 24.72403, 37.34975, 12.61717
-6.32951,  0.00000, 905.22723, 25.25431, 37.34975, 12.84658
-6.32951,  0.00000, 905.22723, 25.25431, 37.34975, 12.84658
-6.32951,  0.00000, 908.28931, 25.78458, 36.88864, 12.84658
-6.32951, -0.71185, 905.22723, 25.25431, 37.34975, 12.61717
-5.62623, -0.71185, 905.22723, 25.25431, 37.34975, 12.61717
-6.32951, -1.42370, 905.22723, 25.25431, 37.81086, 12.61717
-6.32951, -1.42370, 905.22723, 25.25431, 37.34975, 12.61717
-5.62623, -0.71185, 905.22723, 25.78458, 37.34975, 12.61717
-6.32951, -0.71185, 905.22723, 25.25431, 37.81086, 12.38777
-5.62623,  0.00000, 908.28931, 25.78458, 37.34975, 12.61717
-6.32951,  0.00000, 905.22723, 25.25431, 37.34975, 12.61717
-5.62623, -0.71185, 908.28931, 25.25431, 37.34975, 12.38777
-6.32951, -0.71185, 905.22723, 25.25431, 37.81086, 12.61717
-5.62623, -0.71185, 908.28931, 24.72403, 37.81086, 12.38777
-6.32951, -0.71185, 905.22723, 24.72403, 37.81086, 12.61717
-6.32951, -0.71185, 908.28931, 24.72403, 38.27196, 12.61717
-6.32951, -0.71185, 905.22723, 24.72403, 37.81086, 12.38777
-6.32951, -1.42370, 905.22723, 24.19376, 37.81086, 12.38777
-6.32951, -1.42370, 905.22723, 23.66349, 38.27196, 12.61717
-6.32951, -2.13555, 905.22723, 23.66349, 38.27196, 12.61717
-6.32951, -2.13555, 905.22723, 23.66349, 38.27196, 12.61717
-6.32951, -2.13555, 905.22723, 23.66349, 38.73307, 12.61717
-6.32951, -1.42370, 905.22723, 23.13321, 38.73307, 12.61717
-6.32951, -2.13555, 905.22723, 22.60294, 38.73307, 12.61717
-6.32951, -2.13555, 905.22723, 23.13321, 38.73307, 12.61717
-6.32951, -2.13555, 905.22723, 23.13321, 39.19418, 12.61717
-6.32951, -1.42370, 905.22723, 22.60294, 38.73307, 12.61717
-6.32951, -2.13555, 908.28931, 22.60294, 38.73307, 12.61717
-7.03279, -2.13555, 905.22723, 22.60294, 38.73307, 12.61717
-7.03279, -2.13555, 905.22723, 22.60294, 39.19418, 12.84658
-7.03279, -2.13555, 905.22723, 22.60294, 39.19418, 12.61717
-6.32951, -1.42370, 905.22723, 22.07266, 39.19418, 12.61717
-6.32951, -2.13555, 902.16515, 22.60294, 38.73307, 12.61717
-6.32951, -1.42370, 902.16515, 23.13321, 39.19418, 12.84658
-6.32951, -2.13555, 905.22723, 22.60294, 39.19418, 12.61717
-7.03279, -2.13555, 905.22723, 22.60294, 39.19418, 12.61717
-6.32951, -2.13555, 905.22723, 22.60294, 38.73307, 12.61717
-7.03279, -2.13555, 905.22723, 22.07266, 38.73307, 12.61717
-6.32951, -2.13555, 905.22723, 22.60294, 38.73307, 12.61717
-7.03279, -2.13555, 905.22723, 22.60294, 38.73307, 12.61717
-7.03279, -2.13555, 905.22723, 22.60294, 39.19418, 12.61717
-7.03279, -2.13555, 905.22723, 22.60294, 38.73307, 12.61717
-6.32951, -2.13555, 905.22723, 22.07266, 38.73307, 12.61717
-6.32951, -2.13555, 905.22723, 22.07266, 38.73307, 12.61717
-7.03279, -2.13555, 905.22723, 22.07266, 38.27196, 12.61717
-6.32951, -2.13555, 908.28931, 22.07266, 38.73307, 12.61717
-6.32951, -2.13555, 905.22723, 22.07266, 38.73307, 12.61717
-7.03279, -2.13555, 905.22723, 21.54239, 38.73307, 12.61717
-6.32951, -2.13555, 905.22723, 21.54239, 38.73307, 12.61717
-6.32951, -2.13555, 908.28931, 21.54239, 38.27196, 12.61717
-6.32951, -2.13555, 908.28931, 21.54239, 38.73307, 12.38777
-6.32951, -2.13555, 905.22723, 21.01212, 38.27196, 12.61717
-6.32951, -2.13555, 905.22723, 21.54239, 38.27196, 12.38777
-7.03279, -2.84740, 905.22723, 21.01212, 38.27196, 12.38777
-6.32951, -2.84740, 905.22723, 20.48184, 38.27196, 12.61717
-7.03279, -2.84740, 905.22723, 21.01212, 38.27196, 12.61717
-7.03279, -2.13555, 905.22723, 21.01212, 38.27196, 12.61717
-6.32951, -2.84740, 905.22723, 21.01212, 38.27196, 12.61717
-5.62623, -2.13555, 905.22723, 21.01212, 38.27196, 12.61717
-6.32951, -2.84740, 905.22723, 21.01212, 37.81086, 12.61717
-6.32951, -2.13555, 905.22723, 21.01212, 38.27196, 12.84658
-5.62623, -2.13555, 905.22723, 21.54239, 37.81086, 12.84658
-6.32951, -2.13555, 905.22723, 21.01212, 37.81086, 12.84658
-6.32951, -2.13555, 905.22723, 21.54239, 37.81086, 12.61717
-6.32951, -1.42370, 905.22723, 21.54239, 37.81086, 12.61717
-6.32951, -1.42370, 905.22723, 21.54239, 37.81086, 12.61717
-6.32951, -2.13555, 905.22723, 21.54239, 37.81086, 12.61717
-6.32951, -1.42370, 905.22723, 21.54239, 37.81086, 12.61717
-6.32951, -2.13555, 905.22723, 21.01212, 37.81086, 12.61717
-6.32951, -1.42370, 905.22723, 21.54239, 37.81086, 12.61717
-6.32951, -2.13555, 905.22723, 21.54239, 37.81086, 12.61717
-6.32951, -2.13555, 905.22723, 21.54239, 37.34975, 12.61717
-6.32951, -1.42370, 902.16515, 21.54239, 37.81086, 12.84658
-6.32951, -2.13555, 905.22723, 21.01212, 37.81086, 12.61717
-6.32951, -2.13555, 905.22723, 21.01212, 37.34975, 12.61717
-5.62623, -1.42370, 905.22723, 21.54239, 37.81086, 12.61717
-5.62623, -2.13555, 905.22723, 21.01212, 37.34975, 12.61717
-6.32951, -2.13555, 905.22723, 21.01212, 37.34975, 12.61717
-6.32951, -2.13555, 905.22723, 21.01212, 37.34975, 12.61717
-6.32951, -2.13555, 905.22723, 21.01212, 37.34975, 12.61717
-6.32951, -2.13555, 905.22723, 21.01212, 37.34975, 12.61717
-6.32951, -2.13555, 908.28931, 20.48184, 37.34975, 12.61717
-6.32951, -2.13555, 905.22723, 20.48184, 37.34975, 12.61717
-6.32951, -1.42370, 905.22723, 21.01212, 37.34975, 12.61717
-6.32951, -2.13555, 905.22723, 21.01212, 37.34975, 12.61717
-6.32951, -1.42370, 905.22723, 20.48184, 37.34975, 12.61717
-6.32951, -2.13555, 908.28931, 20.48184, 37.34975, 12.61717
-6.32951, -2.13555, 905.22723, 20.48184, 37.34975, 12.38777
-6.32951, -2.84740, 905.22723, 20.48184, 36.88864, 12.61717
-7.03279, -2.13555, 905.22723, 20.48184, 36.88864, 12.38777
-6.32951, -2.13555, 902.16515, 20.48184, 37.34975, 12.61717
-6.32951, -2.13555, 905.22723, 20.48184, 37.34975, 12.61717
-6.32951, -2.13555, 902.16515, 20.48184, 37.34975, 12.84658
-7.03279, -2.13555, 905.22723, 20.48184, 36.88864, 12.84658
-6.32951, -2.13555, 905.22723, 19.95157, 37.34975, 12.84658
-6.32951, -1.42370, 908.28931, 20.48184, 37.34975, 12.84658
-6.32951, -2.13555, 905.22723, 20.48184, 37.34975, 12.84658
-6.32951, -1.42370, 905.22723, 20.48184, 37.34975, 12.61717
-7.03279, -2.13555, 905.22723, 19.95157, 37.34975, 12.61717
-6.32951, -1.42370, 905.22723, 20.48184, 37.34975, 12.84658
-6.32951, -2.13555, 905.22723, 20.48184, 37.34975, 12.61717
-6.32951, -1.42370, 905.22723, 19.95157, 37.34975, 12.38777
-6.32951, -2.13555, 905.22723, 19.95157, 37.34975, 12.38777
-6.32951, -2.13555, 905.22723, 19.95157, 37.81086, 12.38777
-7.03279, -2.13555, 905.22723, 19.95157, 37.81086, 12.61717
-7.03279, -2.13555, 905.22723, 19.42129, 37.34975, 12.61717
-6.32951, -2.84740, 905.22723, 19.95157, 37.81086, 12.61717
-6.32951, -2.84740, 905.22723, 19.42129, 37.81086, 12.84658
-6.32951, -2.84740, 905.22723, 19.42129, 37.81086, 12.84658
-6.32951, -2.84740, 902.16515, 19.42129, 37.81086, 12.61717
-7.03279, -2.84740, 905.22723, 19.42129, 37.81086, 12.61717
-7.03279, -2.84740, 905.22723, 19.42129, 37.81086, 12.84658
-7.03279, -2.84740, 905.22723, 19.42129, 37.81086, 12.84658
-6.32951, -2.84740, 905.22723, 19.95157, 37.81086, 12.61717
-6.32951, -2.84740, 905.22723, 19.95157, 37.81086, 12.61717
-6.32951, -2.84740, 908.28931, 19.42129, 37.81086, 12.84658
-7.03279, -2.84740, 908.28931, 19.42129, 38.27196, 12.61717
-7.03279, -2.84740, 905.22723, 19.42129, 37.81086, 12.84658
-6.32951, -2.13555, 905.22723, 19.95157, 37.81086, 12.61717
-6.32951, -1.42370, 905.22723, 19.95157, 37.81086, 12.61717
-6.32951, -2.13555, 905.22723, 19.95157, 38.27196, 12.61717
-7.03279, -2.13555, 905.22723, 19.95157, 37.81086, 12.38777
-6.32951, -2.13555, 902.16515, 19.42129, 37.81086, 12.38777
-7.03279, -2.13555, 905.22723, 19.95157, 37.81086, 12.61717
-7.03279, -1.42370, 908.28931, 19.42129, 38.27196, 12.61717
-6.32951, -1.42370, 905.22723, 19.95157, 37.81086, 12.61717
-7.03279, -2.13555, 905.22723, 19.42129, 38.27196, 12.61717
-6.32951, -2.13555, 905.22723, 19.95157, 37.81086, 12.61717
-7.03279, -2.13555, 905.22723, 19.42129, 37.81086, 12.61717
-6.32951, -1.42370, 905.22723, 19.42129, 37.81086, 12.61717
-6.32951, -2.13555, 905.22723, 19.42129, 37.81086, 12.61717
-6.32951, -1.42370, 908.28931, 19.42129, 37.81086, 12.38777
-6.32951, -1.42370, 908.28931, 19.42129, 37.81086, 12.61717
-7.03279, -2.13555, 905.22723, 19.95157, 37.34975, 12.61717
-7.03279, -2.13555, 905.22723, 19.95157, 37.81086, 12.38777
-6.32951, -2.13555, 905.22723, 19.95157, 37.81086, 12.38777
-6.32951, -1.42370, 905.22723, 19.95157, 37.81086, 12.38777
-6.32951, -2.13555, 905.22723, 19.42129, 37.81086, 12.61717
-6.32951, -2.13555, 905.22723, 19.95157, 37.81086, 12.61717
-7.03279, -2.84740, 905.22723, 19.42129, 37.81086, 12.61717
-7.03279, -2.84740, 905.22723, 19.42129, 38.27196, 12.84658
-7.03279, -2.13555, 905.22723, 19.95157, 37.81086, 12.84658
-6.32951, -2.13555, 905.22723, 19.95157, 38.27196, 13.07598
-7.03279, -2.13555, 905.22723, 19.95157, 37.81086, 12.84658
-7.03279, -2.13555, 905.22723, 19.95157, 37.81086, 12.84658
-6.32951, -1.42370, 905.22723, 19.95157, 37.34975, 13.07598
-6.32951, -1.42370, 905.22723, 19.95157, 37.34975, 12.84658
-7.03279, -1.42370, 905.22723, 19.95157, 37.34975, 12.84658
-7.03279, -1.42370, 905.22723, 20.48184, 37.81086, 12.61717
-7.03279, -1.42370, 905.22723, 19.95157, 37.81086, 12.84658
-6.32951, -1.42370, 905.22723, 20.48184, 37.34975, 12.84658
-6.32951, -1.42370, 905.22723, 20.48184, 37.34975, 12.61717
-6.32951, -1.42370, 905.22723, 21.01212, 37.34975, 12.61717
-6.32951, -1.42370, 905.22723, 20.48184, 37.34975, 12.61717
-6.32951, -1.42370, 905.22723, 20.48184, 37.34975, 12.61717
-6.32951, -1.42370, 902.16515, 20.48184, 37.34975, 12.61717
-6.32951, -0.71185, 908.28931, 20.48184, 37.34975, 12.61717
-6.32951, -0.71185, 905.22723, 20.48184, 37.34975, 12.61717
-6.32951, -0.71185, 902.16515, 20.48184, 37.34975, 12.61717
-6.32951, -1.42370, 902.16515, 21.01212, 37.34975, 12.38777
-6.32951, -1.42370, 902.16515, 20.48184, 37.34975, 12.61717
-6.32951, -1.42370, 902.16515, 20.48184, 37.34975, 12.38777
-6.32951, -2.13555, 905.22723, 20.48184, 37.34975, 12.61717
-6.32951, -1.42370, 908.28931, 19.95157, 37.34975, 12.61717
-6.32951, -1.42370, 905.22723, 19.95157, 37.34975, 12.38777
-7.03279, -1.42370, 905.22723, 19.95157, 37.34975, 12.61717
-6.32951, -1.42370, 905.22723, 19.95157, 37.81086, 12.38777
-6.32951, -2.13555, 905.22723, 19.95157, 37.81086, 12.61717
-7.03279, -1.42370, 905.22723, 19.95157, 37.81086, 12.61717
-7.03279, -1.42370, 905.22723, 19.95157, 37.34975, 12.61717
-7.03279, -1.42370, 905.22723, 19.95157, 37.81086, 12.84658
-7.03279, -2.13555, 905.22723, 19.95157, 37.81086, 12.61717
-7.03279, -2.13555, 905.22723, 19.42129, 37.81086, 12.61717
-7.03279, -2.13555, 905.22723, 19.42129, 37.81086, 12.61717
-7.03279, -2.84740, 905.22723, 19.42129, 37.81086, 12.38777
-7.03279, -2.13555, 905.22723, 19.42129, 37.81086, 12.38777
-7.03279, -2.13555, 902.16515, 19.42129, 37.81086, 12.61717
-7.03279, -2.13555, 902.16515, 19.42129, 37.81086, 12.61717
-7.03279, -2.13555, 905.22723, 19.42129, 37.81086, 12.61717
-7.03279, -2.84740, 905.22723, 18.89102, 38.27196, 12.61717
-7.03279, -2.13555, 908.28931, 18.89102, 38.27196, 12.84658
-7.03279, -2.13555, 905.22723, 19.42129, 37.81086, 12.84658
-7.03279, -2.13555, 905.22723, 19.42129, 38.27196, 12.61717
-7.03279, -2.13555, 902.16515, 19.42129, 37.81086, 12.61717
-7.03279, -2.13555, 905.22723, 19.42129, 37.81086, 12.61717
-7.03279, -2.84740, 902.16515, 19.42129, 37.81086, 12.61717
-6.32951, -2.13555, 905.22723, 18.89102, 37.81086, 12.61717
-6.32951, -2.13555, 905.22723, 18.89102, 37.81086, 12.61717
-7.03279, -2.13555, 905.22723, 18.89102, 37.81086, 12.61717
-7.03279, -2.13555, 905.22723, 18.89102, 37.81086, 12.61717
-6.32951, -2.13555, 905.22723, 18.89102, 37.81086, 12.61717
-7.03279, -2.84740, 902.16515, 18.89102, 37.81086, 12.61717
-7.03279, -2.84740, 905.22723, 18.89102, 37.81086, 12.61717
-7.03279, -2.84740, 905.22723, 18.36074, 37.81086, 12.61717
-7.03279, -2.84740, 908.28931, 18.89102, 37.81086, 12.84658
-7.03279, -2.84740, 908.28931, 18.89102, 37.81086, 12.84658
-7.03279, -2.84740, 905.22723, 18.36074, 37.81086, 12.84658
-7.03279, -2.84740, 908.28931, 18.36074, 37.81086, 12.61717
-7.03279, -2.84740, 908.28931, 18.36074, 37.81086, 12.61717
-6.32951, -2.84740, 905.22723, 18.89102, 37.81086, 12.61717
-7.03279, -2.13555, 905.22723, 18.36074, 37.34975, 12.61717
-6.32951, -2.84740, 905.22723, 18.89102, 37.34975, 12.61717
-7.03279, -3.55925, 905.22723, 18.36074, 37.34975, 12.61717
-6.32951, -3.55925, 905.22723, 18.36074, 37.34975, 12.61717
-7.03279, -3.55925, 902.16515, 18.89102, 37.34975, 12.61717
-6.32951, -3.55925, 905.22723, 18.36074, 37.34975, 12.61717
-6.32951, -2.84740, 905.22723, 18.89102, 37.34975, 12.84658
-7.03279, -3.55925, 905.22723, 18.89102, 37.34975, 12.61717
-7.03279, -3.55925, 905.22723, 18.89102, 37.34975, 12.61717
-7.03279, -3.55925, 905.22723, 18.89102, 37.34975, 12.61717
-7.03279, -3.55925, 908.28931, 18.89102, 37.81086, 12.61717
-7.03279, -3.55925, 905.22723, 19.42129, 37.34975, 12.84658
-7.03279, -3.55925, 905.22723, 19.42129, 37.34975, 12.84658
-7.03279, -2.84740, 905.22723, 19.95157, 37.34975, 12.84658
-7.03279, -2.84740, 905.22723, 19.42129, 37.34975, 12.84658
-7.03279, -2.84740, 905.22723, 19.95157, 37.34975, 12.84658
-7.03279, -2.84740, 905.22723, 19.95157, 37.34975, 12.61717
-7.03279, -2.84740, 905.22723, 19.95157, 37.34975, 12.61717
-7.03279, -2.84740, 905.22723, 19.95157, 37.34975, 12.38777
-7.03279, -2.84740, 905.22723, 20.48184, 37.34975, 12.61717
-7.03279, -2.84740, 905.22723, 20.48184, 36.88864, 12.84658
-6.32951, -2.84740, 905.22723, 20.48184, 37.34975, 12.84658
-7.03279, -2.84740, 905.22723, 21.01212, 36.88864, 12.61717
-7.03279, -2.84740, 905.22723, 21.01212, 36.88864, 12.84658
-6.32951, -2.84740, 905.22723, 21.01212, 37.34975, 12.61717
-7.03279, -2.84740, 905.22723, 21.54239, 37.34975, 12.84658
-7.03279, -2.84740, 905.22723, 21.54239, 37.34975, 12.61717
-7.03279, -2.84740, 905.22723, 22.07266, 37.34975, 12.61717
-7.03279, -2.13555, 905.22723, 22.07266, 36.88864, 12.61717
-6.32951, -2.13555, 905.22723, 22.60294, 36.88864, 12.61717
-6.32951, -1.42370, 902.16515, 22.60294, 36.88864, 12.38777
-7.03279, -2.13555, 905.22723, 23.13321, 36.88864, 12.61717
-6.32951, -2.13555, 905.22723, 23.13321, 37.34975, 12.61717
-7.03279, -2.84740, 905.22723, 23.13321, 36.88864, 12.61717
-7.03279, -1.42370, 905.22723, 23.66349, 36.88864, 12.61717
-7.03279, -1.42370, 905.22723, 24.19376, 37.34975, 12.61717
-7.03279, -2.84740, 905.22723, 24.72403, 36.88864, 12.61717
-7.03279, -2.13555, 905.22723, 24.72403, 36.88864, 12.61717
-7.03279, -2.13555, 905.22723, 24.72403, 37.34975, 12.61717
-7.03279, -1.42370, 908.28931, 25.25431, 37.81086, 12.61717
-7.03279, -1.42370, 908.28931, 25.78458, 37.34975, 12.61717
-7.03279, -1.42370, 905.22723, 25.25431, 37.34975, 12.61717
-7.03279, -1.42370, 905.22723, 25.78458, 36.88864, 12.61717
-7.03279, -1.42370, 905.22723, 25.78458, 37.34975, 12.61717
-6.32951, -0.71185, 905.22723, 25.78458, 37.34975, 12.61717
-7.03279, -0.71185, 905.22723, 26.31486, 37.34975, 12.61717
-6.32951, -1.42370, 905.22723, 26.31486, 37.34975, 12.61717
-7.03279, -1.42370, 905.22723, 25.78458, 36.88864, 12.61717
-7.03279, -1.42370, 905.22723, 26.31486, 36.88864, 12.61717
-7.03279, -2.84740, 905.22723, 26.31486, 36.88864, 12.61717
-7.03279, -2.13555, 905.22723, 26.31486, 37.34975, 12.61717
-6.32951, -2.13555, 905.22723, 26.31486, 37.34975, 12.61717
-6.32951, -2.13555, 905.22723, 26.31486, 36.88864, 12.84658
-7.03279, -2.13555, 905.22723, 26.84513, 37.34975, 12.61717
-7.03279, -2.13555, 905.22723, 26.31486, 36.88864, 12.84658
-6.32951, -2.13555, 905.22723, 26.84513, 36.88864, 12.61717
-6.32951, -1.42370, 905.22723, 27.37541, 37.34975, 12.61717
-6.32951, -2.13555, 908.28931, 27.37541, 36.88864, 12.61717
-6.32951, -2.13555, 905.22723, 27.37541, 36.88864, 12.61717
-7.03279, -1.42370, 905.22723, 27.37541, 37.34975, 12.61717
-7.03279, -1.42370, 905.22723, 27.37541, 36.88864, 12.61717
-7.03279, -2.13555, 905.22723, 27.90568, 37.34975, 12.61717
-7.03279, -2.13555, 905.22723, 28.43595, 37.34975, 12.61717
-6.32951, -2.13555, 905.22723, 27.90568, 37.34975, 12.61717
-7.03279, -1.42370, 905.22723, 28.43595, 36.88864, 12.61717
-7.03279, -2.13555, 905.22723, 28.43595, 37.34975, 12.61717
-6.32951, -1.42370, 905.22723, 28.43595, 36.88864, 12.61717
-7.03279, -2.13555, 902.16515, 28.96623, 37.34975, 12.61717
-6.32951, -2.13555, 905.22723, 29.49650, 37.34975, 12.38777
-6.32951, -2.13555, 908.28931, 29.49650, 36.88864, 12.38777
-7.03279, -1.42370, 908.28931, 30.02678, 37.34975, 12.61717
-6.32951, -1.42370, 905.22723, 30.02678, 37.34975, 12.38777
-6.32951, -0.71185, 905.22723, 31.08732, 37.34975, 12.38777
-6.32951, -0.71185, 905.22723, 32.14787, 37.34975, 12.61717
-6.32951,  0.00000, 908.28931, 32.67815, 37.34975, 12.38777
-5.62623,  0.71185, 905.22723, 32.67815, 36.88864, 12.38777
-6.32951,  0.71185, 905.22723, 33.73870, 36.88864, 12.15837
-6.32951,  1.42370, 905.22723, 33.20842, 36.88864, 12.38777
-6.32951,  1.42370, 902.16515, 33.20842, 36.88864, 12.38777
-6.32951,  1.42370, 902.16515, 33.73870, 37.34975, 12.38777
-6.32951,  1.42370, 902.16515, 33.73870, 37.34975, 12.15837
-6.32951,  0.71185, 902.16515, 33.20842, 37.34975, 12.38777
-6.32951,  0.00000, 905.22723, 33.20842, 37.34975, 12.38777
-6.32951,  0.00000, 905.22723, 33.20842, 37.81086, 12.38777
-6.32951,  0.00000, 905.22723, 33.20842, 38.27196, 12.15837
-6.32951,  0.00000, 908.28931, 33.20842, 38.27196, 12.38777
-6.32951,  0.71185, 905.22723, 33.20842, 38.73307, 12.38777
-6.32951,  1.42370, 905.22723, 32.67815, 38.73307, 12.38777
-6.32951,  1.42370, 905.22723, 32.14787, 38.73307, 12.38777
-6.32951,  0.71185, 905.22723, 32.14787, 38.73307, 12.15837
-7.03279,  0.71185, 905.22723, 31.61760, 38.73307, 12.38777
-7.03279,  0.00000, 905.22723, 31.61760, 39.19418, 12.38777
-7.73607,  0.00000, 902.16515, 30.55705, 39.19418, 12.38777
-7.73607, -0.71185, 902.16515, 30.55705, 39.19418, 12.15837
-7.73607, -1.42370, 905.22723, 29.49650, 39.19418, 12.38777
-7.03279, -2.13555, 905.22723, 29.49650, 39.65529, 12.15837
-7.03279, -1.42370, 905.22723, 28.43595, 40.11640, 12.38777
-7.73607, -2.13555, 905.22723, 28.43595, 39.65529, 12.38777
-7.03279, -2.13555, 905.22723, 27.90568, 40.11640, 12.38777
-7.03279, -2.13555, 905.22723, 27.37541, 40.11640, 12.38777
-7.03279, -2.13555, 905.22723, 27.90568, 40.11640, 12.38777
-7.73607, -2.84740, 905.22723, 26.84513, 40.11640, 12.38777
-7.73607, -2.13555, 905.22723, 26.84513, 40.57750, 12.61717
-7.73607, -2.84740, 902.16515, 26.84513, 40.57750, 12.38777
-7.73607, -2.84740, 905.22723, 26.31486, 40.57750, 12.38777
-7.73607, -2.84740, 905.22723, 26.31486, 40.57750, 12.38777
-7.73607, -2.84740, 905.22723, 25.78458, 40.57750, 12.38777
-7.73607, -2.13555, 905.22723, 25.78458, 40.57750, 12.38777
-7.73607, -2.84740, 908.28931, 25.78458, 40.57750, 12.38777
-7.73607, -3.55925, 905.22723, 25.25431, 40.57750, 12.38777
-7.73607, -2.84740, 902.16515, 25.25431, 40.57750, 12.38777
-7.73607, -2.84740, 905.22723, 24.72403, 40.57750, 12.61717
-7.73607, -2.84740, 902.16515, 24.72403, 40.57750, 12.38777
-7.73607, -3.55925, 905.22723, 24.19376, 40.57750, 12.38777
-7.03279, -4.27110, 905.22723, 24.19376, 40.57750, 12.38777
-7.73607, -4.27110, 905.22723, 23.66349, 40.57750, 12.38777
-7.73607, -3.55925, 905.22723, 23.66349, 40.57750, 12.38777
-7.73607, -3.55925, 908.28931, 23.66349, 40.11640, 12.38777
-7.73607, -3.55925, 905.22723, 23.66349, 40.57750, 12.38777
-7.73607, -2.84740, 905.22723, 23.66349, 40.11640, 12.61717
-7.73607, -2.13555, 905.22723, 24.19376, 40.11640, 12.38777
-7.73607, -2.84740, 905.22723, 24.19376, 40.11640, 12.38777
-7.03279, -2.84740, 905.22723, 24.19376, 40.11640, 12.38777
-7.03279, -2.84740, 905.22723, 24.19376, 40.11640, 12.38777
-6.32951, -3.55925, 905.22723, 24.19376, 39.65529, 12.38777
-7.03279, -2.84740, 908.28931, 24.19376, 39.65529, 12.38777
-7.03279, -2.84740, 908.28931, 24.19376, 40.11640, 12.38777
-7.03279, -2.84740, 905.22723, 24.72403, 39.65529, 12.38777
-7.03279, -2.13555, 902.16515, 24.19376, 39.19418, 12.38777
-7.03279, -2.13555, 905.22723, 24.19376, 39.19418, 12.38777
-7.03279, -2.13555, 905.22723, 24.72403, 39.19418, 12.38777
-6.32951, -2.13555, 905.22723, 24.72403, 38.73307, 12.61717
-6.32951, -1.42370, 908.28931, 24.72403, 39.19418, 12.61717
