
-2.81312, -1.69064, 716.52659, 113.47868, -33.02686,  9.72096
-2.81312, -3.11434, 719.58867, 113.47868, -33.02686,  9.72096
-2.81312, -2.40249, 719.58867, 113.47868, -32.56575,  9.49156
-3.51640, -2.40249, 719.58867, 113.47868, -32.10464,  9.72096
-3.51640, -3.11434, 719.58867, 113.47868, -31.64354,  9.95036
-4.21968, -2.40249, 719.58867, 114.00895, -31.64354,  9.95036
-4.21968, -3.11434, 719.58867, 113.47868, -32.10464,  9.72096
-3.51640, -2.40249, 722.65075, 112.94840, -32.56575,  9.95036
-3.51640, -3.11434, 719.58867, 112.94840, -32.56575,  9.72096
-3.51640, -3.11434, 722.65075, 112.94840, -32.56575,  9.72096
-4.21968, -3.11434, 722.65075, 112.41813, -32.56575,  9.95036
-4.92295, -3.11434, 719.58867, 111.35758, -31.64354,  9.95036
-4.92295, -3.82619, 722.65075, 111.35758, -31.64354,  9.95036
-4.92295, -3.82619, 722.65075, 110.82731, -31.18243,  9.95036
-4.92295, -4.53805, 722.65075, 110.82731, -30.72132,  9.95036
-4.92295, -4.53805, 719.58867, 110.29703, -30.26021,  9.95036
-5.62623, -3.82619, 719.58867, 110.29703, -30.26021, 10.17976
-4.92295, -4.53805, 719.58867, 109.76676, -30.26021, 10.17976
-4.92295, -4.53805, 719.58867, 109.76676, -30.26021,  9.95036
-4.21968, -4.53805, 719.58867, 110.29703, -30.26021,  9.72096
-4.92295, -4.53805, 719.58867, 110.29703, -30.72132,  9.95036
-4.21968, -4.53805, 722.65075, 110.29703, -31.18243,  9.95036
-4.92295, -4.53805, 719.58867, 110.29703, -31.18243, 10.17976
-4.92295, -4.53805, 722.65075, 110.82731, -31.18243, 10.17976
-4.92295, -4.53805, 722.65075, 110.82731, -30.72132, 10.17976
-4.92295, -4.53805, 725.71282, 110.82731, -30.72132, 10.17976
-4.21968, -4.53805, 722.65075, 110.82731, -31.18243,  9.95036
-4.21968, -4.53805, 722.65075, 110.82731, -31.18243, 10.17976
-4.92295, -4.53805, 722.65075, 111.35758, -31.18243, 10.17976
-5.62623, -4.53805, 719.58867, 111.35758, -30.72132, 10.40917
-4.92295, -3.82619, 719.58867, 110.82731, -30.72132, 10.40917
-5.62623, -3.82619, 716.52659, 111.35758, -30.26021, 10.17976
-4.21968, -4.53805, 722.65075, 111.35758, -31.18243, 10.17976
-4.92295, -4.53805, 722.65075, 111.88786, -31.18243, 10.17976
-4.92295, -4.53805, 722.65075, 111.88786, -31.18243, 10.17976
-5.62623, -3.82619, 719.58867, 112.41813, -31.18243, 10.63857
-5.62623, -3.11434, 719.58867, 112.41813, -31.18243, 10.17976
-5.62623, -3.11434, 719.58867, 112.41813, -31.18243, 10.40917
-4.92295, -3.11434, 719.58867, 111.88786, -31.64354, 10.17976
-4.92295, -3.11434, 719.58867, 111.88786, -32.10464, 10.17976
-4.92295, -3.11434, 719.58867, 112.41813, -32.10464, 10.17976
-4.92295, -2.40249, 719.58867, 111.88786, -32.10464,  9.95036
-4.92295, -3.11434, 719.58867, 112.41813, -32.56575,  9.95036
-4.21968, -3.11434, 719.58867, 112.41813, -32.56575,  9.72096
-3.51640, -3.11434, 719.58867, 112.41813, -33.48797,  9.72096
-3.51640, -3.11434, 719.58867, 112.41813, -33.48797,  9.72096
-3.51640, -3.11434, 722.65075, 112.94840, -33.94908,  9.72096
-4.21968, -2.40249, 719.58867, 112.94840, -33.94908,  9.72096
-4.21968, -3.11434, 719.58867, 112.94840, -33.94908,  9.72096
-3.51640, -2.40249, 719.58867, 113.47868, -33.48797,  9.72096
-3.51640, -2.40249, 722.65075, 113.47868, -33.94908,  9.72096
-3.51640, -2.40249, 722.65075, 112.94840, -33.94908,  9.72096
-3.51640, -1.69064, 719.58867, 113.47868, -33.94908,  9.95036
-3.51640, -2.40249, 722.65075, 112.94840, -33.94908,  9.95036
-3.51640, -2.40249, 719.58867, 112.94840, -33.94908,  9.95036
-4.21968, -2.40249, 719.58867, 112.41813, -33.48797,  9.95036
-3.51640, -2.40249, 719.58867, 112.41813, -33.94908,  9.95036
-4.21968, -3.11434, 719.58867, 112.41813, -33.48797,  9.95036
-4.21968, -3.11434, 719.58867, 112.41813, -33.48797, 10.17976
-3.51640, -3.11434, 716.52659, 112.41813, -33.02686, 10.17976
-3.51640, -3.11434, 719.58867, 111.88786, -33.02686,  9.95036
-4.21968, -3.82619, 719.58867, 111.88786, -33.02686, 10.17976
-4.21968, -3.11434, 719.58867, 111.88786, -33.02686,  9.95036
-3.51640, -3.11434, 719.58867, 111.35758, -33.02686,  9.95036
-4.21968, -3.82619, 722.65075, 111.88786, -33.02686,  9.95036
-4.21968, -3.11434, 719.58867, 111.88786, -33.02686,  9.95036
-4.21968, -3.11434, 722.65075, 111.88786, -32.56575,  9.95036
-4.92295, -3.11434, 719.58867, 111.88786, -32.56575,  9.95036
-4.92295, -3.82619, 722.65075, 110.82731, -32.56575,  9.95036
-4.92295, -3.82619, 719.58867, 110.82731, -32.56575,  9.95036
-4.92295, -3.82619, 719.58867, 110.82731, -33.02686,  9.95036
-4.92295, -4.53805, 719.58867, 110.29703, -33.02686,  9.95036
-4.21968, -4.53805, 719.58867, 110.29703, -33.02686,  9.95036
-4.21968, -3.82619, 719.58867, 110.29703, -32.56575,  9.95036
-4.21968, -3.82619, 719.58867, 110.29703, -33.02686,  9.95036
-3.51640, -4.53805, 719.58867, 110.29703, -33.02686,  9.95036
-4.92295, -4.53805, 722.65075, 110.29703, -32.56575,  9.95036
-4.21968, -4.53805, 722.65075, 109.76676, -32.56575,  9.95036
-4.92295, -3.82619, 722.65075, 110.29703, -32.10464,  9.95036
-4.92295, -3.82619, 722.65075, 110.29703, -32.10464,  9.95036
-4.92295, -3.82619, 719.58867, 110.29703, -32.10464,  9.95036
-4.92295, -3.82619, 719.58867, 109.76676, -32.10464,  9.72096
-4.92295, -3.82619, 719.58867, 109.76676, -32.10464,  9.72096
-4.92295, -3.82619, 719.58867, 109.76676, -32.56575,  9.95036
-4.21968, -3.82619, 716.52659, 109.76676, -32.56575,  9.95036
-4.21968, -3.82619, 716.52659, 110.29703, -32.10464,  9.95036
-4.92295, -3.82619, 719.58867, 110.82731, -32.56575,  9.72096
-4.21968, -3.82619, 722.65075, 110.82731, -32.56575,  9.72096
-4.92295, -4.53805, 722.65075, 110.82731, -32.56575,  9.72096
-4.92295, -3.11434, 719.58867, 110.82731, -32.56575,  9.72096
-4.92295, -3.82619, 722.65075, 110.82731, -32.10464,  9.95036
-4.92295, -3.82619, 722.65075, 110.82731, -32.56575,  9.95036
-4.21968, -3.82619, 722.65075, 111.35758, -32.10464,  9.95036
-4.92295, -3.82619, 722.65075, 111.35758, -32.56575,  9.95036
-4.92295, -3.11434, 719.58867, 111.35758, -32.56575,  9.95036
-4.21968, -3.82619, 719.58867, 111.35758, -32.56575,  9.95036
-4.21968, -3.11434, 719.58867, 111.35758, -32.56575,  9.95036
-4.21968, -3.82619, 719.58867, 111.35758, -32.56575, 10.17976
-3.51640, -3.11434, 719.58867, 111.35758, -32.56575,  9.95036
-3.51640, -3.11434, 719.58867, 111.35758, -32.10464,  9.95036
-4.92295, -3.11434, 719.58867, 111.88786, -32.10464, 10.17976
-4.92295, -2.40249, 722.65075, 112.41813, -32.10464, 10.17976
-4.92295, -2.40249, 722.65075, 112.41813, -32.10464, 10.17976
-4.92295, -3.11434, 719.58867, 111.88786, -31.64354, 10.17976
-4.21968, -3.11434, 719.58867, 111.88786, -32.10464, 10.17976
-4.21968, -3.11434, 719.58867, 111.88786, -31.64354, 10.17976
-4.92295, -3.11434, 719.58867, 111.88786, -32.10464, 10.40917
-4.92295, -2.40249, 722.65075, 112.41813, -31.18243, 10.40917
-4.92295, -2.40249, 722.65075, 111.88786, -30.72132, 10.40917
-5.62623, -2.40249, 719.58867, 111.88786, -30.72132, 10.40917
-5.62623, -2.40249, 722.65075, 112.41813, -30.72132, 10.40917
-4.92295, -2.40249, 722.65075, 112.41813, -30.72132, 10.17976
-5.62623, -3.11434, 719.58867, 111.88786, -30.72132, 10.17976
-5.62623, -3.11434, 722.65075, 111.88786, -30.72132, 10.17976
-5.62623, -2.40249, 719.58867, 111.88786, -30.72132, 10.17976
-4.92295, -3.11434, 722.65075, 111.35758, -30.72132, 10.17976
-4.92295, -3.11434, 722.65075, 111.35758, -30.72132,  9.95036
-4.92295, -3.11434, 722.65075, 110.82731, -31.18243,  9.95036
-5.62623, -3.82619, 722.65075, 110.82731, -31.18243,  9.95036
-5.62623, -3.82619, 719.58867, 110.82731, -30.72132,  9.95036
-5.62623, -4.53805, 719.58867, 110.82731, -31.18243,  9.95036
-4.92295, -3.82619, 719.58867, 109.76676, -31.18243,  9.95036
-4.21968, -4.53805, 722.65075, 109.76676, -31.64354,  9.72096
-4.92295, -3.82619, 719.58867, 109.76676, -32.10464,  9.72096
-4.92295, -4.53805, 719.58867, 109.23649, -31.64354,  9.72096
-4.92295, -3.82619, 719.58867, 109.23649, -31.64354,  9.72096
-4.21968, -3.82619, 719.58867, 109.23649, -31.64354,  9.95036
-4.21968, -3.82619, 719.58867, 109.76676, -32.10464,  9.72096
-4.21968, -4.53805, 722.65075, 109.76676, -32.10464,  9.72096
-4.21968, -4.53805, 722.65075, 109.76676, -32.10464,  9.72096
-4.21968, -4.53805, 719.58867, 110.29703, -32.56575,  9.95036
-4.92295, -3.82619, 722.65075, 109.76676, -32.10464,  9.95036
-4.21968, -3.11434, 722.65075, 109.76676, -32.10464,  9.95036
-4.21968, -4.53805, 722.65075, 110.29703, -32.10464,  9.95036
-4.21968, -3.82619, 722.65075, 110.29703, -32.56575, 10.17976
-4.92295, -3.11434, 719.58867, 110.29703, -32.10464,  9.95036
-4.92295, -3.82619, 719.58867, 110.29703, -32.10464, 10.17976
-4.92295, -3.11434, 719.58867, 110.29703, -32.56575, 10.17976
-4.21968, -3.11434, 719.58867, 110.82731, -32.56575, 10.17976
-4.21968, -3.82619, 719.58867, 110.82731, -33.02686,  9.95036
-4.21968, -3.82619, 722.65075, 110.82731, -33.48797,  9.95036
-4.21968, -3.11434, 719.58867, 110.82731, -33.02686, 10.17976
-4.92295, -3.11434, 722.65075, 111.35758, -33.02686, 10.17976
-4.21968, -2.40249, 722.65075, 111.35758, -33.02686, 10.40917
-4.21968, -2.40249, 719.58867, 111.35758, -33.02686, 10.17976
-3.51640, -2.40249, 722.65075, 111.88786, -33.02686, 10.17976
-3.51640, -3.11434, 719.58867, 111.88786, -33.02686,  9.95036
-4.21968, -3.11434, 722.65075, 111.35758, -33.02686, 10.17976
-3.51640, -3.11434, 719.58867, 111.35758, -33.02686, 10.17976
-3.51640, -3.11434, 719.58867, 111.35758, -33.02686, 10.17976
-3.51640, -3.11434, 719.58867, 111.35758, -32.56575,  9.95036
-3.51640, -3.11434, 722.65075, 111.35758, -33.02686,  9.95036
-3.51640, -3.11434, 722.65075, 111.88786, -33.02686,  9.72096
-3.51640, -3.11434, 719.58867, 111.35758, -33.02686,  9.72096
-3.51640, -3.11434, 722.65075, 111.35758, -33.02686,  9.95036
-3.51640, -3.11434, 722.65075, 111.35758, -32.56575,  9.95036
-3.51640, -2.40249, 722.65075, 111.35758, -33.02686,  9.95036
-3.51640, -2.40249, 722.65075, 111.88786, -33.02686,  9.95036
-3.51640, -3.11434, 722.65075, 111.35758, -33.02686,  9.95036
-4.21968, -2.40249, 722.65075, 111.35758, -32.56575,  9.95036
-4.92295, -3.11434, 722.65075, 111.35758, -32.56575, 10.17976
-4.92295, -2.40249, 722.65075, 110.82731, -32.56575, 10.17976
-4.92295, -2.40249, 719.58867, 111.35758, -32.56575, 10.17976
-4.92295, -3.11434, 722.65075, 111.35758, -32.56575,  9.95036
-4.92295, -3.11434, 719.58867, 110.82731, -32.56575,  9.95036
-4.92295, -2.40249, 719.58867, 110.82731, -32.56575, 10.17976
-5.62623, -3.11434, 719.58867, 110.29703, -32.56575, 10.17976
-4.92295, -2.40249, 719.58867, 110.29703, -32.10464, 10.40917
-4.92295, -3.11434, 719.58867, 110.29703, -32.10464, 10.17976
-4.92295, -3.11434, 719.58867, 110.29703, -32.56575,  9.95036
-3.51640, -3.82619, 719.58867, 110.29703, -32.56575,  9.95036
-4.21968, -4.53805, 722.65075, 109.76676, -33.02686,  9.95036
-4.21968, -3.82619, 722.65075, 110.29703, -33.02686,  9.95036
-4.21968, -4.53805, 719.58867, 109.76676, -33.02686, 10.17976
-4.21968, -4.53805, 722.65075, 109.76676, -33.48797,  9.95036
-4.21968, -4.53805, 722.65075, 109.23649, -33.48797,  9.95036
-3.51640, -4.53805, 722.65075, 109.23649, -33.48797,  9.72096
-4.21968, -4.53805, 719.58867, 109.23649, -33.94908,  9.72096
-3.51640, -3.82619, 722.65075, 109.23649, -33.94908,  9.95036
-2.81312, -3.82619, 719.58867, 109.23649, -33.94908,  9.95036
-3.51640, -4.53805, 719.58867, 109.23649, -33.94908,  9.95036
-3.51640, -4.53805, 719.58867, 109.23649, -33.94908,  9.72096
-3.51640, -3.82619, 719.58867, 109.76676, -34.41018,  9.95036
-3.51640, -3.82619, 719.58867, 109.76676, -33.94908,  9.95036
-4.21968, -3.82619, 722.65075, 109.23649, -33.94908,  9.95036
-4.21968, -3.82619, 719.58867, 109.76676, -33.94908, 10.17976
-4.21968, -3.82619, 722.65075, 109.76676, -33.94908, 10.17976
-3.51640, -3.82619, 722.65075, 109.76676, -33.48797,  9.95036
-4.21968, -3.11434, 722.65075, 110.29703, -33.94908, 10.17976
-4.21968, -3.82619, 722.65075, 109.76676, -33.48797,  9.95036
-4.21968, -3.82619, 719.58867, 109.76676, -33.48797,  9.95036
-4.92295, -3.82619, 719.58867, 109.76676, -33.02686, 10.17976
-4.21968, -3.82619, 719.58867, 109.76676, -33.02686, 10.17976
-4.21968, -3.11434, 719.58867, 110.29703, -33.02686, 10.17976
-4.21968, -3.11434, 722.65075, 110.29703, -33.02686,  9.95036
-4.92295, -3.82619, 719.58867, 110.29703, -33.02686,  9.95036
-4.21968, -3.82619, 719.58867, 110.29703, -33.48797,  9.95036
-5.62623, -3.11434, 722.65075, 110.29703, -33.02686, 10.17976
-4.92295, -3.11434, 722.65075, 110.29703, -33.02686, 10.17976
-4.21968, -3.11434, 722.65075, 110.29703, -33.94908,  9.95036
-3.51640, -3.11434, 722.65075, 110.29703, -33.48797,  9.95036
-3.51640, -3.82619, 722.65075, 109.76676, -33.94908,  9.95036
-3.51640, -3.82619, 722.65075, 109.76676, -33.94908,  9.95036
-4.21968, -3.82619, 722.65075, 110.29703, -33.94908,  9.95036
-3.51640, -3.11434, 719.58867, 110.29703, -33.94908,  9.95036
-3.51640, -3.82619, 719.58867, 109.76676, -33.94908,  9.95036
-2.81312, -3.82619, 719.58867, 110.29703, -34.41018,  9.95036
-3.51640, -3.82619, 722.65075, 110.29703, -34.41018,  9.95036
-4.21968, -3.11434, 722.65075, 110.29703, -33.94908,  9.95036
-4.21968, -3.11434, 719.58867, 110.29703, -33.94908, 10.17976
-3.51640, -3.11434, 719.58867, 110.82731, -33.94908, 10.17976
-4.21968, -3.11434, 719.58867, 110.82731, -33.94908, 10.17976
-3.51640, -3.11434, 719.58867, 110.82731, -33.94908,  9.95036
-3.51640, -3.11434, 722.65075, 110.82731, -34.41018,  9.95036
-3.51640, -3.11434, 725.71282, 111.35758, -34.41018,  9.95036
-4.21968, -2.40249, 725.71282, 111.88786, -33.94908, 10.17976
-4.92295, -2.40249, 722.65075, 111.35758, -33.94908, 10.17976
-4.21968, -2.40249, 722.65075, 111.35758, -34.41018, 10.17976
-4.21968, -3.11434, 725.71282, 111.35758, -34.41018, 10.17976
-3.51640, -3.11434, 722.65075, 110.82731, -34.41018,  9.95036
-4.21968, -3.82619, 722.65075, 111.35758, -34.41018,  9.95036
-3.51640, -3.11434, 722.65075, 111.35758, -34.41018, 10.17976
-4.21968, -3.11434, 722.65075, 110.82731, -34.41018, 10.17976
-2.81312, -3.11434, 719.58867, 111.35758, -34.41018,  9.95036
-2.81312, -3.11434, 719.58867, 111.35758, -34.87129,  9.95036
-2.81312, -3.11434, 719.58867, 111.88786, -34.87129,  9.72096
-3.51640, -2.40249, 719.58867, 111.35758, -34.87129,  9.95036
-3.51640, -2.40249, 719.58867, 111.35758, -34.41018, 10.17976
-4.21968, -2.40249, 722.65075, 111.88786, -34.41018, 10.17976
-3.51640, -2.40249, 722.65075, 111.88786, -34.41018, 10.17976
-4.21968, -2.40249, 722.65075, 112.41813, -34.41018, 10.17976
-3.51640, -1.69064, 719.58867, 112.41813, -34.41018,  9.95036
-4.21968, -1.69064, 722.65075, 111.88786, -34.41018, 10.17976
-4.21968, -1.69064, 722.65075, 111.88786, -33.94908, 10.17976
-4.92295, -1.69064, 719.58867, 111.88786, -33.48797, 10.40917
-4.92295, -2.40249, 719.58867, 111.35758, -33.48797, 10.40917
-4.21968, -3.11434, 719.58867, 110.82731, -33.48797, 10.17976
-3.51640, -3.11434, 719.58867, 111.35758, -33.48797,  9.95036
-4.21968, -3.11434, 719.58867, 110.82731, -33.02686, 10.17976
-4.92295, -3.11434, 719.58867, 110.82731, -33.02686, 10.17976
-4.92295, -3.11434, 722.65075, 110.82731, -33.02686, 10.40917
-4.92295, -3.11434, 719.58867, 110.29703, -32.56575, 10.40917
-4.92295, -3.11434, 722.65075, 110.29703, -32.56575, 10.40917
-4.92295, -3.82619, 719.58867, 110.29703, -33.02686, 10.17976
-4.92295, -3.11434, 719.58867, 110.29703, -32.56575,  9.95036
-4.92295, -3.11434, 722.65075, 109.76676, -32.56575, 10.17976
-5.62623, -3.11434, 719.58867, 109.76676, -32.10464, 10.17976
-6.32951, -3.11434, 719.58867, 109.23649, -32.10464, 10.40917
-6.32951, -3.11434, 719.58867, 109.76676, -32.10464, 10.17976
-5.62623, -3.11434, 719.58867, 109.23649, -32.10464,  9.95036
-5.62623, -3.82619, 719.58867, 108.70621, -32.56575, 10.17976
-4.92295, -3.82619, 722.65075, 108.17594, -32.56575, 10.17976
-5.62623, -3.82619, 719.58867, 108.70621, -32.56575, 10.17976
-4.92295, -4.53805, 719.58867, 108.17594, -33.02686,  9.95036
-4.21968, -4.53805, 722.65075, 108.17594, -33.48797,  9.72096
-4.21968, -4.53805, 722.65075, 108.17594, -33.48797,  9.72096
-3.51640, -4.53805, 722.65075, 108.17594, -33.94908,  9.72096
-4.21968, -4.53805, 719.58867, 108.17594, -33.48797,  9.95036
-4.21968, -4.53805, 719.58867, 108.17594, -33.94908,  9.72096
-4.21968, -4.53805, 722.65075, 108.17594, -33.94908,  9.95036
-4.92295, -4.53805, 722.65075, 108.17594, -34.41018,  9.95036
-4.21968, -4.53805, 722.65075, 108.17594, -34.41018, 10.17976
-4.21968, -3.82619, 722.65075, 108.70621, -34.41018,  9.95036
-4.21968, -3.82619, 719.58867, 108.17594, -34.87129, 10.17976
-4.21968, -3.82619, 719.58867, 108.17594, -34.41018, 10.40917
-4.21968, -4.53805, 719.58867, 108.17594, -34.41018, 10.40917
-4.21968, -3.82619, 716.52659, 108.70621, -34.41018, 10.40917
-4.92295, -3.82619, 719.58867, 108.70621, -34.41018, 10.40917
-4.21968, -3.82619, 719.58867, 109.23649, -34.41018, 10.40917
-4.92295, -3.82619, 719.58867, 108.70621, -34.41018, 10.40917
-4.21968, -3.11434, 719.58867, 109.23649, -34.87129, 10.17976
-4.21968, -3.11434, 719.58867, 109.23649, -34.41018, 10.40917
-4.92295, -3.11434, 719.58867, 109.76676, -34.41018, 10.40917
-4.92295, -3.11434, 719.58867, 109.76676, -34.87129, 10.40917
-4.21968, -3.11434, 722.65075, 109.76676, -34.87129, 10.40917
-4.92295, -3.11434, 722.65075, 110.29703, -34.87129, 10.40917
-4.92295, -3.11434, 725.71282, 110.29703, -34.87129, 10.17976
-4.21968, -3.11434, 719.58867, 110.29703, -34.87129, 10.17976
-4.21968, -3.82619, 722.65075, 109.76676, -35.33240, 10.17976
-4.21968, -3.11434, 719.58867, 109.76676, -35.33240, 10.17976
-4.21968, -2.40249, 719.58867, 109.76676, -35.33240, 10.17976
-4.21968, -2.40249, 719.58867, 109.76676, -36.25462, 10.40917
-3.51640, -3.11434, 719.58867, 109.23649, -36.25462, 10.17976
-3.51640, -3.11434, 722.65075, 109.23649, -36.71572,  9.95036
-2.81312, -3.11434, 722.65075, 110.29703, -37.17683,  9.95036
-3.51640, -3.11434, 719.58867, 109.76676, -37.17683,  9.95036
-3.51640, -2.40249, 719.58867, 109.76676, -37.17683, 10.17976
-3.51640, -2.40249, 719.58867, 110.29703, -37.17683, 10.17976
-3.51640, -2.40249, 722.65075, 110.82731, -37.17683, 10.17976
-3.51640, -2.40249, 719.58867, 110.82731, -37.63794, 10.17976
-3.51640, -3.11434, 719.58867, 110.29703, -37.63794,  9.72096
-2.81312, -3.11434, 719.58867, 109.76676, -37.17683,  9.72096
-2.81312, -3.11434, 719.58867, 109.23649, -37.63794,  9.72096
-3.51640, -3.82619, 719.58867, 109.76676, -37.63794,  9.95036
-3.51640, -3.82619, 719.58867, 109.23649, -37.17683,  9.72096
-2.81312, -3.82619, 722.65075, 109.23649, -37.17683,  9.72096
-2.81312, -3.82619, 719.58867, 108.70621, -37.17683,  9.72096
-2.81312, -3.82619, 722.65075, 108.70621, -37.17683,  9.72096
-3.51640, -3.82619, 722.65075, 108.70621, -37.17683,  9.72096
-3.51640, -3.11434, 719.58867, 108.70621, -36.71572,  9.95036
-4.21968, -3.82619, 719.58867, 108.70621, -35.79351, 10.17976
-4.21968, -3.82619, 722.65075, 109.23649, -36.25462, 10.40917
-4.21968, -3.82619, 719.58867, 108.70621, -35.79351, 10.17976
-4.21968, -3.82619, 722.65075, 108.70621, -35.79351, 10.17976
-4.21968, -3.82619, 719.58867, 108.70621, -35.79351, 10.40917
-4.92295, -3.82619, 716.52659, 108.70621, -34.87129, 10.40917
-4.92295, -3.82619, 719.58867, 108.70621, -34.87129, 10.40917
-4.92295, -3.82619, 719.58867, 108.70621, -35.33240, 10.63857
-4.92295, -3.11434, 719.58867, 109.23649, -34.87129, 10.63857
-4.92295, -3.11434, 719.58867, 109.23649, -34.41018, 10.63857
-5.62623, -3.11434, 722.65075, 109.23649, -34.87129, 10.40917
-5.62623, -3.11434, 722.65075, 109.23649, -34.87129, 10.40917
-6.32951, -3.11434, 719.58867, 108.70621, -34.87129, 10.40917
-4.92295, -3.11434, 719.58867, 108.70621, -34.41018, 10.40917
-4.92295, -3.11434, 722.65075, 108.70621, -34.87129, 10.40917
-4.92295, -3.11434, 719.58867, 109.23649, -34.87129, 10.17976
-4.92295, -3.11434, 719.58867, 109.23649, -34.87129, 10.17976
-4.92295, -3.82619, 722.65075, 108.70621, -35.33240, 10.17976
-4.92295, -3.82619, 719.58867, 108.70621, -34.87129, 10.40917
-4.21968, -3.82619, 719.58867, 108.17594, -35.33240, 10.17976
-4.21968, -4.53805, 719.58867, 108.17594, -35.33240,  9.95036
-4.21968, -3.82619, 719.58867, 108.70621, -34.87129,  9.95036
-4.92295, -3.82619, 719.58867, 108.70621, -34.87129, 10.17976
-4.92295, -3.11434, 719.58867, 108.70621, -34.87129, 10.17976
-4.92295, -3.11434, 722.65075, 108.70621, -35.33240, 10.17976
-4.92295, -3.11434, 722.65075, 108.70621, -35.33240, 10.17976
-4.92295, -3.82619, 722.65075, 109.23649, -35.33240, 10.17976
-4.21968, -3.82619, 719.58867, 109.23649, -35.33240, 10.17976
-4.92295, -3.82619, 722.65075, 109.23649, -35.33240, 10.17976
-4.92295, -3.11434, 719.58867, 109.76676, -35.33240, 10.17976
-4.92295, -3.11434, 719.58867, 109.23649, -35.33240, 10.17976
-4.21968, -3.11434, 719.58867, 108.70621, -35.79351, 10.17976
-4.21968, -3.11434, 719.58867, 109.23649, -35.79351, 10.17976
-3.51640, -3.11434, 719.58867, 109.23649, -35.79351, 10.17976
-4.21968, -3.11434, 719.58867, 109.76676, -36.25462, 10.17976
-4.21968, -3.82619, 719.58867, 109.76676, -35.79351, 10.40917
-4.21968, -3.11434, 719.58867, 109.76676, -35.79351, 10.40917
-4.21968, -3.11434, 722.65075, 109.76676, -35.79351, 10.17976
-4.21968, -3.11434, 722.65075, 109.76676, -35.79351, 10.40917
-4.92295, -3.11434, 722.65075, 110.29703, -36.25462, 10.40917
-4.92295, -3.11434, 722.65075, 109.76676, -35.79351, 10.40917
-4.21968, -3.11434, 719.58867, 110.29703, -35.79351, 10.40917
-4.21968, -2.40249, 719.58867, 109.76676, -35.79351, 10.40917
-4.21968, -2.40249, 722.65075, 109.76676, -36.25462, 10.40917
-3.51640, -3.11434, 719.58867, 109.76676, -36.71572, 10.40917
-4.21968, -3.11434, 719.58867, 109.76676, -36.25462, 10.17976
-4.21968, -2.40249, 719.58867, 109.76676, -36.25462, 10.63857
-4.21968, -2.40249, 722.65075, 110.29703, -35.79351, 10.63857
-4.92295, -2.40249, 719.58867, 110.29703, -35.79351, 10.63857
-4.92295, -2.40249, 719.58867, 110.29703, -35.79351, 10.63857
-4.92295, -2.40249, 719.58867, 110.29703, -35.79351, 10.40917
-4.21968, -3.11434, 722.65075, 110.29703, -36.25462, 10.40917
-4.21968, -2.40249, 719.58867, 110.29703, -35.79351, 10.40917
-4.92295, -3.11434, 722.65075, 110.29703, -36.25462, 10.40917
-4.92295, -3.11434, 719.58867, 110.29703, -36.25462, 10.17976
-4.92295, -2.40249, 719.58867, 109.76676, -36.25462, 10.40917
-4.21968, -3.11434, 719.58867, 110.29703, -36.25462, 10.17976
-4.92295, -3.11434, 722.65075, 109.23649, -36.25462,  9.95036
-4.92295, -3.11434, 722.65075, 109.76676, -36.25462,  9.95036
-4.21968, -3.11434, 722.65075, 109.23649, -36.71572,  9.95036
-4.21968, -3.82619, 722.65075, 109.23649, -36.71572, 10.17976
-3.51640, -4.53805, 722.65075, 108.70621, -36.71572,  9.95036
-3.51640, -3.82619, 719.58867, 108.70621, -36.71572,  9.95036
-4.21968, -3.82619, 719.58867, 108.70621, -36.71572, 10.40917
-4.21968, -3.82619, 719.58867, 108.70621, -36.25462, 10.40917
-4.21968, -4.53805, 722.65075, 108.17594, -36.71572, 10.40917
-3.51640, -4.53805, 719.58867, 108.17594, -36.71572, 10.17976
-4.21968, -4.53805, 722.65075, 108.70621, -36.71572, 10.17976
-4.92295, -4.53805, 719.58867, 109.23649, -36.25462, 10.17976
-4.92295, -3.82619, 716.52659, 109.23649, -36.25462, 10.40917
-5.62623, -3.82619, 716.52659, 108.70621, -36.25462, 10.63857
-4.92295, -3.11434, 716.52659, 109.23649, -35.79351, 10.40917
-4.92295, -3.11434, 719.58867, 109.23649, -35.79351, 10.40917
-4.92295, -3.11434, 719.58867, 109.76676, -36.25462, 10.17976
-4.92295, -2.40249, 722.65075, 110.29703, -36.25462, 10.17976
-5.62623, -2.40249, 722.65075, 110.82731, -36.25462, 10.40917
-5.62623, -3.11434, 722.65075, 110.82731, -36.25462, 10.63857
-4.92295, -3.11434, 722.65075, 110.82731, -36.25462, 10.40917
-4.92295, -3.11434, 719.58867, 110.82731, -35.79351, 10.40917
-5.62623, -3.11434, 719.58867, 110.82731, -36.25462, 10.40917
-4.92295, -3.11434, 722.65075, 110.82731, -36.71572, 10.40917
-4.92295, -3.11434, 722.65075, 110.82731, -36.71572, 10.40917
-4.21968, -3.11434, 719.58867, 110.82731, -36.71572, 10.40917
-4.92295, -3.11434, 719.58867, 110.29703, -36.71572, 10.17976
-4.21968, -3.11434, 719.58867, 111.35758, -37.17683, 10.40917
-4.92295, -3.11434, 719.58867, 110.82731, -36.71572, 10.17976
-4.21968, -2.40249, 719.58867, 110.82731, -37.17683, 10.17976
-4.21968, -3.11434, 722.65075, 111.35758, -37.63794, 10.17976
-4.21968, -2.40249, 719.58867, 111.35758, -37.63794, 10.17976
-4.92295, -2.40249, 722.65075, 111.35758, -37.63794, 10.17976
-4.21968, -2.40249, 722.65075, 111.35758, -37.63794, 10.17976
-4.21968, -2.40249, 719.58867, 110.82731, -37.63794, 10.17976
-4.21968, -3.11434, 719.58867, 110.82731, -38.09905, 10.17976
-3.51640, -2.40249, 719.58867, 110.82731, -38.56016, 10.17976
-4.21968, -3.11434, 719.58867, 111.35758, -38.56016, 10.17976
-4.21968, -3.11434, 719.58867, 111.35758, -38.56016, 10.17976
-4.21968, -2.40249, 719.58867, 111.35758, -38.56016, 10.17976
-3.51640, -2.40249, 719.58867, 111.35758, -38.56016, 10.17976
-4.21968, -2.40249, 719.58867, 111.35758, -38.56016, 10.17976
-4.21968, -2.40249, 719.58867, 111.35758, -38.56016, 10.17976
-4.21968, -2.40249, 722.65075, 111.35758, -39.02126, 10.17976
-4.21968, -2.40249, 719.58867, 111.35758, -39.02126, 10.40917
-4.21968, -2.40249, 722.65075, 111.88786, -39.02126, 10.17976
-4.92295, -2.40249, 722.65075, 111.88786, -39.02126, 10.17976
-4.92295, -2.40249, 722.65075, 111.88786, -39.02126, 10.17976
-4.92295, -1.69064, 722.65075, 111.88786, -38.56016, 10.40917
-5.62623, -2.40249, 719.58867, 111.35758, -38.56016, 10.63857
-5.62623, -2.40249, 719.58867, 110.82731, -38.09905, 10.63857
-4.92295, -2.40249, 716.52659, 110.29703, -38.09905, 10.40917
-4.92295, -3.82619, 716.52659, 109.76676, -38.56016, 10.17976
-4.21968, -3.82619, 719.58867, 110.29703, -38.56016, 10.17976
-4.21968, -3.82619, 716.52659, 109.76676, -38.56016,  9.95036
-4.21968, -3.11434, 719.58867, 109.76676, -39.02126, 10.17976
-4.92295, -3.11434, 719.58867, 109.23649, -39.48237, 10.17976
-4.21968, -3.82619, 719.58867, 109.76676, -39.48237, 10.17976
-4.21968, -3.82619, 722.65075, 109.76676, -39.48237, 10.17976
-4.21968, -3.11434, 722.65075, 110.29703, -39.48237,  9.95036
-4.21968, -3.11434, 722.65075, 110.29703, -39.48237,  9.95036
-4.21968, -3.82619, 722.65075, 109.76676, -39.94348,  9.95036
-4.21968, -3.11434, 719.58867, 109.76676, -39.48237, 10.17976
-4.21968, -3.11434, 719.58867, 109.23649, -39.94348, 10.17976
-4.21968, -3.82619, 719.58867, 109.76676, -39.94348, 10.17976
-3.51640, -3.82619, 719.58867, 109.23649, -39.94348,  9.95036
-3.51640, -3.11434, 716.52659, 109.23649, -39.48237, 10.17976
-4.21968, -3.82619, 719.58867, 109.23649, -39.48237, 10.17976
-4.21968, -3.11434, 719.58867, 109.23649, -39.48237, 10.40917
-5.62623, -3.11434, 719.58867, 109.76676, -39.02126, 10.40917
-4.92295, -3.11434, 719.58867, 109.76676, -39.48237, 10.40917
-4.92295, -3.11434, 719.58867, 109.76676, -39.02126, 10.40917
-4.92295, -3.11434, 719.58867, 109.76676, -39.48237, 10.40917
-5.62623, -3.11434, 719.58867, 109.23649, -39.02126, 10.40917
-5.62623, -3.11434, 719.58867, 109.76676, -39.02126, 10.40917
-6.32951, -2.40249, 722.65075, 109.76676, -39.02126, 10.40917
-6.32951, -3.11434, 719.58867, 109.76676, -38.56016, 10.63857
-5.62623, -3.11434, 719.58867, 109.76676, -38.56016, 10.40917
-4.92295, -3.82619, 722.65075, 109.76676, -39.02126, 10.40917
-5.62623, -3.82619, 719.58867, 109.76676, -39.02126, 10.63857
-4.92295, -3.82619, 719.58867, 109.23649, -39.02126, 10.63857
-5.62623, -3.82619, 716.52659, 109.23649, -39.02126, 10.63857
-6.32951, -3.11434, 719.58867, 108.70621, -39.02126, 10.63857
-5.62623, -3.82619, 719.58867, 109.23649, -38.56016, 10.40917
-5.62623, -3.82619, 719.58867, 109.23649, -39.02126, 10.40917
-5.62623, -3.82619, 722.65075, 109.23649, -39.48237, 10.40917
-4.92295, -3.11434, 719.58867, 109.23649, -39.48237, 10.40917
-5.62623, -3.82619, 719.58867, 109.23649, -39.48237, 10.40917
-4.92295, -3.82619, 719.58867, 109.23649, -39.48237, 10.40917
-5.62623, -3.82619, 719.58867, 109.23649, -39.48237, 10.40917
-5.62623, -3.82619, 719.58867, 109.23649, -39.48237, 10.40917
-5.62623, -3.11434, 719.58867, 109.23649, -39.48237, 10.40917
-4.92295, -3.11434, 716.52659, 108.70621, -39.48237, 10.40917
-4.92295, -3.82619, 719.58867, 109.23649, -39.94348, 10.17976
-4.92295, -3.82619, 716.52659, 109.23649, -40.40459, 10.17976
-4.92295, -3.82619, 716.52659, 109.23649, -39.94348, 10.17976
-4.92295, -3.82619, 719.58867, 109.23649, -39.94348, 10.17976
-4.92295, -3.82619, 719.58867, 109.76676, -39.94348, 10.17976
-4.92295, -2.40249, 719.58867, 109.23649, -40.40459, 10.17976
-4.92295, -3.11434, 719.58867, 109.23649, -39.94348, 10.17976
-5.62623, -3.82619, 719.58867, 109.76676, -40.40459, 10.40917
-4.92295, -3.82619, 716.52659, 109.76676, -40.40459, 10.40917
-4.21968, -3.82619, 719.58867, 109.76676, -40.40459, 10.40917
-4.21968, -3.11434, 719.58867, 109.76676, -40.86570, 10.17976
-4.92295, -3.11434, 719.58867, 109.76676, -40.40459, 10.17976
-4.92295, -2.40249, 722.65075, 109.76676, -40.40459, 10.40917
-4.92295, -3.11434, 719.58867, 109.76676, -39.94348, 10.40917
-5.62623, -3.11434, 716.52659, 109.76676, -39.94348, 10.40917
-4.92295, -2.40249, 719.58867, 109.76676, -39.48237, 10.63857
-4.92295, -3.11434, 719.58867, 110.29703, -39.94348, 10.63857
-4.92295, -3.11434, 719.58867, 110.29703, -39.94348, 10.40917
-4.92295, -3.11434, 719.58867, 110.82731, -39.94348, 10.40917
-4.92295, -3.11434, 716.52659, 110.29703, -39.94348, 10.40917
-5.62623, -2.40249, 719.58867, 110.82731, -39.48237, 10.63857
-6.32951, -3.11434, 719.58867, 111.35758, -39.94348, 10.63857
-6.32951, -2.40249, 719.58867, 110.82731, -39.94348, 10.40917
-5.62623, -2.40249, 719.58867, 110.82731, -40.40459, 10.63857
-4.92295, -3.11434, 719.58867, 110.82731, -40.40459, 10.63857
-4.92295, -2.40249, 719.58867, 111.35758, -40.40459, 10.63857
-5.62623, -3.11434, 722.65075, 111.35758, -39.94348, 10.63857
-5.62623, -3.11434, 719.58867, 110.82731, -39.94348, 10.63857
-5.62623, -3.11434, 716.52659, 111.35758, -39.94348, 10.40917
-4.92295, -2.40249, 716.52659, 111.35758, -39.94348, 10.40917
-4.92295, -3.11434, 719.58867, 111.35758, -40.40459, 10.40917
-4.92295, -3.11434, 719.58867, 110.82731, -40.40459, 10.17976
-4.92295, -2.40249, 716.52659, 111.35758, -39.94348, 10.40917
-4.92295, -3.11434, 719.58867, 111.35758, -39.94348, 10.40917
-5.62623, -2.40249, 719.58867, 111.35758, -40.40459, 10.40917
-5.62623, -2.40249, 722.65075, 111.88786, -40.40459, 10.17976
-5.62623, -1.69064, 719.58867, 111.88786, -40.40459, 10.17976
-4.92295, -1.69064, 719.58867, 111.88786, -40.40459, 10.17976
-5.62623, -2.40249, 719.58867, 111.35758, -40.40459, 10.40917
-4.92295, -1.69064, 719.58867, 111.35758, -40.40459, 10.40917
-5.62623, -1.69064, 716.52659, 110.82731, -39.94348, 10.17976
-4.92295, -1.69064, 719.58867, 110.82731, -40.40459, 10.40917
-4.92295, -2.40249, 719.58867, 110.82731, -39.94348,  9.95036
-4.21968, -2.40249, 719.58867, 110.29703, -40.40459, 10.17976
-4.21968, -2.40249, 716.52659, 110.82731, -40.40459, 10.17976
-4.21968, -2.40249, 719.58867, 110.82731, -40.86570,  9.95036
-4.92295, -2.40249, 719.58867, 110.29703, -40.40459, 10.40917
-4.92295, -2.40249, 722.65075, 110.82731, -40.40459, 10.40917
-5.62623, -2.40249, 719.58867, 110.82731, -40.40459, 10.40917
-4.92295, -2.40249, 716.52659, 110.29703, -40.86570, 10.40917
-4.92295, -2.40249, 719.58867, 110.29703, -40.86570, 10.40917
-4.92295, -3.11434, 722.65075, 109.76676, -41.32680, 10.40917
-4.92295, -3.11434, 722.65075, 110.29703, -41.32680, 10.40917
-4.92295, -3.11434, 722.65075, 109.76676, -41.32680, 10.40917
-4.92295, -3.82619, 722.65075, 109.23649, -41.32680, 10.40917
-3.51640, -3.82619, 719.58867, 108.17594, -41.78791, 10.17976
-2.81312, -4.53805, 719.58867, 108.17594, -42.24902, 10.17976
-2.81312, -5.24990, 719.58867, 108.17594, -42.24902, 10.17976
-3.51640, -4.53805, 719.58867, 107.64566, -42.24902, 10.40917
-4.21968, -3.82619, 719.58867, 108.17594, -41.78791, 10.40917
-4.21968, -4.53805, 719.58867, 107.64566, -41.32680, 10.40917
-4.21968, -4.53805, 719.58867, 108.17594, -41.32680, 10.40917
-4.21968, -4.53805, 719.58867, 108.17594, -41.32680, 10.17976
-4.92295, -4.53805, 719.58867, 108.17594, -41.32680, 10.40917
-5.62623, -4.53805, 719.58867, 108.17594, -40.86570, 10.40917
-5.62623, -3.82619, 719.58867, 108.70621, -41.32680, 10.63857
-5.62623, -3.11434, 719.58867, 108.70621, -40.86570, 10.63857
-5.62623, -3.11434, 719.58867, 109.23649, -41.32680, 10.63857
-5.62623, -3.11434, 719.58867, 109.23649, -40.86570, 10.40917
-4.92295, -3.11434, 719.58867, 109.23649, -41.32680, 10.63857
-4.92295, -3.82619, 719.58867, 109.23649, -41.32680, 10.63857
-4.92295, -3.82619, 719.58867, 108.70621, -41.32680, 10.63857
-4.21968, -3.11434, 716.52659, 108.70621, -41.32680, 10.40917
-4.21968, -3.11434, 719.58867, 109.23649, -41.32680, 10.40917
-4.21968, -3.11434, 722.65075, 109.23649, -41.32680, 10.40917
-4.92295, -3.11434, 719.58867, 109.23649, -41.32680, 10.40917
-4.21968, -3.11434, 719.58867, 109.23649, -41.32680, 10.40917
-4.92295, -3.11434, 719.58867, 109.76676, -41.32680, 10.40917
-4.92295, -3.11434, 722.65075, 109.76676, -41.32680, 10.17976
-4.92295, -3.11434, 722.65075, 109.76676, -40.86570, 10.17976
-5.62623, -3.11434, 719.58867, 109.76676, -40.86570, 10.17976
-4.92295, -2.40249, 719.58867, 109.76676, -40.40459, 10.40917
-4.21968, -2.40249, 716.52659, 109.76676, -40.86570, 10.40917
-4.21968, -2.40249, 716.52659, 109.23649, -40.86570, 10.17976
-4.21968, -3.11434, 716.52659, 109.23649, -40.86570, 10.17976
-3.51640, -3.11434, 719.58867, 109.23649, -41.32680,  9.95036
-4.21968, -3.11434, 719.58867, 109.76676, -41.32680, 10.17976
-3.51640, -3.82619, 722.65075, 109.23649, -41.78791, 10.40917
-4.21968, -3.82619, 719.58867, 109.76676, -41.78791, 10.40917
-4.21968, -3.82619, 722.65075, 109.23649, -41.32680, 10.40917
-4.21968, -3.82619, 722.65075, 109.76676, -41.32680, 10.40917
-4.21968, -3.11434, 722.65075, 109.76676, -41.78791, 10.40917
-4.21968, -3.82619, 722.65075, 109.76676, -41.78791, 10.40917
-4.21968, -3.82619, 722.65075, 109.23649, -41.78791, 10.40917
-4.21968, -3.11434, 719.58867, 109.23649, -41.78791, 10.63857
-4.21968, -3.11434, 719.58867, 109.23649, -41.78791, 10.63857
-4.21968, -3.11434, 719.58867, 109.23649, -41.32680, 10.63857
-4.21968, -3.11434, 719.58867, 109.23649, -41.78791, 10.63857
-4.21968, -3.11434, 719.58867, 109.76676, -41.78791, 10.40917
-4.21968, -3.11434, 722.65075, 109.76676, -41.78791, 10.40917
-4.92295, -3.11434, 719.58867, 110.29703, -41.78791, 10.86797
-4.92295, -3.11434, 719.58867, 110.29703, -41.32680, 10.86797
-4.92295, -3.11434, 719.58867, 110.82731, -41.32680, 10.63857
-4.21968, -3.11434, 722.65075, 110.82731, -41.78791, 10.63857
-4.21968, -3.11434, 719.58867, 110.82731, -41.32680, 10.63857
-4.92295, -2.40249, 719.58867, 111.35758, -41.32680, 10.63857
-4.92295, -2.40249, 719.58867, 110.82731, -41.32680, 10.63857
-4.92295, -2.40249, 716.52659, 110.82731, -41.32680, 10.63857
-4.92295, -2.40249, 722.65075, 111.35758, -41.78791, 10.63857
-4.92295, -2.40249, 719.58867, 111.88786, -41.32680, 10.40917
-4.21968, -2.40249, 719.58867, 111.35758, -41.32680, 10.40917
-5.62623, -1.69064, 722.65075, 111.88786, -41.32680, 10.63857
-5.62623, -2.40249, 719.58867, 111.88786, -41.32680, 10.40917
-4.92295, -2.40249, 719.58867, 111.35758, -41.32680, 10.63857
-4.21968, -2.40249, 716.52659, 110.82731, -41.32680, 10.40917
-2.81312, -3.11434, 716.52659, 110.82731, -41.32680, 10.40917
-2.81312, -2.40249, 719.58867, 110.82731, -41.78791, 10.17976
-3.51640, -3.11434, 719.58867, 110.82731, -41.78791, 10.17976
-3.51640, -2.40249, 719.58867, 110.29703, -41.78791, 10.17976
-4.21968, -1.69064, 719.58867, 110.82731, -41.78791, 10.40917
-4.21968, -2.40249, 725.71282, 111.35758, -41.78791, 10.40917
-4.92295, -2.40249, 722.65075, 111.35758, -41.32680, 10.40917
-4.21968, -1.69064, 719.58867, 110.82731, -41.32680, 10.17976
-4.21968, -2.40249, 716.52659, 110.29703, -41.32680, 10.40917
-3.51640, -2.40249, 719.58867, 109.76676, -41.78791, 10.40917
-4.21968, -3.11434, 719.58867, 110.29703, -41.78791, 10.40917
-4.92295, -3.11434, 719.58867, 110.29703, -41.32680, 10.40917
-4.21968, -3.11434, 719.58867, 109.76676, -41.32680, 10.40917
-4.92295, -3.11434, 719.58867, 109.76676, -41.78791, 10.40917
-4.21968, -3.11434, 719.58867, 109.76676, -41.32680, 10.40917
-4.21968, -3.82619, 719.58867, 109.76676, -41.32680, 10.40917
-4.92295, -3.11434, 719.58867, 109.76676, -41.32680, 10.40917
-5.62623, -3.82619, 719.58867, 109.76676, -41.32680, 10.86797
-5.62623, -3.82619, 719.58867, 109.76676, -40.86570, 10.63857
-4.92295, -3.11434, 719.58867, 109.76676, -41.32680, 10.63857
-5.62623, -3.11434, 719.58867, 110.29703, -40.86570, 10.40917
-4.92295, -3.11434, 719.58867, 109.76676, -40.86570, 10.40917
-4.92295, -3.82619, 719.58867, 109.76676, -40.40459, 10.40917
-4.92295, -3.82619, 719.58867, 109.23649, -40.86570, 10.40917
-5.62623, -4.53805, 719.58867, 109.23649, -40.40459, 10.40917
-4.92295, -3.82619, 719.58867, 109.23649, -39.94348, 10.40917
-4.92295, -3.82619, 719.58867, 109.23649, -40.40459, 10.63857
-5.62623, -3.82619, 719.58867, 109.23649, -40.40459, 10.40917
-5.62623, -3.82619, 719.58867, 109.23649, -40.40459, 10.40917
-4.92295, -3.82619, 719.58867, 109.23649, -40.86570, 10.40917
-5.62623, -4.53805, 719.58867, 109.76676, -40.40459, 10.40917
-5.62623, -3.82619, 719.58867, 109.76676, -39.94348, 10.63857
-4.92295, -3.82619, 722.65075, 109.76676, -39.94348, 10.40917
-5.62623, -3.11434, 719.58867, 110.29703, -39.94348, 10.40917
-5.62623, -3.11434, 719.58867, 110.29703, -39.94348, 10.40917
-5.62623, -3.11434, 719.58867, 110.29703, -39.94348, 10.40917
-4.92295, -3.11434, 719.58867, 109.76676, -39.94348, 10.40917
-4.92295, -3.11434, 719.58867, 109.76676, -39.48237, 10.63857
-5.62623, -3.11434, 719.58867, 110.29703, -39.48237, 10.40917
-5.62623, -2.40249, 719.58867, 110.82731, -39.48237, 10.63857
-5.62623, -3.11434, 719.58867, 111.35758, -39.48237, 10.63857
-4.92295, -2.40249, 722.65075, 111.35758, -39.48237, 10.40917
-5.62623, -2.40249, 719.58867, 111.88786, -39.48237, 10.63857
-6.32951, -2.40249, 719.58867, 111.88786, -39.48237, 10.63857
-6.32951, -1.69064, 716.52659, 111.35758, -39.48237, 10.86797
-6.32951, -1.69064, 719.58867, 111.88786, -39.48237, 10.63857
-6.32951, -2.40249, 719.58867, 111.88786, -39.94348, 10.63857
-5.62623, -1.69064, 719.58867, 112.41813, -39.94348, 10.40917
-6.32951, -2.40249, 719.58867, 111.88786, -39.94348, 10.63857
-5.62623, -2.40249, 719.58867, 111.88786, -39.48237, 10.40917
-5.62623, -2.40249, 716.52659, 111.88786, -39.48237, 10.63857
-5.62623, -2.40249, 716.52659, 111.88786, -39.48237, 10.40917
-5.62623, -2.40249, 719.58867, 111.88786, -39.48237, 10.40917
-4.92295, -2.40249, 719.58867, 111.88786, -39.48237, 10.40917
-6.32951, -3.11434, 719.58867, 111.88786, -39.48237, 10.40917
-5.62623, -3.11434, 722.65075, 112.41813, -39.48237, 10.40917
-5.62623, -2.40249, 716.52659, 111.88786, -39.94348, 10.63857
-5.62623, -2.40249, 719.58867, 111.35758, -39.94348, 10.40917
-4.92295, -3.11434, 719.58867, 111.88786, -39.94348, 10.40917
-5.62623, -3.11434, 719.58867, 111.88786, -40.40459, 10.40917
-5.62623, -3.11434, 719.58867, 111.88786, -39.94348, 10.40917
-5.62623, -2.40249, 719.58867, 111.88786, -40.40459, 10.63857
-5.62623, -3.11434, 719.58867, 111.35758, -39.94348, 10.63857
-5.62623, -2.40249, 719.58867, 111.35758, -39.94348, 10.40917
-4.92295, -2.40249, 719.58867, 111.35758, -40.40459, 10.63857
-4.92295, -2.40249, 719.58867, 111.35758, -40.40459, 10.40917
-4.21968, -3.11434, 719.58867, 111.35758, -40.40459, 10.40917
-4.92295, -2.40249, 719.58867, 111.35758, -40.40459, 10.63857
-5.62623, -2.40249, 719.58867, 111.88786, -40.40459, 10.63857
-4.92295, -2.40249, 719.58867, 111.88786, -40.40459, 10.63857
-4.21968, -2.40249, 719.58867, 111.88786, -40.40459, 10.63857
-4.21968, -3.11434, 719.58867, 111.35758, -40.86570, 10.63857
-4.92295, -2.40249, 719.58867, 111.35758, -40.86570, 10.40917
-5.62623, -2.40249, 719.58867, 111.35758, -40.40459, 10.63857
-5.62623, -1.69064, 719.58867, 111.88786, -40.40459, 10.86797
-5.62623, -2.40249, 722.65075, 111.35758, -40.40459, 10.86797
-5.62623, -2.40249, 719.58867, 111.35758, -40.40459, 10.63857
-4.92295, -2.40249, 719.58867, 111.88786, -40.86570, 10.40917
-4.92295, -2.40249, 719.58867, 111.35758, -40.86570, 10.63857
-4.92295, -2.40249, 716.52659, 111.35758, -40.86570, 10.63857
-4.92295, -2.40249, 719.58867, 110.82731, -40.86570, 10.86797
-4.21968, -2.40249, 719.58867, 111.35758, -40.86570, 10.86797
-4.21968, -3.11434, 719.58867, 111.35758, -41.32680, 10.63857
-4.92295, -2.40249, 722.65075, 110.82731, -41.32680, 10.63857
-4.21968, -2.40249, 719.58867, 111.35758, -41.32680, 10.63857
-4.21968, -3.11434, 719.58867, 110.82731, -41.32680, 10.63857
-4.92295, -2.40249, 719.58867, 110.82731, -41.32680, 10.63857
-4.92295, -2.40249, 722.65075, 110.82731, -41.32680, 10.63857
-4.21968, -2.40249, 719.58867, 110.29703, -41.32680, 10.63857
-4.21968, -3.11434, 719.58867, 110.29703, -41.78791, 10.63857
-4.92295, -3.11434, 719.58867, 109.76676, -41.78791, 10.63857
-4.21968, -3.11434, 719.58867, 109.76676, -41.78791, 10.40917
-4.21968, -3.11434, 716.52659, 109.23649, -42.24902, 10.40917
-4.21968, -3.11434, 722.65075, 109.23649, -42.24902, 10.63857
-5.62623, -3.11434, 719.58867, 109.23649, -42.24902, 10.40917
-4.21968, -3.82619, 719.58867, 109.23649, -41.78791, 10.40917
-4.21968, -3.82619, 722.65075, 109.23649, -42.24902, 10.17976
-4.21968, -3.82619, 722.65075, 109.23649, -42.24902, 10.17976
-4.92295, -3.82619, 719.58867, 108.70621, -42.71013, 10.17976
-4.92295, -3.82619, 719.58867, 108.70621, -42.24902, 10.40917
-4.92295, -3.82619, 719.58867, 108.17594, -42.71013, 10.40917
-4.92295, -3.82619, 719.58867, 108.17594, -42.71013, 10.40917
-4.92295, -4.53805, 719.58867, 108.70621, -42.24902, 10.40917
-4.21968, -3.82619, 722.65075, 108.17594, -42.71013, 10.40917
-4.21968, -3.82619, 719.58867, 107.64566, -42.71013, 10.63857
-4.92295, -3.82619, 719.58867, 107.64566, -42.24902, 10.86797
-4.92295, -3.82619, 716.52659, 108.17594, -42.24902, 10.63857
-4.92295, -3.82619, 719.58867, 108.17594, -42.24902, 10.63857
-4.92295, -3.82619, 719.58867, 108.17594, -42.71013, 10.63857
-4.92295, -3.82619, 719.58867, 108.70621, -42.71013, 10.63857
-4.92295, -3.82619, 719.58867, 108.70621, -42.71013, 10.63857
-4.92295, -3.11434, 719.58867, 108.70621, -42.71013, 10.63857
-5.62623, -3.11434, 719.58867, 108.70621, -42.71013, 10.86797
-4.92295, -3.11434, 719.58867, 108.70621, -43.17124, 10.63857
-4.92295, -3.11434, 722.65075, 109.23649, -43.17124, 10.63857
-4.92295, -3.11434, 719.58867, 109.76676, -43.17124, 10.86797
-4.92295, -2.40249, 719.58867, 109.23649, -43.63234, 10.86797
-4.92295, -2.40249, 719.58867, 109.23649, -43.63234, 10.86797
-4.21968, -3.11434, 722.65075, 109.23649, -43.63234, 10.86797
-4.21968, -3.11434, 722.65075, 109.23649, -44.09345, 10.63857
-4.21968, -3.11434, 719.58867, 109.76676, -44.09345, 10.63857
-4.21968, -2.40249, 719.58867, 109.76676, -44.55456, 10.63857
-4.21968, -2.40249, 719.58867, 109.76676, -44.55456, 10.63857
-4.21968, -2.40249, 719.58867, 109.23649, -44.55456, 10.63857
-4.21968, -3.11434, 719.58867, 109.76676, -45.01567, 10.86797
-4.21968, -3.11434, 719.58867, 109.76676, -45.01567, 10.63857
-4.21968, -3.11434, 719.58867, 110.29703, -45.01567, 10.40917
-3.51640, -2.40249, 719.58867, 110.29703, -45.47678, 10.40917
-4.21968, -2.40249, 719.58867, 110.29703, -45.01567, 10.63857
-4.92295, -3.11434, 722.65075, 110.29703, -45.01567, 10.63857
-4.92295, -1.69064, 719.58867, 110.29703, -44.55456, 10.63857
-4.92295, -2.40249, 719.58867, 110.29703, -45.01567, 10.40917
-4.92295, -3.11434, 722.65075, 110.29703, -45.01567, 10.63857
-4.92295, -2.40249, 722.65075, 110.29703, -45.01567, 10.40917
-4.92295, -2.40249, 719.58867, 109.76676, -45.01567, 10.63857
-4.92295, -1.69064, 719.58867, 109.23649, -45.47678, 10.63857
-4.21968, -2.40249, 719.58867, 109.76676, -45.01567, 10.63857
-4.92295, -2.40249, 719.58867, 109.76676, -45.47678, 10.40917
-4.21968, -3.11434, 719.58867, 109.23649, -45.47678, 10.40917
-4.21968, -3.11434, 719.58867, 109.23649, -45.93788, 10.40917
-4.21968, -3.82619, 719.58867, 108.70621, -45.93788, 10.17976
-4.21968, -3.11434, 719.58867, 109.23649, -45.93788, 10.40917
-4.92295, -3.11434, 719.58867, 109.23649, -45.93788, 10.63857
-4.21968, -3.11434, 719.58867, 108.70621, -46.39899, 10.40917
-4.21968, -3.11434, 719.58867, 109.23649, -46.39899, 10.40917
-4.21968, -3.82619, 719.58867, 108.70621, -46.86010, 10.40917
-3.51640, -3.82619, 719.58867, 108.70621, -46.86010, 10.40917
-3.51640, -3.82619, 719.58867, 108.17594, -46.86010, 10.63857
-4.21968, -3.82619, 719.58867, 108.17594, -46.86010, 10.86797
-4.92295, -3.82619, 719.58867, 108.17594, -46.39899, 10.86797
-4.92295, -3.82619, 719.58867, 108.70621, -46.39899, 10.86797
-4.21968, -3.82619, 719.58867, 108.70621, -46.39899, 10.86797
-4.21968, -3.82619, 719.58867, 108.70621, -46.86010, 10.86797
-4.21968, -3.11434, 719.58867, 109.23649, -46.39899, 10.86797
-4.92295, -3.11434, 719.58867, 109.23649, -46.39899, 10.86797
-5.62623, -2.40249, 719.58867, 109.76676, -45.93788, 11.09738
-4.92295, -2.40249, 719.58867, 109.76676, -46.39899, 11.09738
-4.92295, -3.11434, 719.58867, 109.76676, -46.39899, 10.86797
-4.92295, -3.11434, 719.58867, 109.76676, -46.39899, 10.86797
-4.92295, -3.11434, 719.58867, 110.29703, -46.39899, 10.86797
-4.92295, -3.11434, 716.52659, 109.76676, -46.39899, 10.86797
-4.92295, -2.40249, 719.58867, 109.76676, -46.39899, 10.63857
-4.92295, -2.40249, 719.58867, 109.76676, -46.86010, 10.86797
-4.21968, -3.11434, 719.58867, 110.29703, -46.86010, 10.86797
-4.21968, -3.11434, 719.58867, 109.76676, -46.86010, 10.86797
-4.92295, -3.11434, 719.58867, 110.29703, -46.86010, 10.63857
-4.21968, -3.11434, 719.58867, 110.29703, -46.86010, 10.63857
-4.92295, -3.11434, 719.58867, 110.29703, -46.39899, 10.63857
-4.92295, -2.40249, 719.58867, 110.29703, -46.86010, 10.63857
-4.92295, -2.40249, 719.58867, 110.29703, -46.39899, 10.63857
-4.92295, -2.40249, 719.58867, 110.29703, -46.39899, 10.63857
-4.92295, -2.40249, 719.58867, 110.29703, -46.39899, 10.63857
-4.92295, -3.11434, 719.58867, 110.29703, -46.39899, 10.40917
-4.92295, -2.40249, 722.65075, 109.76676, -46.86010, 10.63857
-4.92295, -2.40249, 719.58867, 110.29703, -46.86010, 10.63857
-4.92295, -3.11434, 716.52659, 109.76676, -46.39899, 10.63857
-4.92295, -2.40249, 719.58867, 110.29703, -46.39899, 10.63857
-4.92295, -2.40249, 719.58867, 110.29703, -46.86010, 10.40917
-4.92295, -3.11434, 719.58867, 109.76676, -46.86010, 10.40917
-4.92295, -3.11434, 719.58867, 110.29703, -46.86010, 10.63857
-4.92295, -3.11434, 719.58867, 109.76676, -46.39899, 10.63857
-4.92295, -3.11434, 719.58867, 110.29703, -46.39899, 10.40917
-4.92295, -3.11434, 719.58867, 110.29703, -46.39899, 10.63857
-5.62623, -2.40249, 719.58867, 110.29703, -46.39899, 10.40917
-5.62623, -3.11434, 719.58867, 110.29703, -46.39899, 10.63857
-4.92295, -3.82619, 722.65075, 110.29703, -46.86010, 10.40917
-4.92295, -3.82619, 716.52659, 110.29703, -46.86010, 10.63857
-4.92295, -3.11434, 719.58867, 110.29703, -46.39899, 10.63857
-4.92295, -3.11434, 719.58867, 109.76676, -46.39899, 10.86797
-5.62623, -3.11434, 719.58867, 109.76676, -46.39899, 10.86797
-4.92295, -3.82619, 719.58867, 110.29703, -46.86010, 10.63857
-4.92295, -3.11434, 722.65075, 109.76676, -47.32121, 10.63857
-4.92295, -3.11434, 722.65075, 110.29703, -46.86010, 10.86797
-5.62623, -3.11434, 722.65075, 110.29703, -46.86010, 10.86797
-5.62623, -3.11434, 719.58867, 110.29703, -46.86010, 10.86797
-5.62623, -3.11434, 719.58867, 110.29703, -46.39899, 11.09738
-5.62623, -3.11434, 719.58867, 110.29703, -46.39899, 10.86797
-4.92295, -3.11434, 719.58867, 111.35758, -46.39899, 10.86797
-4.92295, -3.11434, 719.58867, 110.82731, -46.39899, 10.86797
-4.21968, -3.11434, 716.52659, 110.82731, -46.86010, 11.09738
-4.92295, -3.11434, 719.58867, 110.82731, -46.39899, 11.09738
-4.21968, -3.11434, 719.58867, 111.35758, -46.86010, 11.09738
-5.62623, -3.11434, 716.52659, 111.35758, -46.39899, 10.86797
-4.92295, -3.11434, 719.58867, 111.88786, -46.86010, 10.86797
-5.62623, -2.40249, 719.58867, 111.88786, -47.32121, 10.86797
-4.92295, -2.40249, 722.65075, 111.88786, -46.86010, 11.09738
-4.92295, -2.40249, 719.58867, 111.88786, -47.32121, 10.86797
-5.62623, -1.69064, 719.58867, 111.88786, -47.32121, 10.86797
-4.92295, -1.69064, 722.65075, 112.41813, -47.32121, 10.86797
-4.92295, -1.69064, 719.58867, 111.88786, -46.86010, 10.63857
-4.92295, -2.40249, 719.58867, 111.88786, -47.32121, 10.63857
-4.92295, -2.40249, 719.58867, 112.41813, -47.32121, 10.63857
-4.92295, -2.40249, 719.58867, 111.88786, -47.32121, 10.40917
-4.21968, -2.40249, 719.58867, 111.88786, -47.78232, 10.40917
-4.21968, -1.69064, 719.58867, 111.88786, -47.78232, 10.63857
-4.92295, -2.40249, 719.58867, 111.88786, -47.32121, 10.63857
-4.92295, -2.40249, 719.58867, 112.41813, -47.78232, 10.63857
-4.21968, -2.40249, 719.58867, 112.41813, -47.78232, 10.40917
-4.21968, -2.40249, 719.58867, 111.88786, -47.78232, 10.63857
-4.21968, -2.40249, 719.58867, 111.88786, -47.32121, 10.63857
-4.21968, -2.40249, 719.58867, 111.88786, -47.78232, 10.40917
-4.92295, -2.40249, 722.65075, 111.35758, -47.78232, 10.40917
-4.92295, -1.69064, 719.58867, 111.88786, -47.32121, 10.40917
-4.92295, -1.69064, 719.58867, 111.35758, -47.78232, 10.63857
-4.92295, -2.40249, 719.58867, 111.35758, -47.32121, 10.40917
-4.21968, -2.40249, 719.58867, 111.35758, -47.78232, 10.40917
-4.92295, -2.40249, 719.58867, 111.35758, -47.78232, 10.63857
-4.92295, -1.69064, 719.58867, 110.82731, -47.78232, 10.63857
-4.92295, -3.11434, 719.58867, 111.35758, -48.24342, 10.63857
-4.21968, -2.40249, 719.58867, 110.82731, -48.24342, 10.63857
-4.21968, -3.11434, 722.65075, 110.82731, -48.24342, 10.63857
-4.21968, -3.11434, 716.52659, 110.82731, -47.78232, 10.63857
-3.51640, -3.82619, 719.58867, 110.82731, -48.24342, 10.63857
-4.21968, -3.82619, 719.58867, 110.82731, -48.24342, 10.63857
-4.21968, -3.82619, 719.58867, 110.29703, -48.24342, 10.63857
-4.21968, -3.11434, 719.58867, 110.29703, -48.70453, 10.63857
-4.21968, -2.40249, 719.58867, 110.29703, -48.70453, 10.63857
-4.21968, -3.11434, 719.58867, 110.29703, -48.70453, 10.63857
-4.21968, -3.82619, 719.58867, 110.29703, -48.24342, 10.40917
-4.21968, -3.11434, 719.58867, 109.76676, -48.24342, 10.63857
-4.21968, -3.11434, 719.58867, 109.76676, -48.70453, 10.86797
-4.21968, -3.11434, 719.58867, 109.76676, -48.24342, 10.63857
-4.21968, -3.11434, 722.65075, 109.76676, -48.24342, 10.86797
-4.92295, -3.11434, 722.65075, 109.76676, -48.24342, 10.63857
-4.92295, -3.11434, 722.65075, 109.23649, -47.78232, 10.63857
-4.92295, -3.82619, 719.58867, 109.23649, -47.78232, 10.86797
-4.92295, -3.82619, 719.58867, 109.23649, -47.78232, 11.09738
-4.92295, -3.82619, 719.58867, 109.23649, -47.78232, 10.86797
-4.92295, -3.82619, 719.58867, 108.70621, -47.32121, 10.86797
-4.92295, -3.82619, 719.58867, 109.23649, -47.32121, 10.63857
-5.62623, -3.82619, 722.65075, 109.23649, -46.86010, 10.86797
-5.62623, -3.82619, 722.65075, 109.23649, -47.32121, 10.86797
-5.62623, -3.82619, 719.58867, 109.23649, -47.32121, 11.09738
-5.62623, -3.11434, 719.58867, 109.76676, -47.32121, 10.86797
-5.62623, -3.82619, 719.58867, 109.23649, -46.86010, 10.86797
-4.92295, -3.11434, 722.65075, 109.23649, -47.32121, 10.86797
-4.92295, -3.11434, 719.58867, 109.76676, -47.32121, 10.63857
-5.62623, -3.11434, 719.58867, 109.76676, -47.32121, 10.86797
-5.62623, -2.40249, 719.58867, 109.76676, -47.32121, 10.63857
-4.92295, -2.40249, 716.52659, 109.76676, -47.32121, 10.86797
-5.62623, -3.11434, 719.58867, 109.76676, -47.78232, 10.86797
-5.62623, -3.11434, 722.65075, 110.29703, -47.78232, 10.86797
-4.92295, -3.11434, 719.58867, 110.29703, -48.24342, 10.63857
-5.62623, -2.40249, 719.58867, 110.29703, -48.24342, 10.63857
-4.92295, -2.40249, 722.65075, 110.29703, -48.24342, 10.63857
-4.92295, -2.40249, 719.58867, 109.76676, -48.24342, 10.63857
-4.92295, -2.40249, 716.52659, 109.76676, -48.24342, 10.63857
-4.92295, -2.40249, 719.58867, 109.76676, -48.24342, 10.63857
-4.92295, -2.40249, 719.58867, 109.76676, -48.70453, 10.63857
-4.92295, -2.40249, 716.52659, 109.76676, -48.70453, 10.40917
-4.21968, -2.40249, 719.58867, 109.76676, -48.70453, 10.40917
-4.21968, -2.40249, 719.58867, 110.29703, -48.70453, 10.63857
-4.92295, -2.40249, 722.65075, 110.29703, -48.70453, 10.63857
-4.92295, -2.40249, 722.65075, 110.29703, -48.70453, 10.63857
-4.92295, -2.40249, 719.58867, 109.76676, -48.24342, 10.86797
-4.92295, -3.11434, 719.58867, 109.76676, -48.70453, 10.63857
-4.92295, -3.11434, 719.58867, 109.76676, -48.70453, 10.63857
-5.62623, -3.82619, 719.58867, 109.23649, -48.70453, 10.63857
-5.62623, -3.11434, 716.52659, 109.23649, -48.24342, 11.09738
-5.62623, -3.11434, 719.58867, 109.23649, -48.70453, 10.86797
-5.62623, -3.11434, 716.52659, 109.23649, -48.70453, 10.86797
-5.62623, -3.11434, 716.52659, 109.23649, -48.70453, 10.86797
-5.62623, -3.82619, 719.58867, 109.23649, -48.70453, 10.86797
-5.62623, -3.11434, 719.58867, 109.23649, -48.70453, 10.86797
-6.32951, -3.11434, 716.52659, 109.23649, -48.24342, 10.86797
-6.32951, -2.40249, 716.52659, 109.76676, -48.24342, 11.09738
-6.32951, -3.11434, 719.58867, 109.76676, -48.24342, 10.86797
-5.62623, -3.11434, 719.58867, 109.76676, -48.24342, 10.86797
-5.62623, -3.11434, 719.58867, 109.76676, -48.24342, 10.86797
-5.62623, -3.11434, 719.58867, 109.23649, -48.24342, 10.86797
-6.32951, -3.11434, 719.58867, 109.76676, -48.24342, 10.86797
-6.32951, -3.11434, 719.58867, 109.23649, -48.70453, 10.86797
-5.62623, -3.11434, 719.58867, 109.23649, -48.70453, 10.63857
-5.62623, -3.11434, 716.52659, 109.23649, -48.70453, 10.63857
-4.92295, -3.82619, 719.58867, 108.70621, -48.70453, 10.63857
-4.92295, -3.11434, 719.58867, 109.23649, -49.16564, 10.63857
-4.92295, -3.82619, 719.58867, 109.23649, -49.16564, 10.40917
-4.92295, -3.11434, 719.58867, 109.23649, -49.16564, 10.63857
-5.62623, -3.11434, 719.58867, 109.23649, -49.62675, 10.63857
-4.92295, -3.11434, 719.58867, 109.23649, -49.62675, 10.63857
-4.92295, -3.11434, 719.58867, 109.23649, -49.62675, 10.63857
-4.92295, -3.11434, 719.58867, 109.76676, -49.62675, 10.63857
-4.92295, -3.11434, 719.58867, 109.76676, -50.08786, 10.63857
-4.92295, -3.11434, 722.65075, 109.76676, -50.08786, 10.63857
-4.92295, -3.11434, 719.58867, 109.76676, -50.08786, 10.63857
-4.21968, -3.11434, 719.58867, 109.23649, -50.54896, 10.63857
-4.21968, -3.11434, 716.52659, 109.23649, -50.54896, 10.40917
-4.21968, -3.11434, 719.58867, 109.76676, -50.08786, 10.40917
-5.62623, -2.40249, 716.52659, 109.76676, -50.08786, 10.63857
-4.92295, -2.40249, 719.58867, 109.76676, -49.62675, 10.63857
-4.92295, -2.40249, 719.58867, 110.29703, -50.08786, 10.63857
-4.92295, -2.40249, 716.52659, 110.29703, -49.62675, 10.63857
-4.92295, -3.11434, 719.58867, 110.29703, -50.08786, 10.40917
-4.92295, -2.40249, 719.58867, 110.29703, -49.62675, 10.40917
-5.62623, -2.40249, 719.58867, 110.82731, -50.08786, 10.63857
-4.92295, -2.40249, 719.58867, 110.82731, -50.08786, 10.63857
-4.92295, -3.11434, 719.58867, 110.29703, -49.62675, 10.86797
-4.92295, -3.11434, 716.52659, 110.29703, -49.62675, 10.63857
-4.92295, -3.11434, 719.58867, 110.29703, -50.08786, 10.86797
-4.21968, -3.11434, 719.58867, 110.29703, -50.08786, 10.63857
-4.92295, -3.82619, 719.58867, 110.29703, -50.08786, 10.63857
-4.92295, -3.11434, 719.58867, 109.76676, -50.08786, 10.63857
-4.92295, -3.11434, 716.52659, 109.76676, -49.62675, 10.86797
-4.92295, -3.11434, 719.58867, 110.29703, -49.62675, 10.86797
-4.92295, -3.11434, 719.58867, 110.29703, -49.62675, 10.63857
-4.21968, -3.11434, 719.58867, 110.82731, -50.08786, 10.63857
-4.21968, -3.11434, 722.65075, 110.82731, -49.62675, 10.63857
-4.92295, -3.11434, 719.58867, 111.35758, -49.62675, 10.40917
-4.92295, -1.69064, 719.58867, 110.82731, -49.62675, 10.63857
-4.92295, -2.40249, 722.65075, 111.35758, -49.16564, 10.63857
-4.92295, -3.11434, 722.65075, 110.82731, -49.62675, 10.86797
-4.92295, -2.40249, 719.58867, 110.82731, -49.16564, 10.63857
-4.21968, -2.40249, 719.58867, 110.82731, -49.16564, 10.63857
-4.21968, -2.40249, 719.58867, 110.29703, -48.70453, 10.63857
-4.21968, -2.40249, 719.58867, 110.82731, -48.70453, 10.63857
-5.62623, -2.40249, 722.65075, 110.82731, -48.70453, 10.63857
-5.62623, -2.40249, 719.58867, 110.29703, -48.24342, 10.86797
-5.62623, -3.11434, 719.58867, 110.29703, -48.24342, 10.63857
-4.92295, -3.11434, 719.58867, 110.29703, -48.24342, 10.63857
-4.92295, -3.11434, 716.52659, 110.82731, -48.24342, 10.63857
-5.62623, -3.11434, 719.58867, 110.82731, -47.78232, 10.63857
-6.32951, -2.40249, 719.58867, 110.82731, -47.78232, 10.86797
-5.62623, -3.11434, 719.58867, 110.82731, -47.78232, 10.86797
-5.62623, -2.40249, 722.65075, 110.82731, -47.78232, 10.86797
-5.62623, -3.11434, 719.58867, 111.35758, -47.32121, 10.63857
-5.62623, -3.11434, 722.65075, 111.35758, -47.32121, 10.63857
-5.62623, -3.11434, 719.58867, 111.35758, -47.32121, 10.63857
-5.62623, -3.11434, 719.58867, 110.82731, -47.32121, 10.86797
-4.92295, -2.40249, 716.52659, 111.35758, -47.32121, 10.63857
-5.62623, -2.40249, 719.58867, 111.35758, -47.32121, 11.09738
-5.62623, -3.11434, 719.58867, 111.35758, -46.86010, 10.86797
-5.62623, -2.40249, 719.58867, 111.88786, -46.86010, 10.63857
-6.32951, -2.40249, 716.52659, 111.35758, -46.39899, 10.63857
-5.62623, -2.40249, 719.58867, 111.35758, -46.86010, 10.86797
-5.62623, -3.11434, 719.58867, 111.35758, -46.86010, 10.86797
-5.62623, -2.40249, 722.65075, 111.88786, -46.86010, 10.86797
-5.62623, -2.40249, 722.65075, 111.88786, -46.86010, 10.86797
-5.62623, -2.40249, 722.65075, 111.88786, -46.86010, 10.63857
-5.62623, -2.40249, 719.58867, 111.88786, -46.39899, 10.86797
-5.62623, -2.40249, 719.58867, 111.35758, -46.39899, 10.86797
-5.62623, -2.40249, 719.58867, 111.35758, -46.39899, 10.86797
-5.62623, -2.40249, 719.58867, 111.35758, -46.86010, 10.86797
-5.62623, -2.40249, 722.65075, 111.35758, -46.39899, 10.86797
-4.92295, -2.40249, 719.58867, 111.35758, -46.39899, 10.63857
-4.92295, -3.11434, 716.52659, 111.35758, -46.39899, 10.63857
-4.92295, -2.40249, 719.58867, 110.82731, -46.86010, 10.63857
-4.92295, -3.11434, 719.58867, 111.35758, -46.39899, 10.63857
-5.62623, -2.40249, 719.58867, 111.35758, -46.86010, 11.09738
-5.62623, -2.40249, 719.58867, 111.35758, -46.39899, 10.63857
-4.92295, -2.40249, 719.58867, 111.88786, -46.86010, 10.63857
-4.92295, -2.40249, 719.58867, 111.88786, -47.32121, 10.63857
-4.92295, -2.40249, 722.65075, 111.35758, -46.86010, 10.86797
-5.62623, -1.69064, 722.65075, 111.88786, -46.86010, 11.09738
-5.62623, -2.40249, 719.58867, 111.88786, -46.39899, 11.09738
-6.32951, -1.69064, 719.58867, 111.35758, -46.39899, 11.09738
-5.62623, -2.40249, 719.58867, 111.35758, -46.86010, 10.86797
-4.92295, -2.40249, 719.58867, 111.35758, -46.86010, 10.63857
-4.92295, -2.40249, 719.58867, 111.35758, -46.86010, 10.63857
-4.92295, -2.40249, 716.52659, 111.35758, -46.86010, 10.63857
-4.92295, -2.40249, 719.58867, 111.35758, -46.86010, 10.86797
-4.92295, -2.40249, 719.58867, 110.82731, -46.86010, 10.63857
-5.62623, -2.40249, 722.65075, 110.82731, -46.86010, 10.63857
-5.62623, -2.40249, 719.58867, 110.82731, -46.39899, 10.63857
-5.62623, -2.40249, 719.58867, 110.82731, -46.86010, 10.86797
-5.62623, -3.11434, 719.58867, 110.29703, -46.86010, 10.86797
-5.62623, -3.11434, 719.58867, 110.29703, -46.86010, 10.86797
-5.62623, -3.11434, 719.58867, 109.76676, -46.86010, 10.86797
-6.32951, -3.11434, 719.58867, 109.76676, -46.86010, 10.86797
-6.32951, -3.11434, 719.58867, 109.76676, -46.39899, 10.86797
-5.62623, -3.11434, 719.58867, 109.23649, -46.39899, 10.86797
-4.92295, -3.82619, 719.58867, 109.23649, -46.39899, 10.63857
-5.62623, -3.11434, 716.52659, 109.23649, -46.86010, 10.86797
-6.32951, -3.11434, 716.52659, 109.76676, -46.86010, 10.86797
-5.62623, -4.53805, 719.58867, 109.23649, -46.86010, 10.86797
-5.62623, -3.82619, 722.65075, 109.23649, -46.86010, 10.86797
-6.32951, -3.82619, 719.58867, 109.76676, -47.32121, 10.86797
-6.32951, -3.11434, 719.58867, 109.23649, -47.32121, 11.09738
-5.62623, -3.11434, 719.58867, 109.23649, -47.32121, 10.86797
-5.62623, -3.82619, 719.58867, 108.70621, -47.32121, 11.09738
-5.62623, -3.82619, 719.58867, 108.70621, -47.78232, 10.86797
-5.62623, -3.82619, 719.58867, 109.76676, -47.78232, 11.09738
-5.62623, -3.11434, 719.58867, 109.76676, -47.78232, 10.86797
-5.62623, -3.11434, 716.52659, 109.23649, -48.24342, 10.86797
-4.92295, -3.11434, 719.58867, 109.23649, -48.24342, 10.63857
-4.92295, -3.11434, 719.58867, 109.76676, -48.24342, 10.63857
-4.92295, -3.82619, 719.58867, 109.23649, -48.24342, 10.63857
-5.62623, -2.40249, 722.65075, 109.76676, -48.24342, 10.63857
-5.62623, -2.40249, 719.58867, 109.76676, -48.70453, 10.86797
-5.62623, -2.40249, 719.58867, 109.76676, -49.16564, 10.63857
-5.62623, -3.11434, 722.65075, 109.76676, -49.16564, 10.63857
-4.92295, -3.11434, 722.65075, 109.76676, -49.62675, 10.63857
-4.21968, -3.11434, 719.58867, 109.23649, -49.16564, 10.40917
-4.92295, -2.40249, 719.58867, 109.76676, -49.62675, 10.40917
-4.92295, -3.11434, 719.58867, 109.23649, -49.16564, 10.40917
-4.21968, -3.11434, 719.58867, 109.23649, -49.62675, 10.63857
-4.21968, -3.11434, 719.58867, 109.23649, -50.08786, 10.63857
-3.51640, -3.11434, 719.58867, 109.23649, -50.08786, 10.63857
-4.92295, -3.11434, 719.58867, 109.76676, -49.62675, 10.63857
-4.92295, -2.40249, 719.58867, 109.23649, -49.62675, 10.63857
-4.92295, -2.40249, 719.58867, 109.76676, -49.62675, 10.63857
-5.62623, -2.40249, 719.58867, 109.76676, -49.62675, 10.86797
-5.62623, -3.11434, 719.58867, 110.29703, -49.16564, 10.86797
-6.32951, -3.11434, 722.65075, 110.29703, -49.16564, 11.09738
-6.32951, -2.40249, 719.58867, 110.29703, -49.16564, 11.09738
-6.32951, -3.11434, 722.65075, 110.29703, -48.70453, 11.09738
-6.32951, -2.40249, 719.58867, 110.29703, -49.16564, 11.09738
-5.62623, -3.11434, 719.58867, 110.29703, -49.62675, 11.09738
-6.32951, -3.11434, 722.65075, 109.76676, -49.62675, 10.86797
-5.62623, -3.11434, 719.58867, 109.76676, -49.62675, 11.09738
-4.92295, -3.11434, 716.52659, 109.76676, -50.08786, 10.86797
-4.92295, -3.11434, 716.52659, 109.23649, -50.08786, 10.63857
-4.92295, -3.11434, 719.58867, 109.76676, -50.08786, 10.86797
-4.92295, -3.11434, 719.58867, 109.76676, -50.54896, 10.86797
-5.62623, -2.40249, 719.58867, 109.76676, -50.54896, 10.63857
-4.92295, -2.40249, 719.58867, 109.76676, -51.01007, 10.86797
-4.92295, -2.40249, 719.58867, 110.29703, -51.47118, 10.86797
-4.92295, -2.40249, 719.58867, 110.29703, -51.01007, 10.63857
-4.92295, -2.40249, 719.58867, 109.76676, -51.47118, 10.86797
-4.92295, -2.40249, 719.58867, 109.76676, -51.47118, 10.86797
-4.92295, -2.40249, 719.58867, 109.76676, -51.93229, 10.86797
-4.92295, -3.11434, 719.58867, 110.29703, -51.47118, 10.86797
-4.21968, -3.11434, 719.58867, 109.76676, -51.93229, 10.86797
-4.21968, -2.40249, 719.58867, 110.82731, -51.93229, 10.86797
-4.92295, -2.40249, 719.58867, 110.82731, -51.93229, 10.86797
-4.92295, -2.40249, 719.58867, 110.82731, -51.47118, 10.86797
-4.92295, -1.69064, 719.58867, 110.82731, -51.93229, 11.09738
-4.21968, -2.40249, 719.58867, 110.82731, -51.93229, 10.86797
-4.92295, -2.40249, 719.58867, 110.82731, -52.39340, 10.86797
-4.92295, -2.40249, 722.65075, 110.82731, -52.39340, 10.63857
-4.92295, -2.40249, 719.58867, 111.35758, -52.39340, 10.86797
-4.92295, -2.40249, 722.65075, 110.82731, -52.39340, 10.86797
-4.92295, -2.40249, 719.58867, 110.29703, -52.39340, 10.63857
-4.92295, -2.40249, 719.58867, 109.76676, -52.39340, 10.86797
-4.21968, -2.40249, 719.58867, 109.76676, -52.85450, 10.86797
-4.21968, -3.11434, 719.58867, 109.76676, -53.31561, 10.63857
-4.21968, -2.40249, 719.58867, 109.23649, -53.31561, 10.63857
-4.21968, -3.11434, 722.65075, 109.23649, -53.77672, 10.63857
-3.51640, -3.82619, 719.58867, 109.23649, -53.31561, 10.63857
-4.21968, -3.11434, 719.58867, 108.70621, -53.77672, 10.63857
-3.51640, -3.82619, 722.65075, 108.70621, -53.77672, 10.63857
-3.51640, -3.11434, 719.58867, 108.17594, -54.23783, 10.63857
-3.51640, -3.82619, 719.58867, 108.17594, -54.23783, 10.40917
-3.51640, -3.82619, 719.58867, 108.17594, -54.23783, 10.63857
-4.21968, -3.82619, 719.58867, 108.70621, -53.77672, 10.86797
-4.92295, -3.82619, 722.65075, 108.70621, -53.31561, 10.86797
-4.92295, -3.11434, 719.58867, 108.17594, -52.85450, 10.86797
-4.92295, -2.40249, 716.52659, 108.70621, -53.31561, 10.86797
-4.92295, -3.11434, 719.58867, 108.70621, -52.85450, 10.86797
-4.92295, -2.40249, 719.58867, 109.23649, -52.85450, 10.63857
-4.21968, -2.40249, 719.58867, 109.23649, -52.85450, 10.63857
-4.92295, -2.40249, 719.58867, 109.76676, -52.85450, 10.63857
-4.92295, -1.69064, 719.58867, 109.76676, -52.85450, 10.63857
-4.92295, -2.40249, 722.65075, 109.76676, -52.39340, 10.63857
-4.21968, -2.40249, 719.58867, 109.76676, -52.39340, 10.40917
-4.21968, -3.11434, 722.65075, 109.76676, -52.85450, 10.40917
-4.21968, -3.11434, 722.65075, 109.76676, -52.85450, 10.63857
-4.92295, -3.11434, 719.58867, 109.76676, -53.31561, 10.63857
-4.21968, -3.11434, 719.58867, 109.76676, -53.31561, 10.86797
-4.21968, -3.11434, 722.65075, 109.76676, -53.77672, 10.86797
-3.51640, -3.82619, 722.65075, 109.23649, -53.31561, 10.86797
-4.21968, -3.11434, 722.65075, 109.23649, -53.77672, 10.86797
-4.21968, -2.40249, 719.58867, 109.76676, -53.77672, 10.86797
-3.51640, -1.69064, 722.65075, 109.23649, -53.77672, 11.09738
-3.51640, -2.40249, 719.58867, 109.23649, -53.31561, 10.86797
-3.51640, -2.40249, 719.58867, 109.23649, -53.31561, 10.86797
-3.51640, -2.40249, 719.58867, 109.23649, -53.31561, 10.86797
-3.51640, -3.11434, 719.58867, 109.23649, -53.77672, 10.63857
-3.51640, -3.11434, 719.58867, 109.23649, -53.31561, 10.63857
-3.51640, -2.40249, 719.58867, 108.70621, -53.31561, 10.63857
-2.81312, -3.11434, 722.65075, 108.70621, -53.31561, 10.63857
-3.51640, -3.82619, 722.65075, 108.17594, -52.85450, 10.86797
-4.21968, -3.82619, 722.65075, 108.70621, -52.39340, 10.86797
-4.92295, -3.82619, 722.65075, 108.70621, -51.93229, 10.86797
-4.92295, -3.11434, 719.58867, 108.70621, -51.01007, 11.09738
-4.92295, -3.82619, 722.65075, 109.23649, -51.01007, 10.86797
-4.92295, -3.82619, 719.58867, 108.70621, -50.54896, 11.09738
-5.62623, -3.82619, 719.58867, 109.23649, -50.08786, 11.09738
-6.32951, -3.11434, 719.58867, 109.76676, -49.62675, 11.09738
-7.03279, -2.40249, 719.58867, 109.76676, -48.70453, 11.32678
-7.03279, -2.40249, 722.65075, 109.76676, -49.16564, 11.32678
-7.03279, -2.40249, 719.58867, 110.29703, -48.70453, 11.55618
-6.32951, -2.40249, 719.58867, 110.29703, -48.70453, 11.32678
-6.32951, -2.40249, 719.58867, 109.76676, -48.70453, 11.32678
-6.32951, -2.40249, 716.52659, 109.76676, -49.16564, 11.09738
-6.32951, -2.40249, 719.58867, 109.76676, -49.16564, 10.86797
-5.62623, -2.40249, 719.58867, 109.76676, -49.62675, 10.86797
-5.62623, -2.40249, 722.65075, 109.76676, -49.62675, 10.86797
-5.62623, -2.40249, 719.58867, 110.29703, -49.62675, 10.86797
-5.62623, -2.40249, 719.58867, 109.23649, -49.16564, 10.86797
-5.62623, -2.40249, 719.58867, 109.23649, -49.16564, 10.86797
-4.92295, -3.11434, 716.52659, 109.23649, -49.62675, 10.86797
-4.92295, -2.40249, 719.58867, 109.76676, -49.62675, 10.63857
-4.92295, -2.40249, 719.58867, 109.23649, -50.08786, 10.63857
-4.92295, -2.40249, 722.65075, 109.76676, -50.08786, 10.63857
-4.92295, -2.40249, 722.65075, 109.23649, -50.54896, 10.63857
-4.21968, -3.11434, 722.65075, 109.23649, -50.54896, 10.40917
-4.21968, -3.11434, 719.58867, 109.23649, -51.01007, 10.63857
-3.51640, -2.40249, 719.58867, 109.23649, -51.01007, 10.63857
-3.51640, -2.40249, 719.58867, 109.23649, -50.54896, 10.63857
-4.21968, -3.11434, 719.58867, 109.23649, -50.54896, 10.86797
-4.21968, -3.11434, 719.58867, 109.23649, -50.54896, 11.09738
-4.92295, -3.11434, 719.58867, 109.23649, -50.54896, 11.09738
-4.21968, -3.11434, 719.58867, 108.70621, -50.54896, 11.09738
-4.21968, -3.11434, 719.58867, 108.70621, -50.08786, 10.86797
-4.21968, -3.11434, 716.52659, 109.23649, -50.54896, 10.86797
-4.92295, -2.40249, 719.58867, 109.23649, -50.08786, 11.09738
-4.92295, -3.11434, 722.65075, 109.23649, -50.08786, 11.09738
-4.92295, -2.40249, 722.65075, 109.23649, -50.08786, 11.09738
-4.92295, -3.11434, 719.58867, 109.23649, -50.08786, 11.09738
-4.92295, -2.40249, 719.58867, 109.23649, -49.62675, 11.32678
-4.92295, -3.11434, 719.58867, 108.70621, -49.62675, 11.09738
-4.92295, -3.11434, 719.58867, 109.23649, -48.70453, 11.09738
-4.92295, -2.40249, 719.58867, 109.23649, -49.16564, 11.09738
-5.62623, -2.40249, 719.58867, 109.23649, -48.70453, 11.09738
-5.62623, -2.40249, 722.65075, 109.76676, -48.70453, 11.09738
-5.62623, -2.40249, 719.58867, 109.23649, -48.24342, 11.09738
-5.62623, -3.11434, 719.58867, 109.23649, -48.24342, 11.09738
-5.62623, -2.40249, 719.58867, 109.23649, -48.24342, 11.09738
-6.32951, -2.40249, 719.58867, 109.23649, -48.24342, 11.09738
-5.62623, -3.11434, 719.58867, 109.23649, -47.78232, 11.09738
-6.32951, -3.11434, 719.58867, 109.76676, -47.78232, 11.09738
-5.62623, -3.11434, 719.58867, 109.76676, -47.78232, 11.09738
-5.62623, -2.40249, 719.58867, 109.76676, -47.78232, 11.09738
-5.62623, -2.40249, 716.52659, 109.76676, -48.24342, 11.09738
-5.62623, -2.40249, 719.58867, 109.76676, -48.24342, 11.09738
-5.62623, -1.69064, 722.65075, 109.76676, -48.70453, 11.09738
-4.92295, -1.69064, 719.58867, 109.76676, -49.16564, 11.09738
-5.62623, -2.40249, 719.58867, 109.76676, -49.16564, 11.09738
-4.92295, -2.40249, 719.58867, 109.76676, -49.16564, 11.09738
-5.62623, -1.69064, 719.58867, 109.23649, -48.70453, 11.09738
-4.92295, -2.40249, 719.58867, 109.23649, -49.16564, 10.86797
-4.92295, -2.40249, 716.52659, 109.23649, -48.70453, 10.86797
-4.92295, -2.40249, 719.58867, 109.23649, -49.16564, 11.09738
-4.21968, -3.11434, 719.58867, 109.23649, -49.62675, 10.86797
-4.21968, -3.11434, 719.58867, 108.70621, -50.08786, 10.86797
-4.21968, -3.82619, 719.58867, 108.70621, -50.08786, 10.63857
-4.21968, -3.11434, 716.52659, 108.17594, -49.62675, 10.86797
-3.51640, -3.11434, 719.58867, 107.64566, -49.62675, 10.63857
-4.21968, -3.11434, 719.58867, 108.17594, -50.08786, 10.40917
-4.21968, -3.82619, 719.58867, 108.17594, -50.08786, 10.63857
-4.21968, -3.11434, 722.65075, 107.64566, -50.54896, 10.63857
-4.92295, -3.82619, 719.58867, 108.17594, -50.08786, 10.86797
-4.92295, -3.82619, 722.65075, 108.70621, -50.08786, 11.09738
-4.92295, -3.11434, 722.65075, 108.17594, -49.62675, 11.09738
-5.62623, -3.82619, 719.58867, 108.17594, -49.16564, 10.86797
-5.62623, -3.82619, 719.58867, 108.17594, -49.16564, 11.09738
-5.62623, -3.11434, 716.52659, 107.64566, -48.70453, 11.09738
-5.62623, -3.82619, 716.52659, 108.17594, -48.70453, 11.09738
-4.92295, -3.82619, 719.58867, 107.64566, -48.70453, 11.09738
-4.92295, -3.11434, 719.58867, 108.17594, -48.24342, 11.09738
-5.62623, -3.11434, 719.58867, 108.17594, -48.24342, 11.09738
-6.32951, -3.11434, 716.52659, 108.17594, -47.78232, 11.09738
-5.62623, -3.11434, 716.52659, 108.17594, -47.78232, 11.09738
-5.62623, -3.11434, 716.52659, 108.70621, -48.24342, 11.09738
-5.62623, -3.11434, 719.58867, 108.17594, -48.24342, 10.86797
-5.62623, -2.40249, 719.58867, 108.70621, -47.78232, 10.86797
-5.62623, -3.11434, 719.58867, 108.70621, -47.78232, 10.63857
-6.32951, -3.11434, 719.58867, 108.70621, -47.32121, 10.63857
-6.32951, -3.11434, 722.65075, 108.70621, -47.32121, 10.86797
-6.32951, -3.11434, 719.58867, 109.23649, -47.78232, 10.86797
-7.03279, -2.40249, 719.58867, 109.23649, -47.32121, 10.86797
-7.03279, -2.40249, 719.58867, 109.23649, -47.32121, 11.09738
-6.32951, -3.11434, 719.58867, 109.23649, -47.32121, 10.86797
-5.62623, -2.40249, 719.58867, 108.70621, -47.78232, 10.86797
-4.92295, -3.11434, 719.58867, 108.70621, -48.24342, 10.86797
-5.62623, -3.82619, 716.52659, 108.70621, -47.78232, 10.86797
-5.62623, -3.11434, 716.52659, 108.17594, -48.24342, 11.09738
-4.92295, -3.82619, 716.52659, 108.17594, -47.78232, 10.86797
-4.92295, -3.82619, 719.58867, 108.17594, -48.24342, 10.86797
-4.92295, -3.11434, 719.58867, 108.70621, -48.70453, 10.86797
-5.62623, -2.40249, 719.58867, 109.23649, -48.70453, 10.86797
-4.92295, -2.40249, 719.58867, 109.23649, -49.16564, 10.63857
-4.92295, -3.11434, 719.58867, 109.23649, -49.16564, 10.63857
-4.21968, -3.11434, 719.58867, 108.70621, -49.16564, 10.63857
-4.92295, -3.11434, 722.65075, 109.23649, -49.16564, 10.63857
-4.21968, -3.82619, 719.58867, 109.23649, -48.70453, 10.63857
-4.21968, -3.82619, 719.58867, 109.23649, -48.70453, 10.63857
-4.21968, -3.82619, 719.58867, 109.76676, -48.70453, 10.63857
-4.21968, -3.11434, 719.58867, 109.76676, -48.24342, 10.63857
-4.92295, -3.11434, 719.58867, 109.76676, -48.24342, 10.86797
-4.92295, -3.11434, 719.58867, 109.76676, -48.24342, 10.86797
-5.62623, -2.40249, 719.58867, 110.29703, -48.24342, 10.86797
-4.92295, -3.11434, 719.58867, 110.82731, -48.24342, 11.09738
-5.62623, -2.40249, 719.58867, 110.82731, -48.70453, 11.09738
-5.62623, -2.40249, 719.58867, 111.35758, -48.24342, 11.09738
-5.62623, -2.40249, 719.58867, 111.35758, -48.24342, 11.09738
-6.32951, -2.40249, 719.58867, 110.82731, -47.78232, 11.09738
-5.62623, -1.69064, 719.58867, 111.35758, -48.24342, 11.09738
-4.92295, -2.40249, 719.58867, 111.35758, -47.78232, 10.86797
-4.92295, -1.69064, 719.58867, 111.35758, -47.78232, 11.09738
-5.62623, -1.69064, 719.58867, 111.35758, -48.24342, 11.09738
-4.92295, -2.40249, 719.58867, 111.35758, -47.78232, 11.09738
-5.62623, -1.69064, 719.58867, 111.35758, -47.32121, 11.09738
-4.92295, -2.40249, 719.58867, 111.35758, -47.78232, 11.09738
-4.92295, -2.40249, 719.58867, 111.88786, -47.32121, 10.86797
-5.62623, -1.69064, 719.58867, 111.88786, -47.32121, 10.86797
-5.62623, -1.69064, 719.58867, 111.35758, -47.78232, 10.86797
-5.62623, -2.40249, 719.58867, 111.35758, -47.32121, 10.86797
-5.62623, -2.40249, 722.65075, 111.35758, -47.32121, 11.09738
-4.92295, -2.40249, 722.65075, 110.82731, -46.86010, 10.86797
-4.92295, -2.40249, 719.58867, 111.35758, -47.32121, 10.63857
-4.92295, -2.40249, 716.52659, 111.35758, -46.86010, 10.86797
-4.92295, -2.40249, 719.58867, 111.35758, -47.32121, 10.63857
-4.92295, -2.40249, 719.58867, 111.35758, -46.86010, 10.63857
-5.62623, -3.11434, 719.58867, 111.35758, -46.86010, 10.63857
-5.62623, -2.40249, 722.65075, 111.35758, -46.39899, 10.63857
-5.62623, -3.11434, 722.65075, 111.88786, -46.86010, 10.86797
-5.62623, -2.40249, 719.58867, 111.88786, -46.86010, 10.86797
-5.62623, -2.40249, 719.58867, 111.88786, -46.39899, 10.86797
-6.32951, -1.69064, 716.52659, 111.88786, -46.39899, 10.86797
-6.32951, -2.40249, 722.65075, 111.35758, -45.93788, 11.09738
-5.62623, -2.40249, 719.58867, 111.35758, -45.93788, 10.86797
-6.32951, -1.69064, 716.52659, 111.35758, -45.93788, 10.86797
-5.62623, -2.40249, 716.52659, 111.88786, -45.93788, 10.86797
-6.32951, -2.40249, 716.52659, 111.88786, -45.93788, 10.63857
-6.32951, -3.11434, 719.58867, 111.88786, -45.93788, 10.86797
-6.32951, -2.40249, 719.58867, 111.35758, -45.93788, 11.09738
-5.62623, -2.40249, 719.58867, 111.88786, -45.93788, 10.86797
-6.32951, -2.40249, 719.58867, 111.35758, -46.39899, 10.86797
-6.32951, -2.40249, 722.65075, 111.88786, -46.39899, 10.86797
-6.32951, -1.69064, 719.58867, 111.35758, -45.93788, 11.09738
-5.62623, -2.40249, 722.65075, 111.35758, -46.39899, 10.86797
-5.62623, -2.40249, 719.58867, 111.35758, -46.39899, 11.09738
-5.62623, -2.40249, 719.58867, 111.35758, -46.39899, 10.86797
-5.62623, -2.40249, 722.65075, 111.35758, -46.39899, 11.09738
-5.62623, -2.40249, 719.58867, 110.82731, -46.39899, 10.86797
-4.92295, -2.40249, 722.65075, 110.82731, -46.86010, 10.86797
-4.92295, -2.40249, 719.58867, 110.82731, -47.32121, 11.09738
-4.92295, -2.40249, 719.58867, 110.82731, -46.86010, 11.09738
-5.62623, -2.40249, 719.58867, 110.82731, -46.86010, 11.09738
-5.62623, -2.40249, 719.58867, 110.82731, -47.32121, 11.09738
-4.92295, -2.40249, 722.65075, 110.82731, -47.32121, 11.09738
-4.92295, -2.40249, 722.65075, 110.82731, -47.32121, 11.09738
-4.92295, -2.40249, 719.58867, 110.82731, -47.32121, 11.09738
-4.92295, -3.11434, 719.58867, 110.82731, -46.86010, 11.09738
-4.21968, -2.40249, 722.65075, 110.82731, -47.32121, 11.32678
-4.92295, -3.11434, 719.58867, 110.29703, -47.32121, 11.09738
-4.92295, -3.11434, 719.58867, 110.82731, -47.32121, 11.09738
-4.92295, -3.11434, 722.65075, 110.82731, -47.32121, 11.09738
-4.92295, -3.11434, 722.65075, 110.29703, -47.32121, 11.09738
-4.92295, -3.11434, 719.58867, 110.29703, -47.32121, 11.09738
-5.62623, -2.40249, 722.65075, 110.29703, -47.32121, 11.09738
-5.62623, -3.11434, 722.65075, 109.76676, -47.32121, 11.09738
-5.62623, -3.82619, 722.65075, 109.76676, -46.86010, 11.09738
-5.62623, -3.11434, 719.58867, 109.76676, -47.32121, 10.86797
-5.62623, -2.40249, 719.58867, 109.23649, -47.32121, 11.09738
-5.62623, -3.82619, 719.58867, 109.76676, -47.32121, 10.86797
-5.62623, -3.11434, 719.58867, 109.76676, -47.32121, 10.86797
-5.62623, -3.11434, 719.58867, 110.29703, -47.32121, 10.86797
-5.62623, -2.40249, 719.58867, 110.29703, -47.78232, 10.86797
-5.62623, -2.40249, 719.58867, 109.76676, -47.32121, 11.09738
-5.62623, -3.11434, 719.58867, 110.29703, -47.78232, 10.86797
-6.32951, -3.11434, 722.65075, 110.29703, -48.24342, 11.09738
-5.62623, -2.40249, 722.65075, 109.76676, -48.24342, 10.86797
-5.62623, -2.40249, 722.65075, 109.76676, -48.70453, 10.86797
-4.92295, -1.69064, 719.58867, 110.29703, -48.70453, 10.63857
-4.92295, -2.40249, 719.58867, 110.29703, -49.16564, 10.86797
-4.92295, -3.11434, 719.58867, 109.76676, -49.16564, 10.86797
-4.92295, -3.11434, 719.58867, 109.76676, -49.62675, 10.63857
-4.21968, -3.11434, 719.58867, 110.29703, -50.08786, 10.63857
-4.21968, -3.11434, 722.65075, 110.29703, -50.54896, 10.63857
-4.21968, -3.11434, 725.71282, 109.76676, -50.54896, 10.86797
-4.21968, -3.11434, 719.58867, 110.29703, -50.54896, 10.63857
-4.21968, -2.40249, 722.65075, 110.29703, -51.01007, 10.86797
-3.51640, -2.40249, 719.58867, 110.29703, -51.47118, 10.86797
-3.51640, -2.40249, 719.58867, 110.29703, -51.47118, 10.86797
-3.51640, -3.11434, 722.65075, 109.76676, -51.01007, 10.63857
-3.51640, -3.11434, 722.65075, 109.76676, -51.01007, 10.63857
-3.51640, -2.40249, 722.65075, 109.76676, -51.01007, 10.86797
-4.21968, -2.40249, 719.58867, 109.76676, -50.54896, 10.86797
-4.21968, -2.40249, 719.58867, 109.76676, -51.01007, 11.09738
-4.92295, -2.40249, 719.58867, 109.76676, -51.01007, 11.09738
-4.92295, -3.11434, 719.58867, 110.29703, -51.01007, 11.09738
-4.92295, -2.40249, 722.65075, 109.76676, -50.54896, 11.09738
-4.92295, -3.11434, 722.65075, 110.29703, -51.47118, 11.09738
-4.21968, -3.11434, 719.58867, 109.76676, -51.47118, 11.09738
-4.21968, -3.11434, 719.58867, 109.76676, -51.47118, 11.09738
-4.21968, -3.11434, 719.58867, 109.23649, -51.47118, 10.86797
-4.21968, -3.11434, 719.58867, 109.23649, -51.93229, 11.09738
-4.21968, -3.82619, 719.58867, 109.23649, -51.93229, 10.86797
-4.21968, -3.82619, 722.65075, 108.70621, -51.93229, 10.86797
-4.21968, -3.11434, 719.58867, 108.70621, -51.93229, 10.86797
-4.21968, -3.82619, 719.58867, 108.70621, -52.39340, 10.63857
-3.51640, -3.82619, 719.58867, 108.70621, -52.39340, 10.86797
-3.51640, -3.11434, 719.58867, 108.70621, -52.85450, 10.63857
-4.21968, -3.82619, 719.58867, 109.23649, -52.85450, 10.63857
-3.51640, -3.11434, 722.65075, 109.23649, -52.85450, 10.63857
-3.51640, -3.11434, 719.58867, 109.23649, -52.85450, 10.63857
-3.51640, -3.11434, 722.65075, 109.23649, -52.85450, 10.63857
-3.51640, -3.11434, 719.58867, 109.23649, -52.85450, 10.63857
-4.21968, -3.11434, 719.58867, 109.23649, -52.85450, 10.63857
-4.21968, -3.11434, 719.58867, 109.76676, -53.31561, 10.63857
-4.21968, -3.11434, 725.71282, 109.76676, -53.31561, 10.63857
-4.21968, -3.11434, 722.65075, 110.29703, -53.31561, 10.86797
-3.51640, -2.40249, 722.65075, 109.76676, -53.31561, 10.63857
-4.21968, -2.40249, 719.58867, 109.76676, -53.31561, 10.63857
-4.21968, -2.40249, 719.58867, 109.76676, -53.31561, 10.63857
-4.21968, -3.11434, 719.58867, 109.76676, -53.31561, 10.63857
-3.51640, -3.11434, 719.58867, 109.76676, -53.31561, 10.63857
-3.51640, -3.11434, 719.58867, 109.76676, -52.85450, 10.86797
-4.21968, -2.40249, 716.52659, 109.76676, -52.85450, 10.63857
-4.21968, -2.40249, 719.58867, 109.76676, -52.85450, 10.63857
-4.21968, -3.11434, 719.58867, 110.29703, -52.85450, 10.63857
-4.21968, -2.40249, 722.65075, 110.29703, -52.85450, 10.86797
-4.92295, -3.11434, 722.65075, 110.29703, -52.85450, 10.86797
-4.21968, -3.11434, 722.65075, 109.76676, -52.85450, 10.86797
-4.92295, -2.40249, 722.65075, 110.29703, -52.85450, 10.86797
-4.21968, -3.11434, 719.58867, 110.29703, -52.85450, 10.86797
-4.92295, -3.11434, 719.58867, 109.76676, -52.39340, 11.09738
-4.92295, -3.11434, 719.58867, 109.76676, -52.39340, 10.86797
-4.92295, -3.11434, 722.65075, 110.29703, -52.39340, 10.86797
-4.92295, -3.11434, 719.58867, 110.29703, -51.93229, 11.09738
-4.92295, -2.40249, 719.58867, 110.29703, -52.39340, 11.09738
-4.92295, -3.11434, 719.58867, 110.29703, -52.39340, 11.09738
-4.92295, -3.11434, 719.58867, 110.29703, -52.39340, 11.32678
-4.92295, -2.40249, 722.65075, 110.29703, -52.39340, 11.09738
-4.92295, -2.40249, 722.65075, 110.82731, -52.85450, 11.09738
-4.92295, -1.69064, 719.58867, 110.82731, -52.85450, 11.09738
-4.92295, -2.40249, 722.65075, 110.82731, -52.85450, 11.09738
-4.21968, -2.40249, 722.65075, 110.82731, -52.85450, 10.86797
-4.21968, -2.40249, 722.65075, 110.82731, -52.85450, 11.09738
-4.21968, -2.40249, 719.58867, 111.35758, -53.31561, 11.09738
-4.21968, -1.69064, 719.58867, 111.35758, -52.85450, 11.09738
-4.21968, -1.69064, 716.52659, 111.35758, -53.31561, 10.86797
-4.21968, -1.69064, 719.58867, 111.35758, -53.31561, 10.86797
-4.21968, -1.69064, 719.58867, 111.35758, -53.31561, 10.86797
-4.92295, -1.69064, 719.58867, 111.35758, -53.31561, 11.09738
-4.92295, -2.40249, 722.65075, 111.88786, -52.85450, 11.09738
-4.21968, -2.40249, 722.65075, 111.35758, -53.31561, 11.09738
-4.21968, -2.40249, 719.58867, 111.35758, -53.31561, 10.86797
-4.92295, -2.40249, 719.58867, 111.35758, -53.31561, 11.09738
-4.92295, -2.40249, 722.65075, 110.82731, -53.31561, 10.86797
-4.21968, -2.40249, 722.65075, 110.82731, -52.85450, 11.09738
-4.21968, -2.40249, 722.65075, 110.82731, -52.85450, 10.86797
-4.21968, -2.40249, 719.58867, 110.82731, -52.85450, 10.86797
-4.92295, -2.40249, 719.58867, 110.82731, -52.39340, 10.63857
-4.92295, -2.40249, 719.58867, 110.82731, -52.85450, 10.63857
-4.92295, -1.69064, 719.58867, 110.82731, -52.85450, 10.63857
-4.92295, -2.40249, 719.58867, 111.35758, -52.85450, 10.63857
-4.92295, -2.40249, 722.65075, 110.82731, -52.85450, 10.63857
-4.92295, -2.40249, 719.58867, 110.29703, -52.39340, 10.63857
-4.92295, -3.11434, 719.58867, 110.82731, -52.85450, 10.63857
-4.92295, -2.40249, 719.58867, 110.82731, -52.39340, 10.63857
-4.21968, -2.40249, 719.58867, 110.82731, -52.85450, 10.63857
-4.21968, -3.11434, 722.65075, 111.35758, -52.85450, 10.63857
-4.92295, -2.40249, 722.65075, 111.35758, -52.85450, 10.63857
-4.92295, -2.40249, 719.58867, 111.35758, -52.39340, 10.63857
-5.62623, -1.69064, 722.65075, 111.35758, -51.93229, 10.86797
-4.92295, -2.40249, 719.58867, 110.82731, -51.93229, 10.86797
-5.62623, -2.40249, 719.58867, 111.35758, -51.93229, 11.09738
-5.62623, -2.40249, 722.65075, 111.35758, -51.93229, 11.09738
-4.92295, -1.69064, 719.58867, 111.35758, -51.93229, 11.09738
-5.62623, -2.40249, 719.58867, 111.35758, -51.93229, 11.32678
-5.62623, -1.69064, 719.58867, 110.82731, -51.93229, 11.09738
-5.62623, -1.69064, 719.58867, 110.82731, -51.47118, 11.32678
-5.62623, -2.40249, 719.58867, 110.82731, -51.93229, 11.32678
-5.62623, -2.40249, 719.58867, 110.82731, -51.93229, 11.09738
-5.62623, -1.69064, 719.58867, 111.35758, -51.93229, 11.32678
-4.92295, -2.40249, 719.58867, 111.35758, -52.39340, 11.09738
-5.62623, -1.69064, 719.58867, 110.82731, -52.39340, 11.32678
-4.92295, -2.40249, 722.65075, 110.82731, -52.85450, 11.32678
-4.92295, -2.40249, 719.58867, 110.82731, -52.85450, 11.09738
-4.92295, -2.40249, 722.65075, 110.82731, -53.31561, 11.09738
-4.21968, -2.40249, 719.58867, 110.29703, -52.85450, 11.09738
-4.92295, -2.40249, 719.58867, 110.29703, -53.31561, 11.09738
-5.62623, -2.40249, 719.58867, 110.82731, -52.85450, 11.32678
-5.62623, -2.40249, 719.58867, 110.29703, -52.85450, 11.32678
-5.62623, -2.40249, 719.58867, 109.76676, -52.85450, 11.55618
-4.92295, -2.40249, 716.52659, 109.76676, -53.31561, 11.09738
-4.21968, -3.11434, 719.58867, 109.76676, -53.77672, 10.86797
-3.51640, -3.11434, 719.58867, 109.76676, -53.77672, 10.63857
-3.51640, -2.40249, 719.58867, 109.23649, -53.31561, 10.63857
-3.51640, -2.40249, 719.58867, 109.23649, -53.77672, 10.63857
-3.51640, -3.11434, 719.58867, 108.70621, -53.77672, 10.63857
-4.21968, -3.11434, 719.58867, 108.70621, -53.77672, 10.63857
-4.21968, -2.40249, 719.58867, 108.70621, -53.77672, 10.63857
-4.21968, -3.11434, 719.58867, 108.70621, -53.31561, 10.63857
-4.92295, -3.11434, 725.71282, 108.70621, -53.31561, 10.86797
-4.21968, -3.11434, 722.65075, 108.70621, -52.85450, 10.63857
-4.21968, -3.11434, 719.58867, 108.70621, -52.39340, 10.63857
-4.21968, -2.40249, 722.65075, 108.17594, -52.85450, 10.63857
-4.92295, -3.11434, 719.58867, 108.70621, -52.39340, 10.63857
-4.92295, -3.11434, 719.58867, 108.70621, -52.85450, 10.63857
-4.92295, -3.11434, 719.58867, 108.70621, -52.39340, 10.63857
-4.92295, -3.11434, 719.58867, 109.23649, -52.39340, 10.63857
-4.21968, -3.11434, 722.65075, 109.23649, -52.85450, 10.86797
-4.92295, -3.11434, 719.58867, 109.23649, -52.39340, 10.86797
-5.62623, -3.11434, 719.58867, 108.70621, -52.39340, 10.86797
-5.62623, -3.11434, 719.58867, 109.23649, -52.39340, 11.09738
-6.32951, -2.40249, 719.58867, 109.23649, -52.85450, 11.09738
-5.62623, -3.11434, 719.58867, 108.70621, -52.39340, 11.09738
-5.62623, -3.11434, 719.58867, 109.23649, -53.31561, 11.09738
-4.92295, -2.40249, 719.58867, 109.23649, -52.85450, 11.09738
-5.62623, -2.40249, 719.58867, 109.23649, -53.31561, 11.09738
-5.62623, -2.40249, 719.58867, 108.70621, -53.31561, 11.32678
-5.62623, -2.40249, 719.58867, 108.70621, -52.85450, 11.09738
-4.92295, -2.40249, 719.58867, 108.70621, -52.85450, 11.09738
-4.21968, -2.40249, 719.58867, 108.17594, -53.31561, 11.09738
-4.92295, -3.11434, 719.58867, 108.17594, -52.85450, 10.86797
-4.21968, -3.11434, 719.58867, 108.17594, -53.31561, 10.63857
-4.92295, -3.11434, 719.58867, 108.17594, -53.31561, 10.86797
-4.92295, -3.11434, 716.52659, 108.17594, -53.31561, 10.86797
-4.21968, -3.11434, 719.58867, 107.64566, -53.31561, 10.86797
-4.21968, -3.11434, 719.58867, 108.17594, -53.77672, 10.86797
-4.21968, -3.11434, 719.58867, 108.17594, -53.77672, 10.86797
-4.21968, -3.82619, 719.58867, 108.17594, -53.77672, 10.63857
-4.21968, -3.11434, 719.58867, 107.64566, -53.77672, 10.86797
-4.21968, -3.11434, 719.58867, 107.64566, -53.77672, 10.63857
-4.21968, -3.11434, 719.58867, 107.64566, -54.23783, 10.63857
-4.21968, -3.82619, 722.65075, 108.17594, -53.77672, 10.86797
-4.21968, -3.82619, 722.65075, 108.17594, -53.77672, 10.86797
-4.21968, -3.11434, 719.58867, 107.64566, -53.77672, 10.63857
-3.51640, -3.11434, 719.58867, 107.64566, -53.77672, 10.86797
-4.21968, -3.82619, 719.58867, 107.64566, -53.31561, 10.86797
-4.21968, -3.11434, 716.52659, 107.64566, -52.85450, 10.86797
-4.21968, -3.11434, 719.58867, 108.17594, -53.31561, 10.86797
-4.92295, -3.11434, 719.58867, 108.17594, -53.31561, 11.09738
-4.21968, -3.11434, 722.65075, 108.17594, -53.31561, 11.09738
-4.92295, -3.82619, 719.58867, 108.70621, -52.85450, 11.09738
-4.92295, -2.40249, 716.52659, 108.70621, -52.85450, 11.09738
-5.62623, -1.69064, 719.58867, 108.70621, -52.85450, 11.09738
-5.62623, -2.40249, 719.58867, 108.70621, -52.85450, 11.09738
-4.92295, -2.40249, 719.58867, 108.70621, -52.85450, 11.09738
-4.92295, -2.40249, 719.58867, 108.70621, -52.39340, 11.09738
-5.62623, -2.40249, 719.58867, 109.23649, -52.39340, 11.09738
-4.92295, -3.11434, 719.58867, 109.23649, -52.39340, 11.09738
-5.62623, -1.69064, 719.58867, 109.76676, -51.93229, 11.09738
-5.62623, -3.11434, 719.58867, 109.76676, -51.93229, 11.09738
-5.62623, -2.40249, 719.58867, 109.76676, -51.93229, 11.09738
-4.92295, -2.40249, 719.58867, 109.23649, -51.93229, 11.09738
-5.62623, -2.40249, 719.58867, 109.76676, -51.47118, 10.86797
-5.62623, -3.11434, 719.58867, 109.76676, -51.47118, 10.86797
-4.92295, -2.40249, 719.58867, 109.76676, -51.47118, 11.09738
-5.62623, -2.40249, 719.58867, 110.29703, -51.47118, 11.09738
-5.62623, -2.40249, 719.58867, 109.76676, -51.47118, 11.09738
-5.62623, -2.40249, 719.58867, 109.76676, -51.93229, 11.09738
-4.21968, -3.11434, 719.58867, 109.76676, -51.93229, 11.09738
-4.21968, -3.11434, 719.58867, 109.76676, -51.93229, 10.86797
-4.21968, -3.11434, 719.58867, 109.76676, -52.39340, 10.86797
-4.21968, -2.40249, 719.58867, 109.76676, -51.93229, 10.86797
-4.92295, -2.40249, 719.58867, 109.23649, -51.93229, 10.86797
-4.92295, -2.40249, 719.58867, 109.76676, -51.93229, 10.86797
-4.92295, -3.11434, 719.58867, 109.76676, -51.93229, 10.86797
-4.92295, -3.11434, 719.58867, 109.76676, -51.93229, 10.86797
-4.21968, -2.40249, 719.58867, 109.76676, -51.93229, 10.86797
-4.21968, -2.40249, 722.65075, 109.76676, -51.93229, 10.86797
-4.21968, -2.40249, 719.58867, 110.29703, -51.93229, 10.86797
-4.21968, -2.40249, 719.58867, 109.76676, -51.93229, 10.86797
-4.92295, -2.40249, 719.58867, 110.29703, -51.47118, 10.86797
-4.92295, -2.40249, 719.58867, 109.76676, -51.47118, 11.09738
-4.92295, -1.69064, 719.58867, 110.82731, -51.47118, 10.86797
-4.21968, -2.40249, 719.58867, 110.29703, -51.47118, 10.86797
-4.21968, -1.69064, 719.58867, 109.76676, -51.47118, 10.86797
-4.92295, -2.40249, 719.58867, 109.76676, -51.47118, 11.09738
-4.92295, -2.40249, 722.65075, 110.82731, -51.01007, 11.09738
-4.92295, -1.69064, 719.58867, 110.82731, -51.01007, 11.09738
-4.92295, -2.40249, 719.58867, 110.29703, -51.01007, 11.09738
-4.92295, -2.40249, 719.58867, 110.29703, -50.54896, 11.09738
-5.62623, -2.40249, 719.58867, 110.29703, -51.01007, 10.86797
-4.92295, -2.40249, 719.58867, 110.82731, -50.54896, 11.09738
-4.92295, -2.40249, 719.58867, 110.29703, -50.54896, 11.09738
-5.62623, -1.69064, 719.58867, 110.29703, -50.54896, 11.09738
-5.62623, -2.40249, 719.58867, 109.76676, -50.54896, 11.09738
-5.62623, -2.40249, 719.58867, 109.76676, -50.08786, 11.09738
-5.62623, -2.40249, 719.58867, 110.29703, -50.54896, 10.86797
-4.92295, -2.40249, 719.58867, 110.29703, -51.01007, 10.86797
-4.92295, -2.40249, 722.65075, 110.29703, -50.54896, 10.86797
-4.92295, -3.11434, 719.58867, 110.29703, -50.54896, 10.86797
-4.92295, -3.11434, 719.58867, 109.76676, -50.08786, 10.86797
-4.92295, -3.11434, 719.58867, 110.29703, -50.08786, 11.09738
-5.62623, -3.11434, 719.58867, 110.29703, -50.08786, 11.09738
-4.92295, -2.40249, 719.58867, 109.76676, -50.08786, 11.09738
-4.92295, -2.40249, 719.58867, 110.29703, -50.54896, 11.32678
-5.62623, -2.40249, 719.58867, 110.29703, -50.54896, 11.32678
-4.92295, -2.40249, 719.58867, 110.82731, -50.54896, 11.32678
-4.92295, -2.40249, 719.58867, 110.82731, -50.08786, 11.32678
-4.92295, -3.11434, 719.58867, 110.82731, -50.08786, 11.09738
-4.92295, -2.40249, 719.58867, 110.82731, -50.54896, 11.09738
-4.92295, -2.40249, 719.58867, 110.82731, -50.54896, 11.09738
-4.92295, -2.40249, 719.58867, 110.82731, -50.08786, 11.09738
-5.62623, -1.69064, 719.58867, 110.82731, -50.54896, 11.32678
-5.62623, -1.69064, 719.58867, 110.82731, -50.54896, 11.09738
-4.92295, -2.40249, 722.65075, 110.82731, -50.54896, 11.09738
-4.21968, -2.40249, 719.58867, 110.82731, -50.08786, 10.86797
-4.21968, -1.69064, 719.58867, 110.82731, -50.54896, 11.09738
-4.21968, -1.69064, 722.65075, 110.29703, -50.08786, 10.86797
-4.92295, -1.69064, 716.52659, 110.82731, -50.08786, 10.86797
-4.92295, -2.40249, 719.58867, 110.82731, -50.08786, 10.86797
-4.92295, -2.40249, 722.65075, 110.29703, -50.54896, 10.86797
-4.92295, -2.40249, 719.58867, 110.29703, -50.54896, 10.86797
-4.21968, -2.40249, 719.58867, 110.82731, -51.01007, 10.86797
-4.21968, -2.40249, 722.65075, 110.29703, -50.54896, 10.63857
-4.21968, -2.40249, 719.58867, 110.29703, -50.54896, 10.63857
-4.92295, -2.40249, 719.58867, 110.29703, -50.54896, 10.86797
-4.92295, -1.69064, 719.58867, 110.82731, -50.08786, 10.86797
-4.21968, -2.40249, 719.58867, 110.29703, -50.08786, 10.86797
-4.21968, -2.40249, 719.58867, 110.29703, -50.08786, 10.86797
-4.92295, -2.40249, 719.58867, 110.29703, -50.08786, 10.86797
-4.21968, -3.11434, 719.58867, 109.76676, -49.62675, 10.86797
-4.92295, -2.40249, 719.58867, 110.29703, -49.16564, 10.86797
-4.92295, -2.40249, 716.52659, 109.76676, -49.16564, 10.86797
-4.92295, -2.40249, 716.52659, 109.23649, -48.70453, 10.86797
-4.92295, -3.11434, 716.52659, 109.23649, -49.16564, 11.09738
-4.92295, -3.11434, 719.58867, 109.23649, -48.70453, 10.86797
-4.92295, -3.11434, 719.58867, 109.23649, -48.70453, 10.86797
-4.92295, -3.11434, 719.58867, 109.23649, -48.70453, 10.63857
-4.92295, -3.82619, 719.58867, 109.23649, -48.24342, 10.86797
-4.92295, -3.82619, 719.58867, 108.70621, -48.70453, 10.86797
-5.62623, -3.11434, 722.65075, 109.23649, -48.24342, 11.09738
-5.62623, -3.11434, 722.65075, 109.23649, -48.24342, 10.86797
-5.62623, -3.11434, 722.65075, 109.23649, -48.24342, 11.09738
-4.92295, -3.11434, 719.58867, 109.76676, -48.24342, 10.86797
-5.62623, -3.11434, 722.65075, 109.23649, -48.70453, 10.86797
-4.92295, -3.11434, 719.58867, 109.23649, -48.70453, 10.86797
-5.62623, -3.11434, 722.65075, 109.23649, -48.70453, 11.09738
