
-2.81312, -1.42370, 753.27154, 16.96877, -5.53330, 11.61353
-2.81312, -0.71185, 753.27154, 17.49905, -5.07219, 11.61353
-3.51640, -0.71185, 753.27154, 16.96877, -5.07219, 11.61353
-3.51640, -0.71185, 750.20946, 17.49905, -4.61108, 11.84294
-4.92295,  0.00000, 753.27154, 18.02932, -3.68886, 11.84294
-5.62623,  0.00000, 753.27154, 18.02932, -3.22776, 11.84294
-5.62623,  0.00000, 753.27154, 18.02932, -3.22776, 11.84294
-4.92295,  0.00000, 753.27154, 18.02932, -3.68886, 11.38413
-5.62623, -0.71185, 750.20946, 17.49905, -3.22776, 11.38413
-4.92295, -0.71185, 750.20946, 16.96877, -2.76665, 11.61353
-5.62623, -1.42370, 750.20946, 16.43850, -2.30554, 12.07234
-5.62623, -1.42370, 753.27154, 15.90823, -2.30554, 11.61353
-4.92295, -2.13555, 753.27154, 15.37795, -1.84443, 11.61353
-4.92295, -2.13555, 753.27154, 14.84768, -1.38332, 11.38413
-5.62623, -2.84740, 753.27154, 14.84768, -0.92222, 11.38413
-6.32951, -3.55925, 750.20946, 14.31740,  0.00000, 11.38413
-7.03279, -3.55925, 753.27154, 13.78713,  1.38332, 11.61353
-7.73607, -3.55925, 753.27154, 13.78713,  2.30554, 11.61353
-9.14263, -3.55925, 750.20946, 13.25686,  3.22776, 11.61353
-9.84591, -2.84740, 750.20946, 13.78713,  4.14997, 11.61353
-10.54919, -2.84740, 750.20946, 14.84768,  4.61108, 11.61353
-10.54919, -2.13555, 750.20946, 15.37795,  3.68886, 11.38413
-9.14263, -1.42370, 750.20946, 15.90823,  3.22776, 11.38413
-8.43935, -1.42370, 753.27154, 15.37795,  2.30554, 11.15473
-7.73607, -2.13555, 753.27154, 15.37795,  1.38332, 11.38413
-7.73607, -2.13555, 753.27154, 14.84768,  0.92222, 11.38413
-7.03279, -2.13555, 753.27154, 14.31740,  0.00000, 11.38413
-7.03279, -2.13555, 756.33362, 14.31740, -0.46111, 11.38413
-5.62623, -2.84740, 753.27154, 13.78713, -1.84443, 11.38413
-4.21968, -2.84740, 750.20946, 13.25686, -2.76665, 11.38413
-3.51640, -3.55925, 753.27154, 13.25686, -3.68886, 11.38413
-2.10984, -3.55925, 753.27154, 13.78713, -5.07219, 11.38413
-0.70328, -3.55925, 753.27154, 13.78713, -6.45551, 11.38413
-0.70328, -3.55925, 753.27154, 14.84768, -6.91662, 11.38413
-2.81312, -2.13555, 753.27154, 15.37795, -6.45551, 11.84294
-3.51640, -1.42370, 753.27154, 15.37795, -6.45551, 11.84294
-3.51640, -1.42370, 750.20946, 16.43850, -6.91662, 11.84294
-2.10984, -1.42370, 750.20946, 16.96877, -7.37773, 11.61353
-0.70328, -0.71185, 750.20946, 17.49905, -7.83884, 11.38413
 0.00000, -1.42370, 750.20946, 17.49905, -7.83884, 11.38413
-0.70328, -0.71185, 750.20946, 17.49905, -7.37773, 11.38413
-1.40656, -1.42370, 750.20946, 17.49905, -6.91662, 11.38413
-2.10984, -1.42370, 750.20946, 17.49905, -6.45551, 11.61353
-2.10984, -1.42370, 750.20946, 17.49905, -6.45551, 11.61353
-2.10984, -1.42370, 750.20946, 18.02932, -5.53330, 11.61353
-2.10984, -1.42370, 747.14738, 17.49905, -5.53330, 11.38413
-2.10984, -2.13555, 750.20946, 16.96877, -5.07219, 11.61353
-2.10984, -2.13555, 750.20946, 16.96877, -4.61108, 11.84294
-2.81312, -2.13555, 756.33362, 16.96877, -5.07219, 11.38413
-3.51640, -2.13555, 756.33362, 16.96877, -4.61108, 11.15473
-2.81312, -2.13555, 753.27154, 17.49905, -4.61108, 11.38413
-2.81312, -2.13555, 753.27154, 17.49905, -4.61108, 11.38413
-2.81312, -2.13555, 753.27154, 16.96877, -4.14997, 11.15473
-2.81312, -2.84740, 753.27154, 16.43850, -4.14997, 11.38413
-3.51640, -2.13555, 753.27154, 16.43850, -2.76665, 11.15473
-4.21968, -3.55925, 756.33362, 16.43850, -2.30554, 11.38413
-3.51640, -3.55925, 753.27154, 16.43850, -1.38332, 11.15473
-4.21968, -2.84740, 753.27154, 16.96877, -0.46111, 11.38413
-4.21968, -2.84740, 753.27154, 16.96877,  0.46111, 11.15473
-4.21968, -2.13555, 750.20946, 18.02932,  0.00000, 11.15473
-4.21968, -0.71185, 750.20946, 18.55960,  0.92222, 11.38413
-4.92295,  0.00000, 750.20946, 19.08987,  0.92222, 11.38413
-4.21968,  0.00000, 753.27154, 19.62015,  0.92222, 11.61353
-4.92295,  0.00000, 753.27154, 19.62015,  1.38332, 11.61353
-5.62623,  0.71185, 753.27154, 20.15042,  1.84443, 11.84294
-6.32951,  1.42370, 753.27154, 20.15042,  2.30554, 11.84294
-7.03279,  1.42370, 753.27154, 20.15042,  3.22776, 11.84294
-7.73607,  1.42370, 753.27154, 20.68069,  4.14997, 11.84294
-7.73607,  1.42370, 750.20946, 20.68069,  4.14997, 11.84294
-7.73607,  0.71185, 753.27154, 19.62015,  5.07219, 11.84294
-7.03279,  0.00000, 753.27154, 18.55960,  5.07219, 11.61353
-7.03279, -1.42370, 753.27154, 17.49905,  5.53330, 11.38413
-7.03279, -2.13555, 750.20946, 16.43850,  5.99440, 11.15473
-7.03279, -2.13555, 753.27154, 15.37795,  6.45551, 11.38413
-7.03279, -3.55925, 753.27154, 14.31740,  6.91662, 11.15473
-7.73607, -3.55925, 750.20946, 14.31740,  7.83884, 11.15473
-9.14263, -3.55925, 753.27154, 13.78713,  7.83884, 11.15473
-9.14263, -3.55925, 750.20946, 13.78713,  8.29994, 11.38413
-9.14263, -3.55925, 750.20946, 13.78713,  8.29994, 11.38413
-7.73607, -3.55925, 750.20946, 13.78713,  6.91662, 11.15473
-7.73607, -3.55925, 753.27154, 14.31740,  6.45551, 11.15473
-7.73607, -3.55925, 753.27154, 14.84768,  5.53330, 11.61353
-7.03279, -2.84740, 753.27154, 15.37795,  4.14997, 11.61353
-5.62623, -2.13555, 753.27154, 15.90823,  3.68886, 11.61353
-4.92295, -2.84740, 753.27154, 15.37795,  2.76665, 11.38413
-4.21968, -2.84740, 753.27154, 15.37795,  1.84443, 11.15473
-4.21968, -2.84740, 753.27154, 14.84768,  1.38332, 11.15473
-3.51640, -3.55925, 753.27154, 15.37795,  1.38332, 11.15473
-2.81312, -3.55925, 750.20946, 15.37795,  0.92222, 11.61353
-2.81312, -2.84740, 753.27154, 15.90823,  1.38332, 11.38413
-2.10984, -2.84740, 753.27154, 15.90823,  1.38332, 11.38413
-2.81312, -2.13555, 753.27154, 15.90823,  1.38332, 11.15473
-3.51640, -2.84740, 750.20946, 16.43850,  1.38332, 11.38413
-2.81312, -2.84740, 750.20946, 16.96877,  1.38332, 11.61353
-3.51640, -2.13555, 750.20946, 16.96877,  1.84443, 11.84294
-3.51640, -2.13555, 753.27154, 17.49905,  1.84443, 11.84294
-4.21968, -0.71185, 753.27154, 18.02932,  2.30554, 11.61353
-2.81312, -1.42370, 753.27154, 18.02932,  2.30554, 11.61353
-4.21968,  0.00000, 753.27154, 18.55960,  2.76665, 11.61353
-4.92295,  0.00000, 756.33362, 19.62015,  3.68886, 11.61353
-7.03279,  0.00000, 753.27154, 20.15042,  5.07219, 11.61353
-7.03279,  1.42370, 753.27154, 20.68069,  5.53330, 11.61353
-7.03279,  1.42370, 750.20946, 21.21097,  5.53330, 11.84294
-6.32951,  1.42370, 750.20946, 21.21097,  5.53330, 11.61353
-6.32951,  0.71185, 750.20946, 20.68069,  5.53330, 11.38413
-7.03279,  0.00000, 753.27154, 19.62015,  6.45551, 11.38413
-7.03279,  0.00000, 753.27154, 19.62015,  6.45551, 11.38413
-7.73607, -0.71185, 753.27154, 18.02932,  6.91662, 11.61353
-8.43935, -1.42370, 753.27154, 17.49905,  7.83884, 11.38413
-8.43935, -2.13555, 753.27154, 16.43850,  8.29994, 11.38413
-8.43935, -2.13555, 753.27154, 15.90823,  7.83884, 11.15473
-9.14263, -2.84740, 750.20946, 15.90823,  8.29994, 11.15473
-8.43935, -3.55925, 750.20946, 14.84768,  7.83884, 11.15473
-8.43935, -3.55925, 753.27154, 14.31740,  6.91662, 11.15473
-7.03279, -4.98295, 753.27154, 13.78713,  5.99440, 11.15473
-7.03279, -4.27110, 753.27154, 13.78713,  5.07219, 11.38413
-6.32951, -3.55925, 753.27154, 13.78713,  4.14997, 11.84294
-5.62623, -3.55925, 753.27154, 14.31740,  3.68886, 11.61353
-4.92295, -3.55925, 753.27154, 14.31740,  2.30554, 11.61353
-4.92295, -2.84740, 756.33362, 14.84768,  0.92222, 11.15473
-3.51640, -2.84740, 753.27154, 14.84768,  0.46111, 11.15473
-4.21968, -2.84740, 756.33362, 14.84768,  0.00000, 11.38413
-3.51640, -2.84740, 753.27154, 14.31740,  0.00000, 11.61353
-3.51640, -2.84740, 753.27154, 14.31740, -0.46111, 11.61353
-2.10984, -3.55925, 750.20946, 13.78713, -0.92222, 11.84294
-0.70328, -3.55925, 750.20946, 13.78713, -1.84443, 11.84294
 0.00000, -4.27110, 750.20946, 13.25686, -2.30554, 11.84294
 0.00000, -3.55925, 753.27154, 13.78713, -2.30554, 11.61353
 0.00000, -3.55925, 753.27154, 14.31740, -2.76665, 11.61353
-1.40656, -3.55925, 753.27154, 15.37795, -2.76665, 11.84294
-1.40656, -2.13555, 753.27154, 16.43850, -2.76665, 11.61353
-1.40656, -1.42370, 753.27154, 16.96877, -3.22776, 11.61353
-1.40656, -1.42370, 753.27154, 16.96877, -3.22776, 11.61353
-1.40656, -1.42370, 753.27154, 18.02932, -3.22776, 11.84294
-2.10984, -1.42370, 753.27154, 18.02932, -2.30554, 12.07234
-2.81312, -0.71185, 753.27154, 18.02932, -2.30554, 11.84294
-2.81312, -0.71185, 753.27154, 18.02932, -1.84443, 11.61353
-2.10984, -0.71185, 753.27154, 18.02932, -1.84443, 11.61353
-2.10984, -0.71185, 753.27154, 18.02932, -1.84443, 11.38413
-2.81312, -1.42370, 753.27154, 18.02932, -1.84443, 11.15473
-2.81312, -2.13555, 750.20946, 16.96877, -1.38332, 11.38413
-2.81312, -2.13555, 753.27154, 16.43850, -0.46111, 11.38413
-2.81312, -2.84740, 750.20946, 15.90823,  0.00000, 11.38413
-3.51640, -3.55925, 753.27154, 14.84768,  0.92222, 11.61353
-4.21968, -2.84740, 753.27154, 15.37795,  1.84443, 11.38413
-4.21968, -2.84740, 753.27154, 15.37795,  2.76665, 11.61353
-5.62623, -2.13555, 753.27154, 16.43850,  3.22776, 11.38413
-6.32951, -2.13555, 750.20946, 16.96877,  3.68886, 11.38413
-6.32951, -1.42370, 753.27154, 16.96877,  3.68886, 11.38413
-5.62623, -0.71185, 753.27154, 17.49905,  3.68886, 11.38413
-5.62623, -0.71185, 753.27154, 17.49905,  3.68886, 11.38413
-6.32951, -0.71185, 753.27154, 18.02932,  4.14997, 11.38413
-7.03279,  0.00000, 753.27154, 18.02932,  4.61108, 11.38413
-7.03279,  0.00000, 756.33362, 18.02932,  5.07219, 11.38413
-7.03279, -1.42370, 756.33362, 18.02932,  5.07219, 11.38413
-6.32951, -1.42370, 756.33362, 17.49905,  5.07219, 11.38413
-6.32951, -1.42370, 753.27154, 16.96877,  5.53330, 11.38413
-7.03279, -2.13555, 753.27154, 16.96877,  5.99440, 11.38413
-7.03279, -2.84740, 753.27154, 16.96877,  6.45551, 11.38413
-7.73607, -2.84740, 753.27154, 16.96877,  6.45551, 11.38413
-7.73607, -2.13555, 750.20946, 17.49905,  6.91662, 11.38413
-7.73607, -2.84740, 750.20946, 17.49905,  6.45551, 11.38413
-7.03279, -2.84740, 750.20946, 17.49905,  6.45551, 11.61353
-7.03279, -2.13555, 750.20946, 16.96877,  5.99440, 11.61353
-7.73607, -2.13555, 753.27154, 17.49905,  5.07219, 11.61353
-6.32951, -1.42370, 750.20946, 18.02932,  3.68886, 11.61353
-5.62623, -1.42370, 756.33362, 18.02932,  2.76665, 11.38413
-4.21968, -1.42370, 753.27154, 18.02932,  1.84443, 11.84294
-4.21968, -1.42370, 753.27154, 18.02932,  1.38332, 11.84294
-2.81312, -0.71185, 753.27154, 17.49905,  0.46111, 11.84294
-2.10984, -2.13555, 756.33362, 16.96877,  0.46111, 11.84294
-2.81312, -2.13555, 753.27154, 16.96877,  0.46111, 11.61353
-2.81312, -1.42370, 753.27154, 16.96877,  0.46111, 11.15473
-2.10984, -1.42370, 753.27154, 16.96877,  0.46111, 11.15473
-2.10984, -2.13555, 753.27154, 16.96877,  0.46111, 11.15473
-2.10984, -1.42370, 753.27154, 16.96877,  0.00000, 11.38413
-2.81312, -2.13555, 750.20946, 16.96877,  0.00000, 11.38413
-2.81312, -1.42370, 750.20946, 16.96877,  0.46111, 11.38413
-3.51640, -2.13555, 753.27154, 17.49905,  1.38332, 11.15473
-4.21968, -2.13555, 750.20946, 17.49905,  1.84443, 11.38413
-4.92295, -2.13555, 750.20946, 17.49905,  2.76665, 11.38413
-4.92295, -1.42370, 753.27154, 17.49905,  3.22776, 11.38413
-5.62623, -2.13555, 753.27154, 16.96877,  4.14997, 11.38413
-6.32951, -1.42370, 753.27154, 17.49905,  5.07219, 11.38413
-7.03279, -1.42370, 753.27154, 18.02932,  5.53330, 11.15473
-7.03279, -1.42370, 750.20946, 17.49905,  5.53330, 11.38413
-7.03279, -1.42370, 753.27154, 17.49905,  5.53330, 11.38413
-7.73607, -0.71185, 753.27154, 17.49905,  5.53330, 11.61353
-7.03279, -1.42370, 753.27154, 17.49905,  4.61108, 11.61353
-6.32951, -1.42370, 753.27154, 18.55960,  3.68886, 11.61353
-4.92295, -1.42370, 756.33362, 18.02932,  2.76665, 11.61353
-4.21968, -1.42370, 753.27154, 16.96877,  1.84443, 11.38413
-2.81312, -1.42370, 753.27154, 16.43850,  0.92222, 11.15473
-2.81312, -2.84740, 753.27154, 15.90823,  0.46111, 11.38413
-2.81312, -2.84740, 753.27154, 15.37795,  0.46111, 11.61353
-3.51640, -3.55925, 753.27154, 14.84768,  0.46111, 11.84294
-2.81312, -3.55925, 753.27154, 13.78713,  0.00000, 11.61353
-2.10984, -4.27110, 753.27154, 13.25686,  0.00000, 11.38413
-1.40656, -4.98295, 753.27154, 13.78713,  0.00000, 11.38413
-2.10984, -4.98295, 753.27154, 14.31740,  0.46111, 11.38413
-2.81312, -4.27110, 753.27154, 14.31740,  0.46111, 11.61353
-4.21968, -3.55925, 750.20946, 14.31740,  1.84443, 11.61353
-4.92295, -2.84740, 750.20946, 14.84768,  2.76665, 11.38413
-4.92295, -2.84740, 753.27154, 15.90823,  3.22776, 11.38413
-5.62623, -2.13555, 753.27154, 16.43850,  3.68886, 11.38413
-6.32951, -1.42370, 753.27154, 16.43850,  5.07219, 11.38413
-7.73607, -1.42370, 750.20946, 17.49905,  6.45551, 11.61353
-8.43935, -1.42370, 753.27154, 16.96877,  6.45551, 11.61353
-9.14263, -1.42370, 756.33362, 16.43850,  6.91662, 12.07234
-8.43935, -2.13555, 756.33362, 15.37795,  6.91662, 11.84294
-8.43935, -2.13555, 753.27154, 16.96877,  5.99440, 11.38413
-6.32951, -2.84740, 753.27154, 16.96877,  5.99440, 11.15473
-5.62623, -1.42370, 753.27154, 17.49905,  5.53330, 10.92532
-7.03279, -0.71185, 753.27154, 17.49905,  5.99440, 11.15473
-7.73607, -0.71185, 753.27154, 17.49905,  5.99440, 11.15473
-7.73607, -1.42370, 753.27154, 18.02932,  6.45551, 10.92532
-7.73607, -2.13555, 753.27154, 17.49905,  5.99440, 10.69592
-6.32951, -1.42370, 750.20946, 17.49905,  5.53330, 10.69592
-6.32951, -1.42370, 750.20946, 16.96877,  5.53330, 10.92532
-6.32951, -1.42370, 753.27154, 16.96877,  5.99440, 11.15473
-7.03279, -2.13555, 756.33362, 17.49905,  5.99440, 11.15473
-8.43935, -0.71185, 753.27154, 17.49905,  5.99440, 11.15473
-7.73607, -0.71185, 753.27154, 18.55960,  5.53330, 10.92532
-7.73607, -0.71185, 753.27154, 18.55960,  5.07219, 10.92532
-7.03279, -0.71185, 753.27154, 17.49905,  4.61108, 11.15473
-6.32951, -1.42370, 753.27154, 17.49905,  3.68886, 11.15473
-6.32951, -2.13555, 753.27154, 16.96877,  3.22776, 11.15473
-5.62623, -2.13555, 750.20946, 16.96877,  2.30554, 11.38413
-4.92295, -2.13555, 750.20946, 16.43850,  1.84443, 11.61353
-4.92295, -2.13555, 753.27154, 15.90823,  0.92222, 11.84294
-4.21968, -2.84740, 753.27154, 14.84768,  0.46111, 11.61353
-4.92295, -3.55925, 753.27154, 14.84768,  0.00000, 11.38413
-4.21968, -4.27110, 753.27154, 14.84768,  0.00000, 11.38413
-4.21968, -3.55925, 753.27154, 14.84768,  0.00000, 11.61353
-4.92295, -3.55925, 753.27154, 15.37795,  0.00000, 11.61353
-4.92295, -3.55925, 753.27154, 15.90823,  0.46111, 11.61353
-4.92295, -3.55925, 753.27154, 15.90823,  0.46111, 11.38413
-5.62623, -3.55925, 756.33362, 15.90823,  0.46111, 11.38413
-4.92295, -2.13555, 753.27154, 16.43850, -0.46111, 11.38413
-4.21968, -2.13555, 753.27154, 16.43850, -0.92222, 11.61353
-4.92295, -2.84740, 753.27154, 16.96877, -1.38332, 11.61353
-4.21968, -2.84740, 750.20946, 15.90823, -1.84443, 11.84294
-3.51640, -3.55925, 750.20946, 15.37795, -2.30554, 11.61353
-2.81312, -3.55925, 753.27154, 16.43850, -3.22776, 11.38413
-2.10984, -2.84740, 753.27154, 17.49905, -3.68886, 11.38413
-2.10984, -2.84740, 750.20946, 17.49905, -3.68886, 11.61353
-2.10984, -1.42370, 750.20946, 18.55960, -4.14997, 11.38413
-2.10984, -1.42370, 750.20946, 19.08987, -3.68886, 11.38413
-2.81312, -0.71185, 753.27154, 19.62015, -4.14997, 11.15473
-2.81312,  0.00000, 759.39570, 19.62015, -4.14997, 11.38413
-3.51640,  0.00000, 756.33362, 20.15042, -4.14997, 11.38413
-3.51640,  0.00000, 753.27154, 20.68069, -4.61108, 11.38413
-2.10984,  0.71185, 753.27154, 21.21097, -4.61108, 10.92532
-2.10984,  0.71185, 750.20946, 21.21097, -5.07219, 10.69592
-1.40656,  0.71185, 750.20946, 20.68069, -4.61108, 10.69592
-2.81312,  0.71185, 753.27154, 20.68069, -4.61108, 10.92532
-3.51640,  0.71185, 756.33362, 19.62015, -4.61108, 11.38413
-2.81312,  0.00000, 753.27154, 19.62015, -4.61108, 11.38413
-3.51640, -0.71185, 753.27154, 19.62015, -4.61108, 11.61353
-3.51640, -1.42370, 753.27154, 19.08987, -4.61108, 11.38413
-3.51640, -1.42370, 753.27154, 18.55960, -5.07219, 11.15473
-3.51640, -2.13555, 750.20946, 18.55960, -4.61108, 11.38413
-3.51640, -1.42370, 750.20946, 18.02932, -5.07219, 11.38413
-3.51640, -2.13555, 753.27154, 18.02932, -5.07219, 11.38413
-4.21968, -2.13555, 753.27154, 18.02932, -4.61108, 11.15473
-4.21968, -2.84740, 753.27154, 18.02932, -4.61108, 11.15473
-3.51640, -2.13555, 753.27154, 17.49905, -4.61108, 11.15473
-3.51640, -2.84740, 753.27154, 16.96877, -4.14997, 11.15473
-4.21968, -3.55925, 753.27154, 16.43850, -4.14997, 11.38413
-4.92295, -3.55925, 753.27154, 16.43850, -3.68886, 11.38413
-4.92295, -3.55925, 753.27154, 16.43850, -2.76665, 11.61353
-5.62623, -2.84740, 753.27154, 16.43850, -2.76665, 11.38413
-4.92295, -3.55925, 753.27154, 16.43850, -2.76665, 11.15473
-4.92295, -3.55925, 753.27154, 16.43850, -3.22776, 10.92532
-3.51640, -2.84740, 753.27154, 16.43850, -3.22776, 11.15473
-4.21968, -3.55925, 753.27154, 16.43850, -3.68886, 11.15473
-3.51640, -3.55925, 756.33362, 16.43850, -3.22776, 11.15473
-4.21968, -2.84740, 753.27154, 16.43850, -3.22776, 11.38413
-3.51640, -3.55925, 753.27154, 16.43850, -3.22776, 11.38413
-3.51640, -3.55925, 753.27154, 16.43850, -3.22776, 11.38413
-4.21968, -2.13555, 750.20946, 18.02932, -2.76665, 11.38413
-4.21968, -2.13555, 750.20946, 17.49905, -2.76665, 11.38413
-4.21968, -1.42370, 753.27154, 18.02932, -2.76665, 11.38413
-4.21968, -1.42370, 753.27154, 18.55960, -2.76665, 11.38413
-3.51640,  0.00000, 753.27154, 19.08987, -2.76665, 11.15473
-4.92295,  0.00000, 753.27154, 19.62015, -2.30554, 11.38413
-6.32951,  0.71185, 753.27154, 20.15042, -2.30554, 11.38413
-7.03279, -0.71185, 753.27154, 20.15042, -1.84443, 11.38413
-6.32951, -0.71185, 753.27154, 19.62015, -2.30554, 11.38413
-3.51640, -0.71185, 747.14738, 18.55960, -2.76665, 11.15473
-2.81312, -0.71185, 750.20946, 18.02932, -3.68886, 10.92532
-2.10984, -1.42370, 750.20946, 17.49905, -3.68886, 11.15473
-3.51640, -2.84740, 753.27154, 17.49905, -3.22776, 11.38413
-4.92295, -2.84740, 753.27154, 17.49905, -2.76665, 11.38413
-4.21968, -2.84740, 753.27154, 17.49905, -2.76665, 11.38413
-4.21968, -2.13555, 753.27154, 18.02932, -2.76665, 11.38413
-3.51640, -2.13555, 750.20946, 17.49905, -2.30554, 11.38413
-4.21968, -2.84740, 753.27154, 17.49905, -1.84443, 11.61353
-4.92295, -2.84740, 753.27154, 16.96877, -1.38332, 11.84294
-5.62623, -2.84740, 753.27154, 16.43850, -0.92222, 11.84294
-5.62623, -3.55925, 753.27154, 16.96877, -0.46111, 11.61353
-4.92295, -4.27110, 753.27154, 16.43850, -0.46111, 11.38413
-5.62623, -4.98295, 753.27154, 15.90823,  0.00000, 11.38413
-6.32951, -4.98295, 753.27154, 14.84768,  0.92222, 11.61353
-7.03279, -4.27110, 750.20946, 14.31740,  1.84443, 11.61353
-8.43935, -3.55925, 753.27154, 14.84768,  2.30554, 11.61353
-9.14263, -2.84740, 753.27154, 16.43850,  3.22776, 11.61353
-9.84591, -2.13555, 750.20946, 17.49905,  3.22776, 11.61353
-9.14263, -0.71185, 753.27154, 17.49905,  2.76665, 11.38413
-7.73607, -0.71185, 756.33362, 17.49905,  2.30554, 11.38413
-6.32951, -1.42370, 753.27154, 18.02932,  1.38332, 11.15473
-6.32951, -1.42370, 753.27154, 18.02932,  1.38332, 11.38413
-6.32951, -1.42370, 756.33362, 18.02932,  0.92222, 11.38413
-6.32951, -1.42370, 756.33362, 18.55960,  0.46111, 11.38413
-5.62623, -1.42370, 753.27154, 18.02932,  0.00000, 11.15473
-4.92295, -2.13555, 750.20946, 18.55960, -0.92222, 11.38413
-4.92295, -2.13555, 753.27154, 18.55960, -1.38332, 11.38413
-4.21968, -2.84740, 753.27154, 18.55960, -1.84443, 11.61353
-2.81312, -2.13555, 753.27154, 18.55960, -1.84443, 11.38413
-2.10984, -3.55925, 756.33362, 18.02932, -2.30554, 11.38413
-2.81312, -2.13555, 750.20946, 18.55960, -1.84443, 11.15473
-3.51640, -1.42370, 753.27154, 19.08987, -2.30554, 10.92532
-4.21968, -1.42370, 750.20946, 18.55960, -1.84443, 10.92532
-5.62623, -1.42370, 750.20946, 19.62015, -1.38332, 10.92532
-4.92295, -2.13555, 753.27154, 19.62015, -1.84443, 11.15473
-4.21968, -1.42370, 753.27154, 19.08987, -1.84443, 11.38413
-3.51640, -2.13555, 753.27154, 18.02932, -2.30554, 11.38413
-3.51640, -1.42370, 753.27154, 18.02932, -2.30554, 11.61353
-3.51640, -0.71185, 750.20946, 19.08987, -2.76665, 11.38413
-4.21968, -1.42370, 750.20946, 19.62015, -2.30554, 11.38413
-4.21968, -0.71185, 753.27154, 19.08987, -2.30554, 11.38413
-4.21968, -1.42370, 753.27154, 19.08987, -2.30554, 11.15473
-3.51640, -0.71185, 756.33362, 19.08987, -2.30554, 11.15473
-3.51640, -1.42370, 753.27154, 19.08987, -3.22776, 11.15473
-3.51640, -1.42370, 753.27154, 20.15042, -2.76665, 11.15473
-3.51640, -1.42370, 753.27154, 19.08987, -2.76665, 11.38413
-4.21968, -2.13555, 753.27154, 19.08987, -2.76665, 11.38413
-3.51640, -1.42370, 750.20946, 19.62015, -2.76665, 11.15473
-2.81312, -2.13555, 753.27154, 19.62015, -2.76665, 11.15473
-2.81312, -2.13555, 753.27154, 19.08987, -2.76665, 11.15473
-3.51640, -2.13555, 750.20946, 19.08987, -2.30554, 11.15473
-4.21968, -2.13555, 753.27154, 19.08987, -1.38332, 11.38413
-4.92295, -2.84740, 753.27154, 19.62015,  0.00000, 11.38413
-5.62623, -2.13555, 753.27154, 20.15042,  0.92222, 11.38413
-6.32951, -2.13555, 753.27154, 19.62015,  1.38332, 11.38413
-6.32951, -2.13555, 753.27154, 19.08987,  1.84443, 11.61353
-7.03279, -2.13555, 756.33362, 19.08987,  2.30554, 11.38413
-7.73607, -2.13555, 756.33362, 19.62015,  2.30554, 11.38413
-7.73607, -2.13555, 753.27154, 19.62015,  2.76665, 11.38413
-7.73607, -1.42370, 753.27154, 19.62015,  2.76665, 11.38413
-7.03279, -0.71185, 753.27154, 19.62015,  2.76665, 11.38413
-7.03279, -1.42370, 753.27154, 19.08987,  2.76665, 11.15473
-7.73607, -2.13555, 756.33362, 19.08987,  2.76665, 11.38413
-8.43935, -1.42370, 753.27154, 18.55960,  2.76665, 11.38413
-8.43935, -2.13555, 753.27154, 18.02932,  2.30554, 11.15473
-7.73607, -2.13555, 750.20946, 18.02932,  1.84443, 11.15473
-7.03279, -2.84740, 750.20946, 17.49905,  1.38332, 11.15473
-6.32951, -2.84740, 753.27154, 17.49905,  0.46111, 11.15473
-5.62623, -2.84740, 750.20946, 18.02932,  0.00000, 11.15473
-4.21968, -2.84740, 753.27154, 18.02932, -0.46111, 11.15473
-3.51640, -2.84740, 753.27154, 18.02932, -0.92222, 10.92532
-3.51640, -2.84740, 756.33362, 18.55960, -0.92222, 10.92532
-4.21968, -2.13555, 756.33362, 19.08987, -0.92222, 10.92532
-4.92295, -0.71185, 756.33362, 19.62015, -0.46111, 11.15473
-5.62623, -0.71185, 753.27154, 19.62015, -0.46111, 11.38413
-5.62623, -1.42370, 753.27154, 20.15042, -0.92222, 11.38413
-4.92295, -0.71185, 750.20946, 20.68069, -1.38332, 11.15473
-4.21968, -0.71185, 750.20946, 20.15042, -1.84443, 11.38413
-3.51640,  0.00000, 750.20946, 20.68069, -2.30554, 11.38413
-3.51640, -0.71185, 753.27154, 20.68069, -2.76665, 11.38413
-3.51640, -1.42370, 753.27154, 21.21097, -2.76665, 11.38413
-3.51640, -2.13555, 753.27154, 20.68069, -3.22776, 11.15473
-3.51640, -2.13555, 753.27154, 20.68069, -3.22776, 11.38413
-4.21968, -1.42370, 753.27154, 20.68069, -2.76665, 11.61353
-4.21968, -0.71185, 753.27154, 20.15042, -2.30554, 11.84294
-4.92295, -1.42370, 753.27154, 20.15042, -2.30554, 11.84294
-4.92295, -2.13555, 753.27154, 19.62015, -1.84443, 11.38413
-4.92295, -2.13555, 753.27154, 19.62015, -1.84443, 11.38413
-4.92295, -2.13555, 756.33362, 18.55960, -1.84443, 11.38413
-4.92295, -2.84740, 756.33362, 17.49905, -1.84443, 11.38413
-4.92295, -2.13555, 753.27154, 17.49905, -1.38332, 11.61353
-4.21968, -2.84740, 753.27154, 17.49905, -1.84443, 11.61353
-4.21968, -3.55925, 753.27154, 16.96877, -2.30554, 11.38413
-3.51640, -3.55925, 750.20946, 16.43850, -2.76665, 11.15473
-2.81312, -4.27110, 753.27154, 16.43850, -2.76665, 10.69592
-3.51640, -4.27110, 753.27154, 15.90823, -3.22776, 11.15473
-4.21968, -4.27110, 753.27154, 15.90823, -2.76665, 11.38413
-4.92295, -3.55925, 753.27154, 16.43850, -1.84443, 11.15473
-4.21968, -3.55925, 750.20946, 16.43850, -1.84443, 11.15473
-3.51640, -3.55925, 750.20946, 16.96877, -1.84443, 11.15473
-4.21968, -3.55925, 750.20946, 16.96877, -1.38332, 10.92532
-3.51640, -2.84740, 750.20946, 16.96877, -1.38332, 11.15473
-4.21968, -2.13555, 753.27154, 16.96877, -1.38332, 11.15473
-4.21968, -2.13555, 753.27154, 18.02932, -1.38332, 11.38413
-4.92295, -2.13555, 753.27154, 18.55960, -0.92222, 11.38413
-4.92295, -1.42370, 750.20946, 19.08987, -0.92222, 11.38413
-4.21968, -0.71185, 753.27154, 20.15042, -1.38332, 11.15473
-4.21968,  0.00000, 756.33362, 20.68069, -1.38332, 11.38413
-4.92295,  0.71185, 756.33362, 21.21097, -1.38332, 11.38413
-4.92295,  0.00000, 753.27154, 20.68069, -1.38332, 11.38413
-4.92295,  0.00000, 753.27154, 20.68069, -1.38332, 11.38413
-4.92295, -0.71185, 753.27154, 20.15042, -0.92222, 11.38413
-4.92295, -1.42370, 753.27154, 19.62015, -0.92222, 11.38413
-4.92295, -1.42370, 753.27154, 19.08987, -0.92222, 11.38413
-4.21968, -2.13555, 753.27154, 19.08987, -0.92222, 11.61353
-4.21968, -2.13555, 750.20946, 18.55960, -0.46111, 11.15473
-3.51640, -2.84740, 750.20946, 18.02932, -0.92222, 11.15473
-4.21968, -2.84740, 750.20946, 18.02932, -0.92222, 10.92532
-5.62623, -3.55925, 753.27154, 18.55960, -0.92222, 11.15473
-6.32951, -2.84740, 753.27154, 18.55960, -0.92222, 11.38413
-5.62623, -3.55925, 753.27154, 18.55960, -0.92222, 11.38413
-4.92295, -2.84740, 753.27154, 18.55960, -0.92222, 11.38413
-3.51640, -2.84740, 753.27154, 18.02932, -1.38332, 11.15473
-3.51640, -2.84740, 753.27154, 18.02932, -1.84443, 11.15473
-3.51640, -2.84740, 753.27154, 19.08987, -1.84443, 11.15473
-4.92295, -2.84740, 753.27154, 19.08987, -1.38332, 11.38413
-5.62623, -2.13555, 756.33362, 19.08987, -0.92222, 11.84294
-4.92295, -2.84740, 756.33362, 18.55960, -1.38332, 11.84294
-4.21968, -2.13555, 753.27154, 18.55960, -1.84443, 11.61353
-3.51640, -2.13555, 750.20946, 19.08987, -1.84443, 11.15473
-2.81312, -2.13555, 750.20946, 19.62015, -1.84443, 11.15473
-3.51640, -1.42370, 750.20946, 19.62015, -2.30554, 11.61353
-4.21968, -2.13555, 753.27154, 19.08987, -1.38332, 11.38413
-3.51640, -1.42370, 750.20946, 19.08987, -1.84443, 11.38413
-2.81312, -1.42370, 753.27154, 19.62015, -2.30554, 11.38413
-3.51640, -1.42370, 753.27154, 20.15042, -1.84443, 11.61353
-4.92295, -0.71185, 750.20946, 20.15042, -1.84443, 11.61353
-4.21968, -0.71185, 753.27154, 20.15042, -2.30554, 11.38413
-3.51640, -0.71185, 750.20946, 20.15042, -2.30554, 11.15473
-2.81312, -0.71185, 756.33362, 20.68069, -2.76665, 11.15473
-2.10984, -1.42370, 756.33362, 20.15042, -2.76665, 11.15473
-1.40656, -1.42370, 753.27154, 19.62015, -2.30554, 11.15473
-2.10984, -1.42370, 753.27154, 19.08987, -1.84443, 11.15473
-2.10984, -2.13555, 756.33362, 19.08987, -1.38332, 11.38413
-2.81312, -2.13555, 753.27154, 19.08987, -0.46111, 11.15473
-3.51640, -2.84740, 753.27154, 18.55960,  0.46111, 11.15473
-4.21968, -2.84740, 753.27154, 18.02932,  1.38332, 10.92532
-4.92295, -2.84740, 756.33362, 18.55960,  1.38332, 10.92532
-4.92295, -2.84740, 753.27154, 18.55960,  2.30554, 11.15473
-4.92295, -2.84740, 753.27154, 18.55960,  2.30554, 10.92532
-5.62623, -2.84740, 753.27154, 18.55960,  3.22776, 11.15473
-7.03279, -2.84740, 753.27154, 18.55960,  3.68886, 11.38413
-7.03279, -2.13555, 756.33362, 18.55960,  4.14997, 11.38413
-7.03279, -2.13555, 753.27154, 18.02932,  4.14997, 11.61353
-6.32951, -2.13555, 753.27154, 17.49905,  4.14997, 11.61353
-7.03279, -2.84740, 753.27154, 17.49905,  4.14997, 11.61353
-7.03279, -2.84740, 753.27154, 17.49905,  4.14997, 11.61353
-7.03279, -3.55925, 753.27154, 18.02932,  3.68886, 11.61353
-5.62623, -2.13555, 756.33362, 18.02932,  2.76665, 11.38413
-4.92295, -2.84740, 756.33362, 17.49905,  2.76665, 11.38413
-4.92295, -2.13555, 750.20946, 18.02932,  2.76665, 11.61353
-4.92295, -2.84740, 750.20946, 18.02932,  3.22776, 11.38413
-4.21968, -2.84740, 747.14738, 18.02932,  2.76665, 11.15473
-3.51640, -4.27110, 753.27154, 17.49905,  2.76665, 11.15473
-3.51640, -3.55925, 753.27154, 17.49905,  2.76665, 11.15473
-2.81312, -3.55925, 753.27154, 17.49905,  2.30554, 11.38413
-2.81312, -2.84740, 753.27154, 17.49905,  2.30554, 11.38413
-3.51640, -2.13555, 753.27154, 19.08987,  2.30554, 11.15473
-3.51640, -2.13555, 753.27154, 19.62015,  2.30554, 11.15473
-3.51640, -0.71185, 753.27154, 20.68069,  2.30554, 10.92532
-2.81312, -0.71185, 753.27154, 21.74124,  2.30554, 11.15473
-2.81312,  0.00000, 753.27154, 21.21097,  2.30554, 11.38413
-3.51640,  0.00000, 753.27154, 21.74124,  2.76665, 11.38413
-3.51640,  0.00000, 753.27154, 21.74124,  2.76665, 11.61353
-4.21968, -0.71185, 753.27154, 22.27152,  3.22776, 11.61353
-4.21968, -0.71185, 753.27154, 21.74124,  4.14997, 11.61353
-4.21968, -0.71185, 753.27154, 21.21097,  4.61108, 11.61353
-4.92295, -0.71185, 753.27154, 21.21097,  5.07219, 11.61353
-5.62623, -0.71185, 756.33362, 21.74124,  5.99440, 11.61353
-6.32951, -0.71185, 756.33362, 21.74124,  6.91662, 11.61353
-7.03279, -2.13555, 756.33362, 21.74124,  7.83884, 11.61353
-7.03279, -2.84740, 750.20946, 21.21097,  8.29994, 11.38413
-7.03279, -2.13555, 753.27154, 20.68069,  8.76105, 11.38413
-7.03279, -2.13555, 753.27154, 20.15042,  8.76105, 11.38413
-7.03279, -2.13555, 753.27154, 19.62015,  8.76105, 11.84294
-7.03279, -2.84740, 753.27154, 19.62015,  9.22216, 11.84294
-7.73607, -2.84740, 756.33362, 19.08987,  9.68327, 11.61353
-7.73607, -2.13555, 753.27154, 19.62015, 10.14438, 11.61353
-8.43935, -1.42370, 753.27154, 19.62015, 10.14438, 11.61353
-9.14263, -0.71185, 753.27154, 20.15042, 11.06659, 11.38413
-9.14263, -0.71185, 753.27154, 20.15042, 11.06659, 11.38413
-9.14263, -0.71185, 753.27154, 20.68069, 10.60548, 11.15473
-9.14263, -1.42370, 750.20946, 20.68069, 10.14438, 11.38413
-7.73607, -0.71185, 753.27154, 20.68069, 10.14438, 11.38413
-7.73607, -0.71185, 750.20946, 20.15042,  9.68327, 11.38413
-7.03279, -1.42370, 750.20946, 20.15042,  9.22216, 11.15473
-7.03279, -1.42370, 753.27154, 20.68069,  8.76105, 11.38413
-6.32951, -0.71185, 756.33362, 20.68069,  8.29994, 11.61353
-7.73607, -0.71185, 753.27154, 20.68069,  8.29994, 11.38413
-7.03279, -1.42370, 753.27154, 20.68069,  8.29994, 11.38413
-6.32951, -0.71185, 753.27154, 20.68069,  7.37773, 11.38413
-5.62623, -2.13555, 753.27154, 20.68069,  6.91662, 11.15473
-6.32951, -1.42370, 756.33362, 21.21097,  6.91662, 11.38413
-6.32951, -1.42370, 753.27154, 20.68069,  6.45551, 11.61353
-6.32951, -1.42370, 753.27154, 20.15042,  5.99440, 11.61353
-5.62623, -2.13555, 753.27154, 19.62015,  5.53330, 11.84294
-4.21968, -2.84740, 753.27154, 19.08987,  4.61108, 11.61353
-4.21968, -2.84740, 753.27154, 19.62015,  4.14997, 11.61353
-4.92295, -2.13555, 753.27154, 19.62015,  4.61108, 11.84294
-5.62623, -0.71185, 753.27154, 20.15042,  4.61108, 11.61353
-5.62623,  0.00000, 753.27154, 21.21097,  4.61108, 11.61353
-5.62623,  0.00000, 753.27154, 21.21097,  4.14997, 11.38413
-4.92295, -0.71185, 753.27154, 21.21097,  3.22776, 10.92532
-3.51640, -1.42370, 753.27154, 21.21097,  2.76665, 11.15473
-3.51640, -2.13555, 753.27154, 19.62015,  2.30554, 11.15473
-2.81312, -4.27110, 756.33362, 17.49905,  1.38332, 11.61353
-2.10984, -5.69480, 756.33362, 15.37795,  1.38332, 11.61353
-1.40656, -6.40665, 753.27154, 14.31740,  0.92222, 11.61353
-1.40656, -6.40665, 753.27154, 13.78713,  0.00000, 11.61353
-2.10984, -6.40665, 753.27154, 14.31740, -0.46111, 11.61353
-2.10984, -6.40665, 753.27154, 14.84768, -0.46111, 11.61353
-1.40656, -5.69480, 753.27154, 15.90823, -0.92222, 11.38413
-0.70328, -4.98295, 753.27154, 16.43850, -0.92222, 11.15473
-0.70328, -4.27110, 750.20946, 16.96877, -1.38332, 11.15473
-1.40656, -3.55925, 750.20946, 17.49905, -1.38332, 11.15473
-1.40656, -2.84740, 753.27154, 18.02932, -1.38332, 11.38413
-2.10984, -2.13555, 753.27154, 19.08987, -0.92222, 11.38413
-2.10984, -1.42370, 753.27154, 19.08987, -0.92222, 11.61353
-2.10984, -0.71185, 753.27154, 19.62015, -0.46111, 11.61353
-2.81312, -0.71185, 753.27154, 20.68069,  0.00000, 11.61353
-2.10984,  0.00000, 753.27154, 21.21097,  0.46111, 11.38413
-2.81312,  0.71185, 753.27154, 21.21097,  0.92222, 11.38413
-3.51640,  0.00000, 750.20946, 21.74124,  0.92222, 11.61353
-3.51640,  0.71185, 753.27154, 21.74124,  1.84443, 11.61353
-4.92295,  0.00000, 753.27154, 21.74124,  2.76665, 11.84294
-7.03279,  0.00000, 753.27154, 21.74124,  5.07219, 11.84294
-8.43935,  0.00000, 756.33362, 21.21097,  6.45551, 11.84294
-9.14263,  0.00000, 753.27154, 21.21097,  7.37773, 11.61353
-8.43935,  0.00000, 750.20946, 20.68069,  7.37773, 11.38413
-7.73607, -1.42370, 753.27154, 20.68069,  6.91662, 11.15473
-7.03279, -2.13555, 753.27154, 20.15042,  7.37773, 11.15473
-7.03279, -2.84740, 753.27154, 19.08987,  7.37773, 11.15473
-7.73607, -2.84740, 753.27154, 18.02932,  7.83884, 10.92532
-8.43935, -3.55925, 753.27154, 18.55960,  8.29994, 11.15473
-7.73607, -2.84740, 756.33362, 18.55960,  7.83884, 11.15473
-7.73607, -2.84740, 753.27154, 19.08987,  7.83884, 11.15473
-7.03279, -2.84740, 756.33362, 18.02932,  7.83884, 11.15473
-7.03279, -2.84740, 753.27154, 18.02932,  7.83884, 11.38413
-7.03279, -2.84740, 753.27154, 17.49905,  6.91662, 11.61353
-6.32951, -2.84740, 753.27154, 17.49905,  6.45551, 11.61353
-6.32951, -4.27110, 756.33362, 17.49905,  5.99440, 11.38413
-6.32951, -3.55925, 753.27154, 17.49905,  5.07219, 11.38413
-6.32951, -3.55925, 756.33362, 18.02932,  4.61108, 11.38413
-5.62623, -2.84740, 753.27154, 17.49905,  3.68886, 11.15473
-4.92295, -3.55925, 753.27154, 18.02932,  2.76665, 11.15473
-3.51640, -3.55925, 753.27154, 18.02932,  1.84443, 11.15473
-2.81312, -3.55925, 753.27154, 17.49905,  0.92222, 11.15473
-2.81312, -2.84740, 753.27154, 17.49905,  0.92222, 11.38413
-3.51640, -2.13555, 753.27154, 19.08987,  1.38332, 11.84294
-5.62623, -1.42370, 750.20946, 20.15042,  2.30554, 11.84294
-5.62623,  0.71185, 753.27154, 21.74124,  1.84443, 11.38413
-5.62623,  0.71185, 756.33362, 22.27152,  0.92222, 11.38413
-4.92295,  0.00000, 756.33362, 21.74124,  0.46111, 11.15473
-4.92295,  0.00000, 759.39570, 22.27152,  0.00000, 11.15473
-4.21968,  0.00000, 756.33362, 21.74124, -0.46111, 11.15473
-3.51640, -0.71185, 756.33362, 20.15042, -1.38332, 11.15473
-2.81312, -0.71185, 753.27154, 19.62015, -2.30554, 11.15473
-2.10984, -2.84740, 753.27154, 19.62015, -2.30554, 11.15473
-1.40656, -2.84740, 753.27154, 18.55960, -2.76665, 11.38413
-0.70328, -3.55925, 753.27154, 18.02932, -3.22776, 11.38413
-1.40656, -4.98295, 753.27154, 17.49905, -3.22776, 11.61353
-1.40656, -4.98295, 753.27154, 17.49905, -2.76665, 11.38413
-2.10984, -4.27110, 750.20946, 18.02932, -2.30554, 11.15473
-2.81312, -4.27110, 753.27154, 18.02932, -2.30554, 11.38413
-3.51640, -4.27110, 753.27154, 18.02932, -1.84443, 11.38413
-3.51640, -2.84740, 753.27154, 18.55960, -1.84443, 11.38413
-3.51640, -2.84740, 753.27154, 18.55960, -1.84443, 11.38413
-2.81312, -2.13555, 753.27154, 19.08987, -1.84443, 11.61353
-2.81312, -2.13555, 753.27154, 19.08987, -1.84443, 11.61353
-3.51640, -1.42370, 753.27154, 19.08987, -2.30554, 11.84294
-4.21968, -2.13555, 756.33362, 19.62015, -2.30554, 11.84294
-4.21968, -2.84740, 753.27154, 19.62015, -1.84443, 11.84294
-3.51640, -2.13555, 753.27154, 19.62015, -2.30554, 11.38413
-2.81312, -2.13555, 750.20946, 19.08987, -2.30554, 11.15473
-2.81312, -1.42370, 753.27154, 19.62015, -1.84443, 11.15473
-2.81312, -2.13555, 753.27154, 20.68069, -1.38332, 10.92532
-3.51640, -1.42370, 753.27154, 20.15042, -0.46111, 11.15473
-3.51640, -2.13555, 753.27154, 19.62015, -0.46111, 10.92532
-4.21968, -2.13555, 753.27154, 19.62015,  0.92222, 10.69592
-4.92295, -2.13555, 753.27154, 20.15042,  1.38332, 10.92532
-5.62623, -1.42370, 753.27154, 20.15042,  2.30554, 10.92532
-6.32951, -1.42370, 753.27154, 20.15042,  3.22776, 11.15473
-5.62623, -1.42370, 753.27154, 20.68069,  3.22776, 11.15473
-7.03279, -0.71185, 753.27154, 20.68069,  4.14997, 11.15473
-7.73607, -0.71185, 753.27154, 21.21097,  4.61108, 11.15473
-8.43935, -0.71185, 756.33362, 21.21097,  4.61108, 11.61353
-8.43935, -0.71185, 756.33362, 20.68069,  4.61108, 11.84294
-8.43935, -0.71185, 753.27154, 20.15042,  5.07219, 11.61353
-7.73607, -1.42370, 753.27154, 20.68069,  4.14997, 11.38413
-6.32951, -2.13555, 753.27154, 20.68069,  3.68886, 11.15473
-7.03279, -2.13555, 753.27154, 21.21097,  3.68886, 11.38413
-7.73607, -1.42370, 756.33362, 20.15042,  2.76665, 11.38413
-7.73607, -2.13555, 750.20946, 20.15042,  2.76665, 11.38413
-6.32951, -2.13555, 753.27154, 20.15042,  1.84443, 11.38413
-4.21968, -2.84740, 750.20946, 20.15042,  0.92222, 11.15473
-3.51640, -3.55925, 753.27154, 20.15042, -0.46111, 11.15473
-2.10984, -2.84740, 750.20946, 20.68069, -1.38332, 11.15473
-2.81312, -1.42370, 756.33362, 21.74124, -1.84443, 11.15473
-3.51640,  0.71185, 753.27154, 22.80179, -1.84443, 11.84294
-4.21968,  2.13555, 753.27154, 23.33206, -1.38332, 12.07234
-4.92295,  2.13555, 753.27154, 24.39261, -0.92222, 12.07234
-4.21968,  0.71185, 756.33362, 23.86234, -1.38332, 11.61353
-4.21968,  0.71185, 753.27154, 23.33206, -1.84443, 11.38413
-3.51640,  0.00000, 750.20946, 22.27152, -2.30554, 11.15473
-3.51640, -0.71185, 753.27154, 20.68069, -2.30554, 11.61353
-2.81312, -2.13555, 750.20946, 19.62015, -2.76665, 11.38413
-2.10984, -3.55925, 753.27154, 19.08987, -2.76665, 11.38413
-2.10984, -4.27110, 750.20946, 19.08987, -3.22776, 10.92532
-2.10984, -2.84740, 750.20946, 18.55960, -3.68886, 11.15473
-1.40656, -2.84740, 750.20946, 18.02932, -4.14997, 11.15473
-0.70328, -4.27110, 750.20946, 17.49905, -4.61108, 11.38413
-0.70328, -4.98295, 753.27154, 16.96877, -4.14997, 11.38413
-2.10984, -5.69480, 753.27154, 16.43850, -3.68886, 11.38413
-2.81312, -4.27110, 753.27154, 16.43850, -3.22776, 11.15473
-2.81312, -3.55925, 756.33362, 16.43850, -3.22776, 10.92532
-3.51640, -4.27110, 753.27154, 16.43850, -2.30554, 10.92532
-4.92295, -3.55925, 753.27154, 16.96877, -1.38332, 10.92532
-5.62623, -3.55925, 759.39570, 17.49905, -0.92222, 10.92532
-5.62623, -3.55925, 756.33362, 17.49905, -0.46111, 11.15473
-4.92295, -3.55925, 756.33362, 17.49905,  0.00000, 11.15473
-5.62623, -3.55925, 756.33362, 18.02932,  0.92222, 11.15473
-6.32951, -2.84740, 756.33362, 18.55960,  1.38332, 11.38413
-6.32951, -2.84740, 753.27154, 18.55960,  1.84443, 11.61353
-5.62623, -2.13555, 753.27154, 18.55960,  2.30554, 11.38413
-5.62623, -2.84740, 753.27154, 18.55960,  1.84443, 11.38413
-6.32951, -2.84740, 756.33362, 19.62015,  2.76665, 11.38413
-7.73607, -1.42370, 756.33362, 20.68069,  3.22776, 11.61353
-8.43935, -1.42370, 753.27154, 21.74124,  4.14997, 11.84294
-8.43935, -0.71185, 753.27154, 21.21097,  4.14997, 11.84294
-7.73607,  0.00000, 753.27154, 21.74124,  4.14997, 12.07234
-7.73607,  0.71185, 750.20946, 21.74124,  4.14997, 12.07234
-7.73607,  0.71185, 753.27154, 22.27152,  3.68886, 12.30174
-7.73607,  0.00000, 753.27154, 22.27152,  3.22776, 12.30174
-7.73607,  0.71185, 753.27154, 22.27152,  2.76665, 12.07234
-6.32951,  0.71185, 753.27154, 21.74124,  1.84443, 11.84294
-5.62623,  0.00000, 753.27154, 21.74124,  1.38332, 11.61353
-4.92295,  0.00000, 750.20946, 21.74124,  0.92222, 11.38413
-4.21968, -0.71185, 753.27154, 21.21097,  0.00000, 11.15473
-3.51640, -0.71185, 756.33362, 20.68069, -0.92222, 11.15473
-3.51640, -0.71185, 756.33362, 20.15042, -1.38332, 11.38413
-3.51640, -1.42370, 753.27154, 20.15042, -1.84443, 11.61353
-3.51640, -0.71185, 753.27154, 19.62015, -2.30554, 11.61353
-2.81312, -1.42370, 753.27154, 19.08987, -2.76665, 11.38413
-2.81312, -2.13555, 753.27154, 18.55960, -3.22776, 11.15473
-2.10984, -2.13555, 756.33362, 18.55960, -4.14997, 11.15473
-2.10984, -2.84740, 753.27154, 18.02932, -4.14997, 11.15473
-1.40656, -3.55925, 753.27154, 17.49905, -4.61108, 11.61353
-1.40656, -4.27110, 750.20946, 16.96877, -4.61108, 11.38413
-2.10984, -4.27110, 753.27154, 16.43850, -4.14997, 11.38413
-2.10984, -4.98295, 753.27154, 16.43850, -4.14997, 11.38413
-2.10984, -4.27110, 753.27154, 16.43850, -3.68886, 11.61353
-3.51640, -4.27110, 753.27154, 16.96877, -3.22776, 11.61353
-4.21968, -4.27110, 753.27154, 16.96877, -2.30554, 11.38413
-4.92295, -2.84740, 753.27154, 18.02932, -1.84443, 11.61353
-5.62623, -2.13555, 750.20946, 18.55960, -0.92222, 11.61353
-6.32951, -2.13555, 753.27154, 19.08987, -0.46111, 11.38413
-6.32951, -1.42370, 753.27154, 19.08987, -0.46111, 11.15473
-5.62623, -2.13555, 753.27154, 19.08987,  0.00000, 11.15473
-5.62623, -1.42370, 756.33362, 19.08987,  0.46111, 11.15473
-7.03279, -2.13555, 756.33362, 19.08987,  1.38332, 11.15473
-7.73607, -2.13555, 756.33362, 19.08987,  1.84443, 11.38413
-7.73607, -1.42370, 753.27154, 18.55960,  1.84443, 11.15473
-6.32951, -1.42370, 753.27154, 19.08987,  0.92222, 10.92532
-4.92295, -2.13555, 753.27154, 18.55960,  0.46111, 10.92532
-5.62623, -2.84740, 753.27154, 18.55960,  0.00000, 10.92532
-4.92295, -2.13555, 753.27154, 18.55960, -0.46111, 11.15473
-4.92295, -2.13555, 753.27154, 19.08987, -0.92222, 11.15473
-5.62623, -2.84740, 750.20946, 19.08987, -1.38332, 11.15473
-4.21968, -2.84740, 750.20946, 19.08987, -1.84443, 11.15473
-3.51640, -2.84740, 753.27154, 19.08987, -2.30554, 11.15473
-3.51640, -2.84740, 753.27154, 18.55960, -2.30554, 11.38413
-2.81312, -2.84740, 753.27154, 18.55960, -1.84443, 11.38413
-4.21968, -2.84740, 753.27154, 18.55960, -2.30554, 11.61353
-3.51640, -2.13555, 756.33362, 19.08987, -2.30554, 11.38413
-4.21968, -2.13555, 753.27154, 19.08987, -2.76665, 11.38413
-4.21968, -1.42370, 756.33362, 19.62015, -2.30554, 11.61353
-4.21968, -2.13555, 753.27154, 20.15042, -2.76665, 11.61353
-3.51640, -1.42370, 756.33362, 19.62015, -2.76665, 11.61353
-3.51640, -1.42370, 753.27154, 19.62015, -2.30554, 11.61353
-4.21968, -2.13555, 753.27154, 19.62015, -1.84443, 11.38413
-4.92295, -2.13555, 753.27154, 19.62015, -1.38332, 11.61353
-4.92295, -1.42370, 753.27154, 19.62015, -1.38332, 11.61353
-4.92295, -2.13555, 753.27154, 20.15042, -1.38332, 11.38413
-3.51640, -2.13555, 753.27154, 19.62015, -1.38332, 11.61353
-3.51640, -1.42370, 753.27154, 19.62015, -1.38332, 11.38413
-4.21968, -2.13555, 753.27154, 19.62015, -0.92222, 11.38413
-4.92295, -2.84740, 753.27154, 19.62015, -0.46111, 11.38413
-4.92295, -2.13555, 753.27154, 20.15042,  0.00000, 11.38413
-4.92295, -2.13555, 753.27154, 20.15042, -0.46111, 11.15473
-4.92295, -1.42370, 753.27154, 20.68069, -0.46111, 11.15473
-6.32951, -0.71185, 750.20946, 20.68069, -0.46111, 11.15473
-5.62623, -0.71185, 750.20946, 21.21097, -0.92222, 11.38413
-5.62623, -0.71185, 753.27154, 21.74124, -0.92222, 11.38413
-5.62623, -1.42370, 753.27154, 21.21097, -1.38332, 11.38413
-4.21968, -0.71185, 753.27154, 20.68069, -2.30554, 11.15473
-3.51640, -0.71185, 753.27154, 20.15042, -2.30554, 11.15473
-3.51640, -0.71185, 756.33362, 19.62015, -2.30554, 11.15473
-4.21968, -1.42370, 756.33362, 19.08987, -1.84443, 11.38413
-4.92295, -1.42370, 753.27154, 19.08987, -1.84443, 11.15473
-4.92295, -2.13555, 750.20946, 18.55960, -1.38332, 11.15473
-3.51640, -2.84740, 750.20946, 17.49905, -1.38332, 10.92532
-3.51640, -3.55925, 753.27154, 17.49905, -1.38332, 10.92532
-4.21968, -3.55925, 753.27154, 17.49905, -1.38332, 11.15473
-4.92295, -3.55925, 753.27154, 17.49905, -0.46111, 11.38413
-5.62623, -3.55925, 756.33362, 18.02932, -0.46111, 11.61353
-6.32951, -2.84740, 756.33362, 18.55960,  0.00000, 11.38413
-5.62623, -2.13555, 753.27154, 18.55960,  0.00000, 11.61353
-4.92295, -2.13555, 753.27154, 18.55960, -0.46111, 11.61353
-4.92295, -2.13555, 753.27154, 19.08987, -0.92222, 11.38413
-4.92295, -2.13555, 753.27154, 19.62015, -0.92222, 11.38413
-4.92295, -2.13555, 753.27154, 20.15042, -1.38332, 11.38413
-4.92295, -1.42370, 756.33362, 19.62015, -1.38332, 11.38413
-4.92295, -2.13555, 753.27154, 19.08987, -0.92222, 11.61353
-5.62623, -1.42370, 753.27154, 19.08987, -1.38332, 11.61353
-4.92295, -2.13555, 753.27154, 19.08987, -1.38332, 11.61353
-4.92295, -2.13555, 753.27154, 19.62015, -1.38332, 11.38413
-3.51640, -2.84740, 753.27154, 19.62015, -1.38332, 11.38413
-3.51640, -2.13555, 750.20946, 20.15042, -1.84443, 11.38413
-3.51640, -2.13555, 753.27154, 20.15042, -1.84443, 11.15473
-2.81312, -2.13555, 753.27154, 20.68069, -1.84443, 11.15473
-3.51640, -2.13555, 753.27154, 21.21097, -1.38332, 11.15473
-3.51640, -1.42370, 753.27154, 21.74124, -1.84443, 11.15473
-4.21968, -1.42370, 756.33362, 22.80179, -1.38332, 11.38413
-4.21968,  0.00000, 753.27154, 22.80179, -1.38332, 11.61353
-4.21968,  0.00000, 753.27154, 23.33206, -1.38332, 11.61353
-4.21968,  0.71185, 750.20946, 22.80179, -1.38332, 11.61353
-4.21968,  0.71185, 750.20946, 22.80179, -1.84443, 11.38413
-4.21968,  0.71185, 753.27154, 22.27152, -2.30554, 11.38413
-4.21968,  0.71185, 756.33362, 21.74124, -1.84443, 11.38413
-4.21968,  0.71185, 756.33362, 22.27152, -1.84443, 11.38413
-4.21968,  0.71185, 753.27154, 22.27152, -1.84443, 11.15473
-3.51640, -0.71185, 750.20946, 21.21097, -1.84443, 11.15473
-3.51640, -1.42370, 750.20946, 20.15042, -1.84443, 11.15473
-3.51640, -2.13555, 753.27154, 19.62015, -1.84443, 11.15473
-2.81312, -2.84740, 753.27154, 18.55960, -1.84443, 11.15473
-4.21968, -2.84740, 753.27154, 18.55960, -1.84443, 11.15473
-4.21968, -3.55925, 753.27154, 18.02932, -1.84443, 11.38413
-4.92295, -2.84740, 753.27154, 18.02932, -1.38332, 11.38413
-3.51640, -3.55925, 753.27154, 17.49905, -1.38332, 11.38413
-3.51640, -3.55925, 753.27154, 17.49905, -1.38332, 11.15473
-3.51640, -3.55925, 750.20946, 17.49905, -0.92222, 11.15473
-2.81312, -4.27110, 753.27154, 16.96877, -0.92222, 11.15473
-4.21968, -3.55925, 753.27154, 16.96877, -0.92222, 11.15473
-4.92295, -2.84740, 753.27154, 16.96877,  0.00000, 11.84294
-5.62623, -2.84740, 753.27154, 16.96877,  0.46111, 11.84294
-5.62623, -2.84740, 753.27154, 16.96877,  0.92222, 11.61353
-5.62623, -2.84740, 750.20946, 17.49905,  1.38332, 11.61353
-5.62623, -2.13555, 753.27154, 17.49905,  1.84443, 11.38413
-5.62623, -2.13555, 753.27154, 18.02932,  1.84443, 11.61353
-4.92295, -2.13555, 750.20946, 17.49905,  1.84443, 11.61353
-6.32951, -2.84740, 753.27154, 18.02932,  2.76665, 11.61353
-6.32951, -2.84740, 753.27154, 18.02932,  3.22776, 11.38413
-6.32951, -2.84740, 753.27154, 18.55960,  3.68886, 11.61353
-7.03279, -2.13555, 753.27154, 18.55960,  4.14997, 11.61353
-7.03279, -2.13555, 750.20946, 19.08987,  4.61108, 11.61353
-7.03279, -1.42370, 753.27154, 19.62015,  5.07219, 11.61353
-7.73607, -1.42370, 753.27154, 19.62015,  5.07219, 11.38413
-7.73607, -1.42370, 756.33362, 20.15042,  5.07219, 11.38413
-7.03279, -0.71185, 753.27154, 21.74124,  5.53330, 11.38413
-7.73607,  0.00000, 756.33362, 21.74124,  5.53330, 11.61353
-7.73607,  0.00000, 753.27154, 21.74124,  5.53330, 11.61353
-7.03279,  0.00000, 756.33362, 21.21097,  5.99440, 11.38413
-7.03279, -0.71185, 753.27154, 21.21097,  5.53330, 11.38413
-7.73607, -0.71185, 753.27154, 21.21097,  5.53330, 11.38413
-8.43935, -0.71185, 750.20946, 21.21097,  5.99440, 11.38413
-8.43935, -0.71185, 750.20946, 21.21097,  5.99440, 11.61353
-7.73607, -0.71185, 747.14738, 20.68069,  5.53330, 11.38413
-7.73607, -1.42370, 750.20946, 19.62015,  5.07219, 11.38413
-7.03279, -2.13555, 753.27154, 19.08987,  4.14997, 11.38413
-7.73607, -2.13555, 756.33362, 18.55960,  3.68886, 11.61353
-7.73607, -2.13555, 756.33362, 18.02932,  3.68886, 11.61353
-7.03279, -2.13555, 756.33362, 17.49905,  2.76665, 11.38413
-5.62623, -2.13555, 756.33362, 16.43850,  1.38332, 11.15473
-4.92295, -2.84740, 759.39570, 16.43850,  0.00000, 11.15473
-3.51640, -3.55925, 756.33362, 15.90823, -0.92222, 10.92532
-4.21968, -3.55925, 753.27154, 15.90823, -0.92222, 11.38413
-4.21968, -3.55925, 753.27154, 15.37795, -0.92222, 11.61353
-4.21968, -4.27110, 756.33362, 14.84768, -1.38332, 11.61353
-3.51640, -4.98295, 753.27154, 14.84768, -1.38332, 11.15473
-2.81312, -4.98295, 753.27154, 14.84768, -2.30554, 11.15473
-2.10984, -4.27110, 753.27154, 15.37795, -2.30554, 10.92532
-2.10984, -4.27110, 753.27154, 15.90823, -3.22776, 10.92532
-2.10984, -3.55925, 750.20946, 15.90823, -3.68886, 11.15473
-2.10984, -2.84740, 750.20946, 16.43850, -3.68886, 11.15473
-2.10984, -2.84740, 753.27154, 16.96877, -4.61108, 11.15473
-1.40656, -2.84740, 753.27154, 16.96877, -4.61108, 11.15473
-0.70328, -2.84740, 753.27154, 16.96877, -5.07219, 11.15473
-0.70328, -2.84740, 750.20946, 16.96877, -4.61108, 11.15473
-2.10984, -2.13555, 753.27154, 17.49905, -4.61108, 11.38413
-2.81312, -2.84740, 753.27154, 16.96877, -3.68886, 11.61353
-3.51640, -3.55925, 753.27154, 16.43850, -3.22776, 11.84294
-4.21968, -3.55925, 753.27154, 16.96877, -2.76665, 11.84294
-3.51640, -3.55925, 753.27154, 16.96877, -3.22776, 11.84294
-2.81312, -2.84740, 753.27154, 18.55960, -3.22776, 11.61353
-2.81312, -1.42370, 753.27154, 20.15042, -3.68886, 11.38413
-2.10984, -1.42370, 750.20946, 21.21097, -3.22776, 11.38413
-3.51640, -0.71185, 750.20946, 21.74124, -2.76665, 11.38413
-3.51640,  0.71185, 753.27154, 22.80179, -2.30554, 11.38413
-2.81312,  0.71185, 753.27154, 22.80179, -1.84443, 11.61353
-3.51640,  1.42370, 756.33362, 22.27152, -1.84443, 11.38413
-4.21968,  1.42370, 753.27154, 22.27152, -1.38332, 11.38413
-4.92295,  2.13555, 753.27154, 22.80179, -0.46111, 11.38413
-6.32951,  1.42370, 753.27154, 22.80179,  0.92222, 11.61353
-7.03279,  1.42370, 753.27154, 22.27152,  1.38332, 11.61353
-7.03279,  0.00000, 753.27154, 21.74124,  1.38332, 11.61353
-6.32951,  0.00000, 753.27154, 20.68069,  1.84443, 11.38413
-5.62623, -1.42370, 753.27154, 19.62015,  1.38332, 11.38413
-5.62623, -2.13555, 753.27154, 18.55960,  1.38332, 11.38413
-5.62623, -3.55925, 753.27154, 17.49905,  1.38332, 11.38413
-6.32951, -3.55925, 750.20946, 16.96877,  1.38332, 11.38413
-6.32951, -3.55925, 756.33362, 16.96877,  1.38332, 11.38413
-6.32951, -4.27110, 753.27154, 16.96877,  1.84443, 11.15473
-5.62623, -3.55925, 756.33362, 16.43850,  1.38332, 11.15473
-5.62623, -3.55925, 753.27154, 16.43850,  1.38332, 11.15473
-5.62623, -4.27110, 753.27154, 16.43850,  1.38332, 11.15473
-6.32951, -4.27110, 753.27154, 16.43850,  1.84443, 11.15473
-7.03279, -4.27110, 753.27154, 15.90823,  2.30554, 11.38413
-7.03279, -3.55925, 753.27154, 15.90823,  2.76665, 11.38413
-5.62623, -3.55925, 747.14738, 15.37795,  2.30554, 11.38413
-4.92295, -3.55925, 750.20946, 15.37795,  2.30554, 11.15473
-5.62623, -3.55925, 753.27154, 16.96877,  1.84443, 11.38413
-5.62623, -3.55925, 756.33362, 17.49905,  2.30554, 11.38413
-7.03279, -2.13555, 756.33362, 18.02932,  2.30554, 11.15473
-7.03279, -1.42370, 756.33362, 18.55960,  2.30554, 11.38413
-7.03279, -0.71185, 756.33362, 18.55960,  1.84443, 11.38413
-6.32951, -0.71185, 756.33362, 18.55960,  1.38332, 11.38413
-5.62623, -1.42370, 753.27154, 19.08987,  0.92222, 11.61353
-5.62623, -1.42370, 753.27154, 19.62015,  0.92222, 11.61353
-4.92295, -0.71185, 750.20946, 19.62015,  0.46111, 11.38413
-4.92295, -1.42370, 753.27154, 19.62015,  0.46111, 11.38413
-4.21968, -1.42370, 750.20946, 19.08987, -0.46111, 11.38413
-3.51640, -1.42370, 750.20946, 19.62015, -0.92222, 11.15473
-3.51640, -1.42370, 753.27154, 20.15042, -0.92222, 11.38413
-4.21968, -1.42370, 753.27154, 20.15042, -1.38332, 11.61353
-4.21968, -1.42370, 753.27154, 20.68069, -0.92222, 11.61353
-4.21968, -1.42370, 747.14738, 20.68069, -1.38332, 11.61353
-4.21968, -0.71185, 750.20946, 20.68069, -1.38332, 11.61353
-4.21968, -0.71185, 756.33362, 20.15042, -1.84443, 11.61353
-4.92295, -0.71185, 756.33362, 20.15042, -2.30554, 11.38413
-5.62623, -0.71185, 756.33362, 20.15042, -2.30554, 11.61353
-5.62623, -1.42370, 756.33362, 19.08987, -1.84443, 11.84294
-4.92295, -2.13555, 756.33362, 18.55960, -1.84443, 11.61353
-3.51640, -3.55925, 753.27154, 17.49905, -2.30554, 11.61353
-3.51640, -3.55925, 750.20946, 16.96877, -2.76665, 11.38413
-2.81312, -4.27110, 750.20946, 16.96877, -2.76665, 11.15473
-2.10984, -4.27110, 750.20946, 16.43850, -3.22776, 11.38413
-2.81312, -4.98295, 750.20946, 16.43850, -3.22776, 11.38413
-3.51640, -4.98295, 753.27154, 16.96877, -2.30554, 11.15473
-4.21968, -4.27110, 753.27154, 17.49905, -2.30554, 11.38413
-4.21968, -3.55925, 753.27154, 17.49905, -1.84443, 11.15473
-3.51640, -2.84740, 753.27154, 18.02932, -1.84443, 10.69592
-2.81312, -2.13555, 750.20946, 18.55960, -1.84443, 10.69592
-3.51640, -2.13555, 756.33362, 19.08987, -1.38332, 10.69592
-4.21968, -2.13555, 756.33362, 19.08987, -0.46111, 10.69592
-6.32951, -1.42370, 756.33362, 19.62015,  0.46111, 10.92532
-6.32951, -0.71185, 756.33362, 20.15042,  1.38332, 11.15473
-7.03279,  0.71185, 753.27154, 21.21097,  1.84443, 11.38413
-6.32951,  0.00000, 750.20946, 20.68069,  1.38332, 11.15473
-6.32951,  0.00000, 750.20946, 20.15042,  1.38332, 10.92532
-5.62623, -0.71185, 750.20946, 19.62015,  1.38332, 11.15473
-5.62623, -2.13555, 756.33362, 19.08987,  1.38332, 11.38413
-5.62623, -2.13555, 753.27154, 19.08987,  1.38332, 11.38413
-5.62623, -2.84740, 753.27154, 19.08987,  0.92222, 11.61353
-5.62623, -2.13555, 753.27154, 18.55960,  0.92222, 11.38413
-4.92295, -2.13555, 750.20946, 18.55960,  0.46111, 11.38413
-4.92295, -2.84740, 753.27154, 18.55960,  0.46111, 11.61353
-5.62623, -2.84740, 756.33362, 18.55960,  0.46111, 11.84294
-5.62623, -2.84740, 753.27154, 19.08987,  0.46111, 11.84294
-5.62623, -2.13555, 753.27154, 19.08987,  0.46111, 11.84294
-4.92295, -1.42370, 753.27154, 19.08987, -0.46111, 11.61353
-4.92295, -2.13555, 753.27154, 19.62015, -0.46111, 11.38413
-4.21968, -2.84740, 756.33362, 19.08987, -1.38332, 11.38413
-4.92295, -2.84740, 753.27154, 19.08987, -0.92222, 11.61353
-4.92295, -2.13555, 753.27154, 19.08987, -1.38332, 11.38413
-3.51640, -2.13555, 750.20946, 19.08987, -1.38332, 11.61353
-2.81312, -2.13555, 753.27154, 18.55960, -1.84443, 11.61353
-2.81312, -2.13555, 753.27154, 19.08987, -2.30554, 11.38413
-2.81312, -2.84740, 753.27154, 19.62015, -1.84443, 11.38413
-4.21968, -2.13555, 753.27154, 19.62015, -1.84443, 11.61353
-4.92295, -1.42370, 753.27154, 20.15042, -1.38332, 11.61353
-4.21968, -1.42370, 750.20946, 20.15042, -1.38332, 11.38413
-3.51640, -0.71185, 753.27154, 20.15042, -1.38332, 11.61353
-2.81312, -1.42370, 753.27154, 20.68069, -1.38332, 11.15473
-2.81312, -1.42370, 750.20946, 20.68069, -1.84443, 11.15473
-3.51640, -0.71185, 753.27154, 21.21097, -1.38332, 11.38413
-4.92295,  0.00000, 756.33362, 21.74124, -0.46111, 11.61353
-5.62623, -0.71185, 753.27154, 21.74124,  0.00000, 11.61353
-4.92295, -1.42370, 753.27154, 20.68069,  0.92222, 11.38413
-5.62623, -2.13555, 753.27154, 19.62015,  1.38332, 11.38413
-5.62623, -2.13555, 750.20946, 19.08987,  1.84443, 11.15473
-5.62623, -2.84740, 750.20946, 18.55960,  2.30554, 10.92532
-5.62623, -2.13555, 750.20946, 19.62015,  2.30554, 11.15473
-6.32951, -2.13555, 753.27154, 19.62015,  2.76665, 11.38413
-7.03279, -2.84740, 756.33362, 19.08987,  2.76665, 11.38413
-6.32951, -2.84740, 753.27154, 19.08987,  2.76665, 11.38413
-6.32951, -3.55925, 753.27154, 18.55960,  2.76665, 11.61353
-6.32951, -2.84740, 750.20946, 18.55960,  2.76665, 11.84294
-6.32951, -2.84740, 753.27154, 18.55960,  2.76665, 11.84294
-7.03279, -2.13555, 753.27154, 18.55960,  2.76665, 11.61353
-6.32951, -1.42370, 750.20946, 20.15042,  3.22776, 11.38413
-7.03279, -1.42370, 753.27154, 19.62015,  2.76665, 11.15473
-6.32951, -1.42370, 753.27154, 20.68069,  2.76665, 10.92532
-7.03279, -1.42370, 753.27154, 20.68069,  1.84443, 11.15473
-5.62623, -0.71185, 753.27154, 20.15042,  2.30554, 10.92532
-5.62623, -0.71185, 753.27154, 19.62015,  1.84443, 10.92532
-4.92295, -2.13555, 753.27154, 19.62015,  1.38332, 10.92532
-4.21968, -2.84740, 753.27154, 19.08987,  1.38332, 10.92532
-4.21968, -2.84740, 753.27154, 19.62015,  1.38332, 11.15473
-4.92295, -2.84740, 753.27154, 19.62015,  1.84443, 11.15473
-4.92295, -2.13555, 753.27154, 19.62015,  1.84443, 11.38413
-5.62623, -2.13555, 753.27154, 19.62015,  1.84443, 11.61353
-5.62623, -2.84740, 750.20946, 20.15042,  1.84443, 11.38413
-4.92295, -2.84740, 753.27154, 20.68069,  1.38332, 11.38413
-4.92295, -2.13555, 753.27154, 20.68069,  0.92222, 11.61353
-4.92295, -1.42370, 753.27154, 20.68069,  0.46111, 11.61353
-4.92295, -1.42370, 753.27154, 20.15042,  0.46111, 11.84294
-4.92295, -0.71185, 753.27154, 20.15042,  0.00000, 11.84294
-4.92295, -0.71185, 753.27154, 20.68069,  0.00000, 11.61353
-4.92295, -0.71185, 753.27154, 20.68069,  0.00000, 11.84294
-3.51640,  0.00000, 750.20946, 21.21097, -0.46111, 11.38413
-2.81312, -0.71185, 750.20946, 20.68069, -0.92222, 11.38413
-2.10984, -1.42370, 753.27154, 20.68069, -0.92222, 11.15473
-3.51640, -2.13555, 753.27154, 20.68069, -0.46111, 11.15473
-3.51640, -1.42370, 753.27154, 20.68069, -0.46111, 11.38413
-4.21968, -1.42370, 753.27154, 20.68069,  0.00000, 11.38413
-4.21968, -2.13555, 753.27154, 19.62015,  0.46111, 11.61353
-4.21968, -2.13555, 753.27154, 18.55960,  0.46111, 11.61353
-4.92295, -2.84740, 753.27154, 19.08987,  0.92222, 11.61353
-4.92295, -2.84740, 753.27154, 19.62015,  1.38332, 11.61353
-5.62623, -2.84740, 756.33362, 19.08987,  1.38332, 11.61353
-4.92295, -2.13555, 753.27154, 20.15042,  1.84443, 11.38413
-5.62623, -2.13555, 756.33362, 20.15042,  2.76665, 11.38413
-5.62623, -2.13555, 753.27154, 20.15042,  2.30554, 11.15473
-5.62623, -2.13555, 750.20946, 20.15042,  2.76665, 11.15473
-6.32951, -2.13555, 750.20946, 20.15042,  2.76665, 11.15473
-6.32951, -2.13555, 753.27154, 20.15042,  3.22776, 11.15473
-7.03279, -2.13555, 753.27154, 20.15042,  3.68886, 11.38413
-6.32951, -2.13555, 756.33362, 19.62015,  3.68886, 11.38413
-6.32951, -2.84740, 753.27154, 19.08987,  3.22776, 11.15473
-6.32951, -2.13555, 753.27154, 19.62015,  2.76665, 11.15473
-5.62623, -2.84740, 753.27154, 19.62015,  2.30554, 11.15473
-5.62623, -2.84740, 753.27154, 19.62015,  1.84443, 11.38413
-5.62623, -2.84740, 756.33362, 19.62015,  2.76665, 11.38413
-5.62623, -2.84740, 753.27154, 19.08987,  2.30554, 11.61353
-5.62623, -2.13555, 753.27154, 19.08987,  2.76665, 11.61353
-5.62623, -2.84740, 753.27154, 19.08987,  3.22776, 11.38413
-6.32951, -2.13555, 753.27154, 19.62015,  3.22776, 11.61353
-7.03279, -1.42370, 750.20946, 20.68069,  4.14997, 11.61353
-7.03279, -1.42370, 753.27154, 21.21097,  4.14997, 11.84294
-6.32951, -0.71185, 753.27154, 20.68069,  4.14997, 11.61353
-7.73607, -0.71185, 750.20946, 20.68069,  4.14997, 11.61353
-8.43935, -0.71185, 750.20946, 20.15042,  4.14997, 11.61353
-8.43935, -1.42370, 750.20946, 19.62015,  3.68886, 11.61353
-7.73607, -1.42370, 750.20946, 19.08987,  3.22776, 11.38413
-6.32951, -2.84740, 753.27154, 18.55960,  2.30554, 11.38413
-4.92295, -3.55925, 753.27154, 18.02932,  1.38332, 11.38413
-3.51640, -3.55925, 753.27154, 17.49905,  0.46111, 11.38413
-4.21968, -4.27110, 756.33362, 18.02932,  0.92222, 11.38413
-4.92295, -3.55925, 756.33362, 19.08987,  0.92222, 11.61353
-5.62623, -2.84740, 753.27154, 19.08987,  0.92222, 11.38413
-6.32951, -2.13555, 750.20946, 19.62015,  0.92222, 11.38413
-5.62623, -2.84740, 750.20946, 19.62015,  0.92222, 11.15473
-4.21968, -2.84740, 753.27154, 19.62015,  0.00000, 10.92532
-4.92295, -2.84740, 753.27154, 20.15042,  0.46111, 11.15473
-4.92295, -2.13555, 753.27154, 20.15042,  0.00000, 11.15473
-5.62623, -1.42370, 753.27154, 20.68069,  0.00000, 11.15473
-4.92295, -1.42370, 750.20946, 21.21097,  0.00000, 11.15473
-4.21968, -1.42370, 750.20946, 21.74124, -0.46111, 11.15473
-4.21968, -0.71185, 753.27154, 21.21097, -1.38332, 11.15473
-2.81312, -1.42370, 753.27154, 21.74124, -1.38332, 11.38413
-4.21968, -0.71185, 756.33362, 22.27152, -1.84443, 11.38413
-4.21968, -0.71185, 753.27154, 22.27152, -1.84443, 11.38413
-3.51640, -0.71185, 753.27154, 22.27152, -2.30554, 11.15473
-2.81312, -0.71185, 753.27154, 22.27152, -3.22776, 10.92532
-2.10984, -0.71185, 750.20946, 21.74124, -3.68886, 11.15473
-2.10984, -0.71185, 750.20946, 21.74124, -3.68886, 11.15473
-2.81312, -0.71185, 753.27154, 21.74124, -3.68886, 11.38413
-2.81312, -0.71185, 753.27154, 20.68069, -3.22776, 11.61353
-2.81312, -1.42370, 753.27154, 20.68069, -3.22776, 11.38413
-2.81312, -1.42370, 753.27154, 19.62015, -3.22776, 11.15473
-2.81312, -1.42370, 753.27154, 19.62015, -2.76665, 11.15473
-3.51640, -1.42370, 753.27154, 20.15042, -2.30554, 11.15473
-4.21968, -2.13555, 747.14738, 20.15042, -1.38332, 11.15473
-5.62623, -3.55925, 753.27154, 20.15042,  0.00000, 11.38413
-6.32951, -2.84740, 753.27154, 19.62015,  0.92222, 11.61353
-6.32951, -2.84740, 753.27154, 19.62015,  1.38332, 11.61353
-6.32951, -2.84740, 753.27154, 19.08987,  1.84443, 11.61353
-6.32951, -2.84740, 753.27154, 19.08987,  1.84443, 11.38413
-7.03279, -2.13555, 753.27154, 20.15042,  1.84443, 11.38413
-7.03279, -2.13555, 753.27154, 20.68069,  2.30554, 11.38413
-6.32951, -2.13555, 753.27154, 20.15042,  1.84443, 11.38413
-6.32951, -2.13555, 753.27154, 20.15042,  1.84443, 11.38413
-5.62623, -2.13555, 753.27154, 20.15042,  1.84443, 11.61353
-6.32951, -2.13555, 753.27154, 20.15042,  1.38332, 11.38413
-5.62623, -2.84740, 756.33362, 20.15042,  1.38332, 11.61353
-6.32951, -2.13555, 753.27154, 19.62015,  1.84443, 11.84294
-6.32951, -1.42370, 753.27154, 19.62015,  1.38332, 11.61353
-6.32951, -1.42370, 753.27154, 19.62015,  0.92222, 11.84294
-5.62623, -1.42370, 753.27154, 20.15042,  0.46111, 11.38413
-5.62623, -2.13555, 753.27154, 19.62015,  0.00000, 11.38413
-4.92295, -2.84740, 753.27154, 19.62015,  0.00000, 11.38413
-4.92295, -2.84740, 753.27154, 19.08987, -0.46111, 11.15473
-4.21968, -2.84740, 753.27154, 19.08987, -0.92222, 11.38413
-4.21968, -2.84740, 753.27154, 18.55960, -0.92222, 11.38413
-3.51640, -2.13555, 753.27154, 19.08987, -1.84443, 11.38413
-3.51640, -2.84740, 753.27154, 19.08987, -1.84443, 11.38413
-4.21968, -2.13555, 753.27154, 19.62015, -1.38332, 11.38413
-4.21968, -1.42370, 753.27154, 20.15042, -1.84443, 11.38413
-3.51640, -1.42370, 753.27154, 20.15042, -1.84443, 11.38413
-3.51640, -1.42370, 753.27154, 20.68069, -2.76665, 10.92532
-2.81312, -1.42370, 753.27154, 21.21097, -2.76665, 10.92532
-2.81312, -1.42370, 750.20946, 21.21097, -3.22776, 11.15473
-3.51640, -0.71185, 750.20946, 21.74124, -2.30554, 11.15473
-2.81312, -1.42370, 750.20946, 21.21097, -2.76665, 11.15473
-2.10984, -2.13555, 750.20946, 20.68069, -2.30554, 11.15473
-2.10984, -2.13555, 753.27154, 20.68069, -2.30554, 11.15473
-2.10984, -1.42370, 753.27154, 21.21097, -1.84443, 11.38413
-2.81312, -2.13555, 753.27154, 21.74124, -1.84443, 11.38413
-3.51640, -1.42370, 753.27154, 21.21097, -1.38332, 11.38413
-3.51640, -2.13555, 750.20946, 20.68069, -0.46111, 11.61353
-4.21968, -2.13555, 753.27154, 20.68069,  0.00000, 11.61353
-5.62623, -2.13555, 756.33362, 20.15042,  0.46111, 11.61353
-7.03279, -1.42370, 756.33362, 20.15042,  1.38332, 11.61353
-7.03279, -1.42370, 756.33362, 20.68069,  1.84443, 11.61353
-7.73607, -2.13555, 753.27154, 20.15042,  2.76665, 11.61353
-7.03279, -2.84740, 753.27154, 19.62015,  2.76665, 11.38413
-6.32951, -2.13555, 750.20946, 19.62015,  2.76665, 11.38413
-6.32951, -2.84740, 753.27154, 19.08987,  2.30554, 11.38413
-5.62623, -3.55925, 753.27154, 19.08987,  2.76665, 11.61353
-6.32951, -3.55925, 750.20946, 18.55960,  3.22776, 11.61353
-6.32951, -3.55925, 750.20946, 18.55960,  3.68886, 11.61353
-6.32951, -3.55925, 750.20946, 18.55960,  3.68886, 11.38413
-6.32951, -2.84740, 750.20946, 18.55960,  4.14997, 11.38413
-6.32951, -3.55925, 753.27154, 18.02932,  3.68886, 11.15473
-6.32951, -3.55925, 753.27154, 18.55960,  3.22776, 11.15473
-6.32951, -2.84740, 756.33362, 18.55960,  2.76665, 11.15473
-6.32951, -2.84740, 756.33362, 19.08987,  2.76665, 11.38413
-6.32951, -1.42370, 753.27154, 20.15042,  2.30554, 11.38413
-4.92295, -1.42370, 756.33362, 20.68069,  1.84443, 11.38413
-4.92295, -1.42370, 753.27154, 21.21097,  0.92222, 11.38413
-3.51640, -1.42370, 753.27154, 20.68069,  0.46111, 11.38413
-2.81312, -0.71185, 750.20946, 21.21097,  0.00000, 11.38413
-3.51640, -0.71185, 750.20946, 21.21097,  0.00000, 11.15473
-3.51640, -1.42370, 753.27154, 21.21097, -0.46111, 11.15473
-2.10984, -1.42370, 753.27154, 21.21097, -0.92222, 10.92532
-1.40656, -1.42370, 750.20946, 20.68069, -0.92222, 10.92532
-1.40656, -2.13555, 753.27154, 20.68069, -0.92222, 10.92532
-2.10984, -2.13555, 753.27154, 20.68069,  0.00000, 11.38413
-3.51640, -1.42370, 753.27154, 21.21097,  0.46111, 11.61353
-4.92295, -1.42370, 753.27154, 21.21097,  0.92222, 11.84294
-5.62623, -1.42370, 753.27154, 21.74124,  1.38332, 11.61353
-4.92295, -1.42370, 753.27154, 21.21097,  1.38332, 11.61353
-4.21968, -1.42370, 753.27154, 21.21097,  1.38332, 11.38413
-3.51640, -1.42370, 750.20946, 21.21097,  1.38332, 11.38413
-4.21968, -1.42370, 753.27154, 20.68069,  1.84443, 11.38413
-5.62623, -2.13555, 753.27154, 20.68069,  2.76665, 11.61353
-5.62623, -2.13555, 753.27154, 20.68069,  3.22776, 11.61353
-5.62623, -2.13555, 753.27154, 20.15042,  3.22776, 11.61353
-4.92295, -2.13555, 753.27154, 19.62015,  3.68886, 11.61353
-4.21968, -2.13555, 753.27154, 19.62015,  3.68886, 11.61353
-4.21968, -2.84740, 750.20946, 19.08987,  4.14997, 11.61353
-4.92295, -2.84740, 753.27154, 19.62015,  5.07219, 11.61353
-4.92295, -3.55925, 753.27154, 19.08987,  5.53330, 11.38413
-6.32951, -4.27110, 753.27154, 20.15042,  5.99440, 11.38413
-7.73607, -3.55925, 756.33362, 19.62015,  6.91662, 11.61353
-8.43935, -3.55925, 753.27154, 19.62015,  7.83884, 11.38413
-8.43935, -2.84740, 756.33362, 19.62015,  8.29994, 11.61353
-7.73607, -2.84740, 756.33362, 19.62015,  8.29994, 11.38413
-7.03279, -2.84740, 753.27154, 19.62015,  8.76105, 11.38413
-7.73607, -3.55925, 753.27154, 19.62015,  8.76105, 11.15473
-7.73607, -2.13555, 756.33362, 20.15042,  9.22216, 11.61353
-9.14263, -1.42370, 753.27154, 20.68069,  9.22216, 11.38413
-9.14263, -0.71185, 750.20946, 20.68069,  8.76105, 11.61353
-9.14263, -0.71185, 753.27154, 21.21097,  8.29994, 11.61353
-8.43935, -0.71185, 753.27154, 21.74124,  7.83884, 11.61353
-7.03279, -0.71185, 750.20946, 22.27152,  6.91662, 11.84294
-6.32951,  0.00000, 750.20946, 21.74124,  6.45551, 11.84294
-4.92295, -0.71185, 750.20946, 21.74124,  5.07219, 11.84294
-4.21968, -0.71185, 753.27154, 21.21097,  4.61108, 11.84294
-4.21968, -1.42370, 753.27154, 21.21097,  3.68886, 11.38413
-4.21968, -1.42370, 753.27154, 21.21097,  3.68886, 11.38413
-4.92295, -1.42370, 750.20946, 20.68069,  3.68886, 11.38413
-4.92295, -1.42370, 753.27154, 20.68069,  4.14997, 11.15473
-4.21968, -2.13555, 753.27154, 20.15042,  4.14997, 11.38413
-4.21968, -2.84740, 753.27154, 20.15042,  4.14997, 11.15473
-4.92295, -2.13555, 753.27154, 20.15042,  4.14997, 10.92532
-4.92295, -2.13555, 753.27154, 20.68069,  4.61108, 11.15473
-5.62623, -2.84740, 753.27154, 20.68069,  4.61108, 11.15473
-5.62623, -2.84740, 753.27154, 20.15042,  4.61108, 11.38413
-4.92295, -2.84740, 753.27154, 20.15042,  4.14997, 11.38413
-4.21968, -2.84740, 756.33362, 20.68069,  4.14997, 11.15473
-4.21968, -3.55925, 753.27154, 20.15042,  3.22776, 11.15473
-3.51640, -2.84740, 753.27154, 20.68069,  3.22776, 11.15473
-3.51640, -2.84740, 753.27154, 20.68069,  2.76665, 11.15473
-4.92295, -2.13555, 753.27154, 21.21097,  3.68886, 11.38413
-5.62623, -2.84740, 753.27154, 20.68069,  4.61108, 11.38413
-5.62623, -2.84740, 753.27154, 21.21097,  5.07219, 11.15473
-4.21968, -2.84740, 753.27154, 20.68069,  4.61108, 11.15473
-4.21968, -2.13555, 753.27154, 20.68069,  4.61108, 11.15473
-4.92295, -2.84740, 756.33362, 20.68069,  5.07219, 11.15473
-6.32951, -2.13555, 753.27154, 20.15042,  6.45551, 11.61353
-7.73607, -2.13555, 753.27154, 21.21097,  6.91662, 11.84294
-7.03279, -1.42370, 753.27154, 21.74124,  6.91662, 11.61353
-6.32951, -0.71185, 747.14738, 22.80179,  6.91662, 11.61353
-7.03279, -0.71185, 750.20946, 23.33206,  6.91662, 11.38413
-7.03279,  0.00000, 750.20946, 23.86234,  6.91662, 11.38413
-7.73607,  0.00000, 750.20946, 23.86234,  6.91662, 11.38413
-7.03279,  0.00000, 750.20946, 22.80179,  6.45551, 11.61353
-6.32951, -1.42370, 750.20946, 21.74124,  5.99440, 11.38413
-4.92295, -1.42370, 753.27154, 20.68069,  5.07219, 11.38413
-4.21968, -2.84740, 756.33362, 20.15042,  4.61108, 11.38413
-4.21968, -3.55925, 756.33362, 19.08987,  3.68886, 11.61353
-4.92295, -3.55925, 756.33362, 19.62015,  4.14997, 11.84294
-5.62623, -3.55925, 756.33362, 19.08987,  4.14997, 11.84294
-5.62623, -3.55925, 753.27154, 19.08987,  3.68886, 11.61353
-4.92295, -3.55925, 753.27154, 19.62015,  3.22776, 11.38413
-2.81312, -3.55925, 753.27154, 20.68069,  1.84443, 11.38413
-2.10984, -2.84740, 753.27154, 20.68069,  1.84443, 11.61353
-2.10984, -1.42370, 750.20946, 21.21097,  1.38332, 11.61353
-2.10984, -1.42370, 750.20946, 22.27152,  0.46111, 11.61353
-1.40656, -1.42370, 750.20946, 21.74124,  0.00000, 11.38413
-0.70328, -2.13555, 753.27154, 22.27152,  0.00000, 11.38413
-1.40656, -1.42370, 750.20946, 22.27152,  0.00000, 11.15473
-2.10984, -1.42370, 753.27154, 22.80179,  0.46111, 11.15473
-2.10984, -1.42370, 753.27154, 22.27152,  0.92222, 11.15473
-2.10984, -1.42370, 753.27154, 22.27152,  1.38332, 11.38413
-2.10984, -1.42370, 753.27154, 22.27152,  2.30554, 11.38413
-3.51640, -1.42370, 753.27154, 22.80179,  3.22776, 11.61353
-3.51640, -1.42370, 753.27154, 23.33206,  4.14997, 11.38413
-4.92295, -1.42370, 753.27154, 23.86234,  5.53330, 11.61353
-6.32951, -1.42370, 753.27154, 24.39261,  5.99440, 11.84294
-7.73607,  0.00000, 750.20946, 23.86234,  6.91662, 11.84294
-7.73607, -0.71185, 753.27154, 23.33206,  7.83884, 11.84294
-7.73607, -1.42370, 753.27154, 23.86234,  8.29994, 11.61353
-7.03279, -1.42370, 753.27154, 23.33206,  7.83884, 11.61353
-7.03279, -1.42370, 753.27154, 22.80179,  8.29994, 11.38413
-6.32951, -2.84740, 753.27154, 21.74124,  7.83884, 11.15473
-6.32951, -2.84740, 753.27154, 21.21097,  7.83884, 11.38413
-8.43935, -2.84740, 753.27154, 21.74124,  7.83884, 11.38413
-8.43935, -3.55925, 753.27154, 21.74124,  8.29994, 11.61353
-8.43935, -2.84740, 750.20946, 21.74124,  8.76105, 11.38413
-7.03279, -2.13555, 750.20946, 21.21097,  8.76105, 11.38413
-7.03279, -2.84740, 750.20946, 21.21097,  8.76105, 10.92532
-6.32951, -2.84740, 753.27154, 21.21097,  8.29994, 10.92532
-7.03279, -2.84740, 753.27154, 22.27152,  8.29994, 11.15473
-7.73607, -1.42370, 753.27154, 22.27152,  8.29994, 11.38413
-7.03279, -0.71185, 753.27154, 22.80179,  7.83884, 11.38413
-6.32951, -0.71185, 750.20946, 23.33206,  7.37773, 11.15473
-5.62623, -0.71185, 753.27154, 23.33206,  6.91662, 11.15473
-4.92295, -1.42370, 756.33362, 22.80179,  6.91662, 11.61353
-4.92295, -2.13555, 753.27154, 22.80179,  6.91662, 11.61353
-5.62623, -1.42370, 753.27154, 22.80179,  6.91662, 11.38413
-7.03279, -1.42370, 753.27154, 23.33206,  6.91662, 11.61353
-7.03279, -0.71185, 750.20946, 23.33206,  6.91662, 11.61353
-7.03279, -1.42370, 753.27154, 23.33206,  6.91662, 11.61353
-6.32951, -1.42370, 753.27154, 23.86234,  7.37773, 11.61353
-6.32951, -1.42370, 753.27154, 23.33206,  6.91662, 11.38413
-5.62623, -1.42370, 753.27154, 23.86234,  6.91662, 11.38413
-6.32951, -1.42370, 753.27154, 23.33206,  6.91662, 11.38413
-7.03279, -1.42370, 753.27154, 23.86234,  6.91662, 11.38413
-7.73607, -0.71185, 753.27154, 23.86234,  6.91662, 11.61353
-7.73607, -1.42370, 753.27154, 23.33206,  6.91662, 11.61353
-7.03279, -1.42370, 756.33362, 23.33206,  6.45551, 11.61353
-5.62623, -2.13555, 756.33362, 22.27152,  5.99440, 11.61353
-4.92295, -2.84740, 753.27154, 21.21097,  5.53330, 11.38413
-4.21968, -3.55925, 750.20946, 20.68069,  5.53330, 11.61353
-5.62623, -2.84740, 750.20946, 20.68069,  5.07219, 11.38413
-5.62623, -2.84740, 753.27154, 20.68069,  4.61108, 11.61353
-5.62623, -3.55925, 753.27154, 19.62015,  5.07219, 11.38413
-5.62623, -3.55925, 753.27154, 19.62015,  4.61108, 11.15473
-4.92295, -3.55925, 753.27154, 19.62015,  4.61108, 11.38413
-4.92295, -4.27110, 750.20946, 19.62015,  4.61108, 11.38413
-4.92295, -4.27110, 753.27154, 19.62015,  4.14997, 11.61353
-4.92295, -3.55925, 753.27154, 19.62015,  4.61108, 11.61353
-6.32951, -2.84740, 753.27154, 20.68069,  4.61108, 11.38413
-6.32951, -2.13555, 756.33362, 22.27152,  4.61108, 11.38413
-6.32951, -1.42370, 753.27154, 22.27152,  4.14997, 11.38413
-5.62623, -1.42370, 750.20946, 22.27152,  4.14997, 11.38413
-5.62623, -0.71185, 750.20946, 22.80179,  3.68886, 11.15473
-5.62623, -1.42370, 750.20946, 22.27152,  3.22776, 11.15473
-4.92295, -1.42370, 750.20946, 22.80179,  3.22776, 11.15473
-5.62623, -1.42370, 753.27154, 22.27152,  3.22776, 11.15473
-5.62623, -2.13555, 753.27154, 22.27152,  3.22776, 11.15473
-5.62623, -2.13555, 756.33362, 21.74124,  3.22776, 11.38413
-4.92295, -2.13555, 756.33362, 21.74124,  2.76665, 11.15473
-4.21968, -2.84740, 756.33362, 21.21097,  2.76665, 11.15473
-4.92295, -2.84740, 753.27154, 21.74124,  2.30554, 11.15473
-4.92295, -3.55925, 756.33362, 21.21097,  1.84443, 11.38413
-4.92295, -3.55925, 753.27154, 21.21097,  1.38332, 11.38413
-3.51640, -3.55925, 753.27154, 21.74124,  0.92222, 11.38413
-3.51640, -3.55925, 750.20946, 21.74124,  0.00000, 11.15473
-2.81312, -2.13555, 747.14738, 22.27152, -0.46111, 11.15473
-3.51640, -2.84740, 750.20946, 22.27152, -0.92222, 11.38413
-4.21968, -2.13555, 750.20946, 22.80179,  0.00000, 11.38413
-4.92295, -2.13555, 753.27154, 22.80179,  0.46111, 11.38413
-5.62623, -1.42370, 753.27154, 23.33206,  0.92222, 11.61353
-4.92295, -0.71185, 753.27154, 23.33206,  0.92222, 11.61353
-5.62623, -1.42370, 750.20946, 23.33206,  0.92222, 11.15473
-5.62623, -0.71185, 753.27154, 23.86234,  0.92222, 11.15473
-4.92295, -0.71185, 753.27154, 23.86234,  0.92222, 11.15473
-4.92295, -0.71185, 753.27154, 24.39261,  0.46111, 11.15473
-4.92295, -0.71185, 753.27154, 23.86234,  0.46111, 11.15473
-4.92295, -0.71185, 753.27154, 23.33206,  0.92222, 11.38413
-5.62623, -1.42370, 753.27154, 23.86234,  0.92222, 11.38413
-5.62623, -1.42370, 753.27154, 23.86234,  0.92222, 11.38413
-4.92295, -2.13555, 753.27154, 23.86234,  0.92222, 11.15473
-4.92295, -1.42370, 753.27154, 23.86234,  0.00000, 10.92532
-4.92295, -1.42370, 753.27154, 23.86234, -0.46111, 10.92532
-4.21968, -0.71185, 753.27154, 23.86234, -1.38332, 10.92532
-3.51640, -1.42370, 753.27154, 23.33206, -1.84443, 10.92532
-3.51640, -1.42370, 753.27154, 23.33206, -2.30554, 10.92532
-2.81312, -1.42370, 750.20946, 22.80179, -2.76665, 11.15473
-3.51640, -1.42370, 753.27154, 22.80179, -2.76665, 11.38413
-4.21968, -1.42370, 753.27154, 23.33206, -3.22776, 11.38413
-3.51640, -1.42370, 753.27154, 22.27152, -3.22776, 11.15473
-2.10984, -2.13555, 753.27154, 22.27152, -3.68886, 10.92532
-2.10984, -2.84740, 753.27154, 21.74124, -4.14997, 10.69592
-1.40656, -2.84740, 753.27154, 21.21097, -4.14997, 10.69592
-2.10984, -3.55925, 750.20946, 21.21097, -3.22776, 10.92532
-2.81312, -3.55925, 753.27154, 20.68069, -3.22776, 11.15473
-2.81312, -4.98295, 756.33362, 20.68069, -2.76665, 11.38413
-2.81312, -3.55925, 756.33362, 20.68069, -3.22776, 11.15473
-2.81312, -2.84740, 753.27154, 21.21097, -2.76665, 11.15473
-3.51640, -2.13555, 753.27154, 21.21097, -2.76665, 10.92532
-3.51640, -3.55925, 750.20946, 22.27152, -2.30554, 11.38413
-4.21968, -2.13555, 750.20946, 22.27152, -1.38332, 11.38413
-4.92295, -2.13555, 750.20946, 21.74124, -0.92222, 11.38413
-4.92295, -2.13555, 753.27154, 21.74124, -0.92222, 11.38413
-4.21968, -2.13555, 753.27154, 22.27152, -0.92222, 11.38413
-4.92295, -2.13555, 753.27154, 22.80179, -0.92222, 11.38413
-5.62623, -1.42370, 753.27154, 23.33206, -0.46111, 11.61353
-6.32951, -1.42370, 753.27154, 23.33206,  0.46111, 11.61353
-6.32951, -1.42370, 753.27154, 23.33206,  0.46111, 11.84294
-6.32951, -0.71185, 753.27154, 23.33206,  0.46111, 11.84294
-6.32951, -0.71185, 753.27154, 23.33206,  1.38332, 11.61353
-5.62623, -1.42370, 753.27154, 22.80179,  1.38332, 11.61353
-4.92295, -2.13555, 753.27154, 22.80179,  0.92222, 11.38413
-4.92295, -0.71185, 753.27154, 23.33206,  0.46111, 11.38413
-4.92295, -1.42370, 753.27154, 22.80179,  0.46111, 11.38413
-5.62623, -1.42370, 753.27154, 22.80179,  0.46111, 11.15473
-4.92295, -1.42370, 756.33362, 23.33206,  0.46111, 11.38413
-4.21968, -2.13555, 753.27154, 22.80179,  0.00000, 11.15473
-3.51640, -2.13555, 753.27154, 22.80179,  0.00000, 11.15473
-2.81312, -2.84740, 753.27154, 21.74124, -0.46111, 11.15473
-3.51640, -2.84740, 753.27154, 21.74124,  0.00000, 11.15473
-5.62623, -2.84740, 753.27154, 21.74124,  0.92222, 11.61353
-5.62623, -2.84740, 753.27154, 21.74124,  1.38332, 11.61353
-5.62623, -2.84740, 753.27154, 21.21097,  1.38332, 11.61353
-5.62623, -3.55925, 753.27154, 21.21097,  1.38332, 11.38413
-4.92295, -2.84740, 756.33362, 21.21097,  1.84443, 11.38413
-5.62623, -2.84740, 756.33362, 20.68069,  2.30554, 11.61353
-7.03279, -2.84740, 750.20946, 21.74124,  3.22776, 11.84294
-7.03279, -2.84740, 753.27154, 21.74124,  4.14997, 11.84294
-7.73607, -2.84740, 756.33362, 21.74124,  4.61108, 11.61353
-9.14263, -2.84740, 753.27154, 22.27152,  4.61108, 11.61353
-8.43935, -2.13555, 750.20946, 22.27152,  4.61108, 11.61353
-7.73607, -1.42370, 753.27154, 22.27152,  4.61108, 11.61353
-6.32951, -1.42370, 753.27154, 22.27152,  4.14997, 11.61353
-5.62623, -2.13555, 753.27154, 21.74124,  3.22776, 11.61353
-6.32951, -2.13555, 753.27154, 22.27152,  3.68886, 11.61353
-7.03279, -2.13555, 753.27154, 22.27152,  3.68886, 11.84294
-7.73607, -1.42370, 753.27154, 22.27152,  3.68886, 11.61353
-6.32951, -0.71185, 750.20946, 22.27152,  3.22776, 11.38413
-4.92295, -2.13555, 750.20946, 22.27152,  2.76665, 11.38413
-5.62623, -2.13555, 753.27154, 22.27152,  2.76665, 11.15473
-4.92295, -2.13555, 753.27154, 21.74124,  1.84443, 11.38413
-4.92295, -2.13555, 750.20946, 21.74124,  1.38332, 11.38413
-4.92295, -1.42370, 753.27154, 22.27152,  0.92222, 11.38413
-4.92295, -1.42370, 753.27154, 21.74124,  0.46111, 11.61353
-3.51640, -2.13555, 753.27154, 22.27152,  0.00000, 11.38413
-3.51640, -2.13555, 753.27154, 22.27152, -0.46111, 11.38413
-2.10984, -2.13555, 753.27154, 22.80179, -1.38332, 11.15473
-0.70328, -2.13555, 753.27154, 22.27152, -2.30554, 11.15473
-1.40656, -2.13555, 753.27154, 22.27152, -2.30554, 11.15473
-2.81312, -2.13555, 753.27154, 22.27152, -1.84443, 11.38413
-3.51640, -1.42370, 753.27154, 22.27152, -1.38332, 11.38413
-3.51640, -2.13555, 753.27154, 22.27152, -0.46111, 11.38413
-3.51640, -2.84740, 750.20946, 22.27152,  0.00000, 11.15473
-3.51640, -2.84740, 750.20946, 21.74124,  0.00000, 11.15473
-4.21968, -2.84740, 753.27154, 22.27152,  0.46111, 11.38413
-4.92295, -2.84740, 753.27154, 21.74124,  1.38332, 11.61353
-6.32951, -2.13555, 750.20946, 21.74124,  2.30554, 11.84294
-6.32951, -2.84740, 747.14738, 21.74124,  2.76665, 11.84294
-6.32951, -2.84740, 750.20946, 22.27152,  3.22776, 11.61353
-5.62623, -2.84740, 753.27154, 22.27152,  3.22776, 11.38413
-6.32951, -1.42370, 753.27154, 22.27152,  3.68886, 11.61353
-7.03279, -2.13555, 756.33362, 22.80179,  4.61108, 11.84294
-8.43935, -2.13555, 756.33362, 22.80179,  4.61108, 11.84294
-8.43935, -2.13555, 756.33362, 22.80179,  5.07219, 11.61353
-7.73607, -2.13555, 753.27154, 22.80179,  5.07219, 11.38413
-7.73607, -2.13555, 753.27154, 23.33206,  5.07219, 11.15473
-7.03279, -2.13555, 750.20946, 22.80179,  5.07219, 11.38413
-7.03279, -2.13555, 753.27154, 22.27152,  5.07219, 11.38413
-7.73607, -2.13555, 753.27154, 22.27152,  5.07219, 11.38413
-7.03279, -1.42370, 753.27154, 22.27152,  4.61108, 11.38413
-6.32951, -1.42370, 753.27154, 22.80179,  4.14997, 11.38413
-5.62623, -2.13555, 753.27154, 22.80179,  4.14997, 11.38413
-6.32951, -1.42370, 753.27154, 22.80179,  3.68886, 11.38413
-6.32951, -1.42370, 750.20946, 23.33206,  3.68886, 11.38413
-6.32951, -2.13555, 753.27154, 23.33206,  3.22776, 11.38413
-6.32951, -1.42370, 753.27154, 23.33206,  3.22776, 11.38413
-5.62623, -1.42370, 753.27154, 23.33206,  2.76665, 11.38413
-6.32951, -0.71185, 747.14738, 23.33206,  3.22776, 11.38413
-7.03279, -0.71185, 750.20946, 23.86234,  3.22776, 11.61353
-7.03279, -1.42370, 753.27154, 23.86234,  2.76665, 11.84294
-6.32951, -0.71185, 753.27154, 23.86234,  2.76665, 11.61353
-5.62623, -1.42370, 753.27154, 23.33206,  2.30554, 11.61353
-5.62623, -1.42370, 753.27154, 22.80179,  1.84443, 11.61353
-4.92295, -2.13555, 753.27154, 22.80179,  1.38332, 11.38413
-4.92295, -2.13555, 750.20946, 22.80179,  0.92222, 11.15473
-4.92295, -2.13555, 753.27154, 21.74124,  0.46111, 11.38413
-4.21968, -2.84740, 753.27154, 21.74124,  0.46111, 11.15473
-4.92295, -2.84740, 753.27154, 21.74124,  0.00000, 11.15473
-4.21968, -2.84740, 753.27154, 21.74124, -0.46111, 11.15473
-4.21968, -3.55925, 750.20946, 21.21097, -0.92222, 11.15473
-3.51640, -3.55925, 753.27154, 21.21097, -1.38332, 10.92532
-2.81312, -2.84740, 753.27154, 21.21097, -1.38332, 10.92532
-3.51640, -2.84740, 753.27154, 21.21097, -1.38332, 11.15473
-4.21968, -2.84740, 753.27154, 21.74124, -1.38332, 11.15473
-4.92295, -2.13555, 753.27154, 22.80179, -0.92222, 11.15473
-4.92295, -1.42370, 750.20946, 22.80179, -0.92222, 11.15473
-4.21968, -2.13555, 753.27154, 23.33206, -0.46111, 11.15473
-4.92295, -1.42370, 753.27154, 23.86234, -0.46111, 11.15473
-4.92295, -0.71185, 750.20946, 23.86234, -0.46111, 11.15473
-5.62623, -0.71185, 753.27154, 23.86234,  0.00000, 11.38413
-5.62623, -1.42370, 756.33362, 23.33206,  0.00000, 11.15473
-5.62623, -1.42370, 753.27154, 22.80179, -0.46111, 11.38413
-5.62623, -2.13555, 753.27154, 22.27152, -0.46111, 11.15473
-4.92295, -2.84740, 753.27154, 22.27152, -0.46111, 11.15473
-4.21968, -2.84740, 753.27154, 21.21097, -0.92222, 11.15473
-4.21968, -3.55925, 753.27154, 21.21097, -0.46111, 11.15473
-4.21968, -3.55925, 750.20946, 21.21097,  0.00000, 11.38413
-4.21968, -2.84740, 753.27154, 21.21097,  0.00000, 11.15473
-4.21968, -3.55925, 753.27154, 21.74124, -0.46111, 11.15473
-4.21968, -2.13555, 753.27154, 22.27152, -0.92222, 11.15473
-4.21968, -2.13555, 753.27154, 22.27152, -0.92222, 11.15473
-4.21968, -2.13555, 756.33362, 22.27152, -1.38332, 10.92532
-3.51640, -2.13555, 756.33362, 22.27152, -1.84443, 11.15473
-4.21968, -2.13555, 756.33362, 22.27152, -1.38332, 11.38413
-4.21968, -2.13555, 753.27154, 21.74124, -0.92222, 11.15473
-4.21968, -2.13555, 747.14738, 21.21097, -0.46111, 11.38413
-4.21968, -2.84740, 750.20946, 21.21097, -0.46111, 11.38413
-4.21968, -2.84740, 750.20946, 21.21097, -0.46111, 11.38413
-3.51640, -3.55925, 753.27154, 21.21097, -0.92222, 11.38413
-3.51640, -3.55925, 753.27154, 20.68069, -0.92222, 11.61353
-4.21968, -3.55925, 753.27154, 21.74124, -0.92222, 11.38413
-5.62623, -2.84740, 753.27154, 22.27152, -0.46111, 11.61353
-4.92295, -2.13555, 753.27154, 23.33206, -0.46111, 11.61353
-5.62623, -2.13555, 750.20946, 23.33206, -0.46111, 11.61353
-4.92295, -1.42370, 753.27154, 23.33206, -0.92222, 11.61353
-4.92295, -0.71185, 756.33362, 23.86234, -0.92222, 11.61353
-4.92295, -0.71185, 756.33362, 24.39261, -0.92222, 11.38413
-4.92295, -0.71185, 753.27154, 24.39261,  0.00000, 11.38413
-5.62623,  0.00000, 753.27154, 23.86234, -0.46111, 11.61353
-5.62623, -0.71185, 753.27154, 23.86234,  0.00000, 11.61353
-5.62623, -1.42370, 756.33362, 23.86234,  0.00000, 11.61353
-5.62623, -2.13555, 753.27154, 23.33206,  0.46111, 11.61353
-4.92295, -2.13555, 753.27154, 23.33206,  0.46111, 11.61353
-5.62623, -2.84740, 750.20946, 22.80179,  0.92222, 11.61353
-5.62623, -2.84740, 750.20946, 22.80179,  0.92222, 11.61353
-5.62623, -2.13555, 753.27154, 22.27152,  1.38332, 11.38413
-6.32951, -2.84740, 753.27154, 23.33206,  1.38332, 11.38413
-6.32951, -2.13555, 756.33362, 23.33206,  1.84443, 11.15473
-7.03279, -2.13555, 753.27154, 23.33206,  1.84443, 11.38413
-6.32951, -2.13555, 753.27154, 23.33206,  1.84443, 11.38413
-5.62623, -2.13555, 750.20946, 23.33206,  1.84443, 11.15473
-4.92295, -1.42370, 753.27154, 23.86234,  1.38332, 10.92532
-6.32951, -1.42370, 753.27154, 23.86234,  1.38332, 10.92532
-7.03279, -1.42370, 756.33362, 23.86234,  1.38332, 11.38413
-7.03279, -1.42370, 753.27154, 23.86234,  0.92222, 11.15473
-5.62623, -1.42370, 756.33362, 23.33206,  0.00000, 11.61353
-4.92295, -1.42370, 753.27154, 23.33206, -0.46111, 11.38413
-4.21968, -2.13555, 753.27154, 23.33206, -0.92222, 11.38413
-3.51640, -2.13555, 750.20946, 23.33206, -1.38332, 11.38413
-3.51640, -2.13555, 750.20946, 23.33206, -1.84443, 11.38413
-3.51640, -1.42370, 750.20946, 23.33206, -1.84443, 11.61353
-4.21968, -1.42370, 753.27154, 23.86234, -1.84443, 11.61353
-3.51640, -0.71185, 753.27154, 24.39261, -1.84443, 11.38413
-2.81312, -1.42370, 753.27154, 24.39261, -2.30554, 11.15473
-3.51640, -1.42370, 753.27154, 24.39261, -1.84443, 11.15473
-3.51640, -0.71185, 753.27154, 25.45316, -2.30554, 11.38413
-4.21968,  0.00000, 753.27154, 24.92289, -1.84443, 11.61353
-4.92295,  0.00000, 753.27154, 25.45316, -1.84443, 11.61353
-4.92295,  0.00000, 753.27154, 25.45316, -1.84443, 11.61353
-4.21968,  0.00000, 750.20946, 25.45316, -2.30554, 11.38413
-3.51640, -0.71185, 750.20946, 24.92289, -2.76665, 11.38413
-3.51640, -0.71185, 753.27154, 23.86234, -2.76665, 11.38413
-3.51640, -2.13555, 753.27154, 22.80179, -2.30554, 11.61353
-4.21968, -3.55925, 753.27154, 21.74124, -1.38332, 11.38413
-4.21968, -4.27110, 753.27154, 20.68069, -1.38332, 11.38413
-4.21968, -4.27110, 753.27154, 20.68069, -0.92222, 10.92532
-4.21968, -4.98295, 753.27154, 20.15042, -0.46111, 10.92532
-4.92295, -4.98295, 753.27154, 19.62015,  0.46111, 11.15473
-5.62623, -4.98295, 753.27154, 20.15042,  1.84443, 11.38413
-6.32951, -4.98295, 756.33362, 20.15042,  2.30554, 11.61353
-7.03279, -3.55925, 753.27154, 21.21097,  3.22776, 11.38413
-7.03279, -4.27110, 753.27154, 21.21097,  3.68886, 11.38413
-7.73607, -3.55925, 753.27154, 21.21097,  4.14997, 11.38413
-7.73607, -2.84740, 753.27154, 22.27152,  4.14997, 11.15473
-7.73607, -2.13555, 753.27154, 22.27152,  4.14997, 11.38413
-7.73607, -2.13555, 753.27154, 22.27152,  4.14997, 11.38413
-7.73607, -2.13555, 753.27154, 22.80179,  4.61108, 11.61353
-8.43935, -1.42370, 753.27154, 23.33206,  4.61108, 11.61353
-8.43935, -1.42370, 750.20946, 23.86234,  4.14997, 11.61353
-7.73607, -0.71185, 750.20946, 23.86234,  4.14997, 11.61353
-7.73607, -0.71185, 753.27154, 24.92289,  3.68886, 11.61353
-7.73607,  0.00000, 750.20946, 25.45316,  3.68886, 11.61353
-7.73607,  0.00000, 753.27154, 25.98344,  3.22776, 11.61353
-7.03279,  0.00000, 750.20946, 25.45316,  2.76665, 11.61353
-6.32951,  0.00000, 753.27154, 24.92289,  1.84443, 11.61353
-5.62623,  0.00000, 753.27154, 24.39261,  0.92222, 11.38413
-4.21968, -0.71185, 753.27154, 23.86234,  0.46111, 11.38413
-4.21968, -2.13555, 753.27154, 23.86234,  0.00000, 11.38413
-4.21968, -2.13555, 756.33362, 23.33206, -0.92222, 11.38413
-3.51640, -1.42370, 753.27154, 23.33206, -0.92222, 11.38413
-3.51640, -2.13555, 753.27154, 23.33206, -1.84443, 11.15473
-2.81312, -2.13555, 753.27154, 23.33206, -2.30554, 11.15473
-2.10984, -2.13555, 750.20946, 23.33206, -2.76665, 10.92532
-2.10984, -2.13555, 753.27154, 23.33206, -3.22776, 11.15473
-2.81312, -2.13555, 753.27154, 23.33206, -2.76665, 11.15473
-3.51640, -1.42370, 753.27154, 22.80179, -2.76665, 11.38413
-4.21968, -2.13555, 753.27154, 23.33206, -2.30554, 11.38413
-3.51640, -2.84740, 753.27154, 22.80179, -2.30554, 11.38413
-3.51640, -1.42370, 753.27154, 22.80179, -2.30554, 11.15473
-4.21968, -2.13555, 753.27154, 22.80179, -2.30554, 11.38413
-4.92295, -2.84740, 753.27154, 22.27152, -1.84443, 11.15473
-4.92295, -3.55925, 753.27154, 22.27152, -1.38332, 11.38413
-4.92295, -2.84740, 753.27154, 21.74124, -1.84443, 11.15473
-3.51640, -2.84740, 753.27154, 21.74124, -1.84443, 11.15473
-3.51640, -3.55925, 753.27154, 21.21097, -2.30554, 10.69592
-3.51640, -4.27110, 753.27154, 21.74124, -1.84443, 10.92532
-4.21968, -3.55925, 753.27154, 21.21097, -0.92222, 11.15473
-4.92295, -3.55925, 756.33362, 21.21097, -0.46111, 11.38413
-5.62623, -3.55925, 753.27154, 21.21097,  0.46111, 11.38413
-5.62623, -3.55925, 753.27154, 21.74124,  0.92222, 11.38413
-5.62623, -3.55925, 753.27154, 21.21097,  1.38332, 11.15473
-5.62623, -2.84740, 753.27154, 21.21097,  1.38332, 11.15473
-5.62623, -2.84740, 753.27154, 21.21097,  1.84443, 11.15473
-5.62623, -3.55925, 753.27154, 22.27152,  1.84443, 11.15473
-7.03279, -2.13555, 753.27154, 23.33206,  1.84443, 11.38413
-6.32951, -1.42370, 753.27154, 24.39261,  1.84443, 11.61353
-6.32951,  0.00000, 753.27154, 24.39261,  1.38332, 11.61353
-5.62623, -0.71185, 750.20946, 24.39261,  1.84443, 11.61353
-5.62623, -0.71185, 753.27154, 24.92289,  1.38332, 11.61353
-5.62623, -1.42370, 756.33362, 24.92289,  0.92222, 11.61353
-4.92295, -0.71185, 753.27154, 24.92289,  0.92222, 11.84294
-6.32951,  0.71185, 753.27154, 25.45316,  1.38332, 12.07234
-6.32951,  0.71185, 753.27154, 25.45316,  1.38332, 11.84294
-6.32951,  0.00000, 750.20946, 25.45316,  1.38332, 12.07234
-5.62623, -0.71185, 750.20946, 25.45316,  0.46111, 11.84294
-4.92295, -0.71185, 753.27154, 25.45316,  0.46111, 11.61353
-5.62623, -0.71185, 753.27154, 25.45316,  0.00000, 11.84294
-5.62623, -0.71185, 753.27154, 24.92289,  0.00000, 11.84294
-5.62623, -0.71185, 756.33362, 24.92289,  0.46111, 11.84294
-5.62623, -0.71185, 756.33362, 24.39261,  0.00000, 11.84294
-4.92295, -1.42370, 753.27154, 23.86234, -0.92222, 11.61353
-3.51640, -2.13555, 753.27154, 23.33206, -1.38332, 11.15473
-3.51640, -2.13555, 753.27154, 22.27152, -1.38332, 11.15473
-2.81312, -2.84740, 753.27154, 21.74124, -2.30554, 11.15473
-2.81312, -3.55925, 756.33362, 21.74124, -2.30554, 10.92532
-2.10984, -3.55925, 753.27154, 21.21097, -2.30554, 11.15473
-2.81312, -4.27110, 753.27154, 20.68069, -2.76665, 11.15473
-2.81312, -3.55925, 753.27154, 21.21097, -2.76665, 11.15473
-2.81312, -3.55925, 753.27154, 21.21097, -2.76665, 11.38413
-2.10984, -4.27110, 753.27154, 20.68069, -3.22776, 11.38413
-1.40656, -4.27110, 753.27154, 20.68069, -3.22776, 11.15473
-0.70328, -4.27110, 753.27154, 20.68069, -4.14997, 11.15473
 0.00000, -3.55925, 753.27154, 21.21097, -4.14997, 10.92532
-2.10984, -2.84740, 756.33362, 21.74124, -3.22776, 11.38413
-2.81312, -2.13555, 756.33362, 22.80179, -2.76665, 11.61353
-4.21968, -1.42370, 753.27154, 23.33206, -1.84443, 11.84294
-4.21968, -0.71185, 753.27154, 23.86234, -1.38332, 11.61353
-3.51640, -1.42370, 750.20946, 23.86234, -1.84443, 11.38413
-2.81312, -2.13555, 747.14738, 23.86234, -1.38332, 11.38413
-4.21968, -1.42370, 753.27154, 23.86234,  0.00000, 11.38413
-5.62623, -2.13555, 753.27154, 23.33206,  0.92222, 11.61353
-5.62623, -1.42370, 753.27154, 23.33206,  1.84443, 11.84294
-5.62623, -1.42370, 753.27154, 23.86234,  2.30554, 11.61353
-6.32951, -1.42370, 753.27154, 23.86234,  2.76665, 11.38413
-5.62623, -1.42370, 756.33362, 23.86234,  2.76665, 11.61353
-4.92295, -2.84740, 750.20946, 22.80179,  2.76665, 11.61353
-4.92295, -3.55925, 750.20946, 21.21097,  2.76665, 11.38413
-4.92295, -4.27110, 753.27154, 21.21097,  2.76665, 11.15473
-5.62623, -3.55925, 753.27154, 23.33206,  2.76665, 11.15473
-7.03279, -2.13555, 753.27154, 24.39261,  3.22776, 11.38413
-6.32951, -0.71185, 756.33362, 24.39261,  3.22776, 11.38413
-6.32951, -1.42370, 756.33362, 24.92289,  3.68886, 11.38413
-5.62623, -0.71185, 756.33362, 24.39261,  3.22776, 11.38413
-5.62623, -0.71185, 756.33362, 24.92289,  3.22776, 11.38413
-5.62623, -0.71185, 753.27154, 24.92289,  3.22776, 11.38413
-5.62623,  0.00000, 753.27154, 25.45316,  3.68886, 11.61353
-6.32951, -0.71185, 753.27154, 25.45316,  3.68886, 11.61353
-5.62623, -1.42370, 753.27154, 25.45316,  4.14997, 11.61353
-5.62623, -0.71185, 750.20946, 25.45316,  3.68886, 11.38413
-4.92295, -0.71185, 750.20946, 25.45316,  3.68886, 11.15473
-4.92295, -1.42370, 753.27154, 24.92289,  3.68886, 11.38413
-4.21968, -1.42370, 753.27154, 24.39261,  3.22776, 11.38413
-4.21968, -1.42370, 756.33362, 24.39261,  3.68886, 11.38413
-4.92295, -2.13555, 759.39570, 24.39261,  3.68886, 11.61353
-5.62623, -1.42370, 756.33362, 24.39261,  4.14997, 11.38413
