
-3.51640, -0.71185, 681.69543, 19.81900,  4.32289, 10.55254
-3.51640, -2.13555, 678.63335, 19.28872,  3.86178, 10.55254
-3.51640, -2.13555, 681.69543, 19.81900,  4.32289, 10.55254
-3.51640, -2.13555, 681.69543, 19.28872,  3.86178, 10.55254
-4.21968, -1.42370, 681.69543, 19.28872,  3.86178, 10.32314
-3.51640, -1.42370, 681.69543, 19.28872,  3.86178, 10.55254
-3.51640, -2.13555, 681.69543, 19.81900,  3.86178, 10.32314
-2.81312, -1.42370, 681.69543, 19.28872,  3.86178, 10.32314
-3.51640, -1.42370, 681.69543, 19.81900,  3.86178, 10.32314
-3.51640, -1.42370, 678.63335, 19.81900,  3.86178, 10.32314
-3.51640, -1.42370, 678.63335, 19.28872,  3.86178, 10.32314
-3.51640, -2.13555, 681.69543, 19.28872,  3.86178, 10.32314
-3.51640, -1.42370, 681.69543, 19.28872,  3.40067, 10.32314
-3.51640, -0.71185, 681.69543, 19.81900,  3.40067, 10.32314
-3.51640, -0.71185, 681.69543, 19.81900,  3.40067, 10.32314
-3.51640, -0.71185, 678.63335, 19.81900,  3.40067, 10.32314
-3.51640, -0.71185, 681.69543, 19.28872,  3.40067, 10.32314
-3.51640, -0.71185, 681.69543, 19.28872,  3.40067, 10.32314
-3.51640, -0.71185, 681.69543, 19.28872,  3.40067, 10.32314
-3.51640,  0.00000, 681.69543, 19.81900,  3.40067, 10.32314
-3.51640,  0.00000, 678.63335, 19.81900,  3.86178, 10.09374
-4.21968, -0.71185, 678.63335, 19.81900,  3.86178, 10.32314
-4.21968, -0.71185, 678.63335, 19.81900,  3.86178, 10.09374
-4.21968, -1.42370, 678.63335, 19.28872,  3.86178, 10.32314
-4.21968, -1.42370, 681.69543, 19.81900,  3.86178, 10.32314
-4.21968, -1.42370, 681.69543, 19.28872,  3.86178, 10.55254
-3.51640, -2.13555, 681.69543, 19.28872,  3.40067, 10.32314
-3.51640, -2.13555, 681.69543, 18.75845,  3.40067, 10.32314
-3.51640, -1.42370, 681.69543, 18.75845,  3.86178, 10.32314
-3.51640, -0.71185, 681.69543, 19.28872,  3.86178, 10.55254
-3.51640, -0.71185, 678.63335, 19.28872,  3.40067, 10.32314
-3.51640, -0.71185, 678.63335, 18.75845,  3.86178, 10.32314
-3.51640, -0.71185, 678.63335, 19.28872,  3.40067, 10.32314
-3.51640, -1.42370, 678.63335, 18.75845,  3.40067, 10.32314
-2.81312, -1.42370, 681.69543, 18.75845,  2.93956, 10.32314
-3.51640, -1.42370, 681.69543, 18.75845,  2.93956, 10.32314
-3.51640, -0.71185, 681.69543, 19.28872,  3.40067, 10.32314
-2.81312, -1.42370, 681.69543, 18.75845,  2.93956, 10.09374
-3.51640, -1.42370, 681.69543, 18.75845,  2.93956, 10.32314
-4.21968, -1.42370, 681.69543, 19.28872,  2.93956, 10.32314
-4.21968, -1.42370, 681.69543, 19.28872,  3.40067, 10.32314
-4.21968, -1.42370, 681.69543, 19.81900,  3.40067, 10.32314
-3.51640, -0.71185, 681.69543, 19.81900,  3.40067, 10.09374
-3.51640, -0.71185, 681.69543, 19.81900,  3.40067, 10.32314
-3.51640, -0.71185, 681.69543, 19.81900,  3.40067, 10.32314
-3.51640, -1.42370, 681.69543, 19.28872,  3.86178, 10.55254
-4.21968, -0.71185, 681.69543, 19.81900,  3.86178, 10.32314
-4.21968, -0.71185, 681.69543, 19.81900,  4.32289, 10.32314
-4.21968, -0.71185, 681.69543, 19.81900,  4.32289, 10.32314
-4.21968,  0.00000, 678.63335, 20.34927,  4.32289, 10.55254
-4.21968, -0.71185, 681.69543, 20.34927,  4.32289, 10.55254
-3.51640, -0.71185, 681.69543, 20.34927,  4.32289, 10.55254
-3.51640, -0.71185, 678.63335, 20.34927,  4.32289, 10.32314
-4.92295, -0.71185, 681.69543, 20.34927,  4.32289, 10.32314
-3.51640,  0.00000, 681.69543, 20.87955,  3.86178, 10.32314
-4.21968, -0.71185, 681.69543, 20.34927,  3.86178, 10.32314
-4.21968, -0.71185, 678.63335, 20.34927,  3.86178, 10.32314
-4.21968, -0.71185, 678.63335, 20.34927,  3.86178, 10.32314
-4.21968,  0.00000, 678.63335, 20.34927,  3.86178, 10.32314
-4.21968,  0.00000, 681.69543, 19.81900,  3.86178, 10.32314
-3.51640, -1.42370, 678.63335, 20.34927,  3.86178, 10.32314
-4.21968, -1.42370, 681.69543, 19.28872,  3.40067, 10.55254
-3.51640, -0.71185, 681.69543, 19.81900,  3.86178, 10.32314
-3.51640,  0.00000, 681.69543, 19.81900,  3.86178, 10.09374
-3.51640, -0.71185, 681.69543, 19.81900,  3.40067, 10.32314
-4.21968, -0.71185, 678.63335, 19.81900,  3.40067, 10.09374
-3.51640, -1.42370, 681.69543, 19.28872,  3.40067, 10.32314
-3.51640, -0.71185, 681.69543, 19.28872,  3.86178, 10.32314
-2.81312, -0.71185, 681.69543, 19.28872,  3.40067, 10.32314
-3.51640, -0.71185, 684.75751, 19.28872,  3.40067, 10.32314
-4.21968, -1.42370, 681.69543, 19.28872,  3.40067, 10.32314
-4.21968, -2.13555, 678.63335, 19.28872,  3.40067, 10.32314
-4.21968, -2.13555, 678.63335, 19.28872,  3.40067, 10.09374
-3.51640, -1.42370, 678.63335, 19.81900,  3.40067, 10.09374
-3.51640, -1.42370, 678.63335, 19.81900,  3.40067, 10.09374
-3.51640, -0.71185, 678.63335, 20.34927,  2.93956, 10.09374
-4.21968, -0.71185, 681.69543, 20.34927,  2.93956, 10.09374
-3.51640,  0.00000, 681.69543, 20.34927,  3.40067, 10.09374
-3.51640,  0.00000, 681.69543, 20.34927,  3.40067, 10.09374
-3.51640, -0.71185, 678.63335, 20.34927,  3.40067, 10.32314
-4.21968, -1.42370, 678.63335, 20.34927,  3.40067, 10.32314
-4.21968, -1.42370, 681.69543, 19.81900,  3.40067, 10.55254
-4.92295, -1.42370, 681.69543, 19.81900,  3.86178, 10.55254
-4.92295, -1.42370, 681.69543, 20.34927,  3.86178, 10.55254
-4.21968, -1.42370, 681.69543, 20.87955,  3.86178, 10.55254
-4.21968, -1.42370, 681.69543, 20.34927,  3.40067, 10.55254
-4.21968, -1.42370, 681.69543, 20.87955,  3.40067, 10.55254
-3.51640, -0.71185, 681.69543, 21.40982,  2.93956, 10.55254
-3.51640,  0.71185, 681.69543, 21.94010,  2.47846, 10.55254
-2.10984,  1.42370, 678.63335, 22.47037,  2.47846, 10.32314
-2.10984,  1.42370, 678.63335, 22.47037,  2.47846, 10.55254
-2.81312,  1.42370, 678.63335, 23.00064,  2.47846, 10.32314
-3.51640,  0.71185, 678.63335, 22.47037,  2.47846, 10.55254
-3.51640,  0.71185, 678.63335, 21.94010,  2.47846, 10.55254
-2.81312,  0.71185, 681.69543, 22.47037,  2.93956, 10.32314
-2.81312,  0.71185, 684.75751, 21.94010,  2.93956, 10.09374
-3.51640,  0.71185, 681.69543, 21.94010,  3.40067, 10.32314
-4.21968,  0.71185, 681.69543, 21.94010,  3.40067, 10.55254
-4.21968,  0.00000, 678.63335, 21.94010,  2.93956, 10.32314
-4.21968,  0.00000, 678.63335, 20.87955,  3.40067, 10.32314
-3.51640,  0.00000, 681.69543, 21.40982,  3.40067, 10.32314
-4.21968,  0.71185, 681.69543, 21.40982,  2.93956, 10.32314
-2.81312,  0.71185, 681.69543, 20.87955,  3.40067, 10.32314
-3.51640,  0.71185, 681.69543, 21.40982,  3.40067, 10.32314
-3.51640,  0.71185, 681.69543, 21.40982,  3.40067, 10.32314
-3.51640,  0.71185, 678.63335, 20.87955,  3.40067, 10.32314
-3.51640,  0.00000, 678.63335, 20.87955,  3.40067, 10.09374
-3.51640, -0.71185, 681.69543, 20.34927,  3.40067, 10.09374
-4.21968, -0.71185, 681.69543, 20.34927,  3.40067, 10.32314
-4.21968,  0.00000, 681.69543, 20.34927,  3.40067, 10.09374
-4.21968,  0.00000, 681.69543, 20.34927,  3.40067, 10.09374
-4.21968, -0.71185, 681.69543, 19.81900,  2.93956, 10.32314
-4.21968,  0.00000, 681.69543, 20.34927,  2.93956, 10.32314
-3.51640,  0.00000, 684.75751, 20.34927,  2.93956, 10.32314
-3.51640,  0.00000, 678.63335, 20.34927,  2.93956, 10.32314
-3.51640,  0.00000, 681.69543, 19.81900,  2.93956, 10.09374
-3.51640,  0.00000, 681.69543, 19.28872,  2.93956, 10.09374
-3.51640,  0.00000, 681.69543, 19.28872,  2.93956, 10.09374
-4.21968, -0.71185, 681.69543, 19.28872,  3.40067, 10.32314
-3.51640, -1.42370, 681.69543, 18.22818,  2.93956, 10.32314
-3.51640, -1.42370, 678.63335, 18.22818,  3.40067, 10.09374
-3.51640, -1.42370, 678.63335, 17.69790,  2.93956, 10.09374
-3.51640, -2.13555, 678.63335, 16.63735,  2.93956,  9.86434
-4.21968, -1.42370, 681.69543, 16.10708,  2.93956, 10.09374
-4.21968, -2.13555, 678.63335, 16.10708,  3.40067, 10.32314
-4.21968, -2.13555, 681.69543, 15.57680,  2.93956, 10.55254
-3.51640, -2.84740, 681.69543, 15.57680,  2.93956, 10.32314
-2.81312, -2.13555, 684.75751, 15.57680,  3.86178, 10.32314
-2.81312, -3.55925, 681.69543, 15.04653,  3.40067, 10.32314
-2.81312, -3.55925, 681.69543, 15.04653,  3.40067, 10.32314
-3.51640, -3.55925, 678.63335, 14.51626,  3.40067, 10.32314
-3.51640, -2.84740, 681.69543, 15.04653,  2.93956, 10.32314
-2.81312, -2.13555, 681.69543, 15.04653,  2.93956, 10.32314
-2.10984, -2.84740, 678.63335, 15.04653,  2.47846, 10.32314
-2.81312, -3.55925, 681.69543, 14.51626,  2.01735, 10.32314
-2.81312, -4.27110, 678.63335, 13.98598,  2.47846, 10.55254
-2.10984, -4.27110, 681.69543, 13.98598,  2.47846, 10.32314
-2.81312, -2.84740, 681.69543, 14.51626,  2.93956, 10.09374
-2.81312, -2.84740, 678.63335, 14.51626,  2.93956, 10.32314
-2.81312, -2.84740, 681.69543, 14.51626,  2.93956, 10.09374
-2.81312, -2.84740, 681.69543, 14.51626,  2.93956, 10.09374
-2.81312, -2.84740, 681.69543, 15.04653,  2.93956, 10.09374
-2.81312, -2.13555, 681.69543, 14.51626,  3.40067, 10.09374
-3.51640, -2.13555, 681.69543, 15.04653,  3.40067, 10.32314
-3.51640, -2.13555, 678.63335, 15.57680,  3.86178, 10.09374
-3.51640, -2.13555, 681.69543, 15.57680,  3.86178, 10.09374
-4.21968, -3.55925, 681.69543, 15.57680,  4.32289, 10.32314
-3.51640, -2.84740, 681.69543, 15.57680,  4.32289, 10.32314
-4.21968, -1.42370, 681.69543, 16.10708,  4.78400, 10.09374
-4.21968, -1.42370, 681.69543, 16.63735,  5.24510, 10.09374
-4.92295, -2.13555, 681.69543, 17.16763,  5.24510, 10.09374
-4.21968, -2.13555, 681.69543, 17.16763,  5.24510, 10.32314
-4.92295, -2.13555, 678.63335, 17.69790,  5.70621, 10.09374
-4.92295, -1.42370, 681.69543, 18.22818,  5.70621, 10.32314
-4.92295, -1.42370, 678.63335, 18.22818,  5.70621, 10.32314
-4.92295, -0.71185, 678.63335, 18.75845,  6.16732, 10.32314
-4.21968, -0.71185, 681.69543, 19.28872,  5.70621, 10.32314
-4.21968, -0.71185, 681.69543, 19.28872,  5.70621, 10.32314
-4.21968,  0.00000, 681.69543, 19.81900,  5.70621, 10.32314
-4.92295,  0.00000, 678.63335, 20.34927,  5.70621, 10.32314
-4.21968,  0.71185, 675.57127, 20.87955,  5.24510, 10.09374
-4.92295,  0.00000, 675.57127, 20.87955,  5.24510, 10.32314
-4.21968, -0.71185, 678.63335, 20.87955,  5.70621, 10.32314
-4.21968,  0.00000, 681.69543, 20.87955,  5.70621, 10.32314
-3.51640, -0.71185, 681.69543, 21.40982,  5.24510, 10.32314
-3.51640, -1.42370, 681.69543, 21.40982,  5.24510, 10.32314
-4.21968, -0.71185, 681.69543, 21.40982,  5.70621, 10.55254
-4.21968, -0.71185, 681.69543, 21.94010,  5.70621, 10.32314
-4.21968,  0.00000, 681.69543, 21.94010,  5.70621, 10.32314
-4.21968,  0.00000, 678.63335, 21.94010,  5.24510, 10.32314
-4.92295,  0.00000, 675.57127, 22.47037,  5.24510, 10.32314
-4.21968,  0.71185, 681.69543, 22.47037,  5.24510, 10.32314
-4.21968,  2.13555, 681.69543, 23.00064,  5.24510, 10.32314
-4.21968,  2.13555, 681.69543, 23.53092,  5.24510, 10.32314
-4.21968,  1.42370, 681.69543, 23.53092,  4.78400, 10.32314
-3.51640,  0.00000, 681.69543, 23.00064,  4.78400, 10.32314
-3.51640,  0.00000, 681.69543, 23.00064,  4.78400, 10.32314
-3.51640,  0.00000, 681.69543, 23.53092,  4.32289, 10.32314
-4.21968,  0.00000, 681.69543, 23.53092,  4.32289, 10.32314
-3.51640,  0.71185, 681.69543, 23.53092,  4.32289, 10.55254
-3.51640,  0.71185, 681.69543, 24.06119,  4.78400, 10.55254
-3.51640,  0.71185, 681.69543, 23.53092,  4.78400, 10.32314
-3.51640,  0.71185, 678.63335, 24.06119,  4.78400, 10.55254
-4.21968,  1.42370, 678.63335, 23.53092,  5.24510, 10.55254
-4.21968,  0.00000, 678.63335, 23.00064,  4.78400, 10.55254
-4.21968,  0.00000, 681.69543, 23.00064,  5.24510, 10.55254
-4.21968,  0.00000, 681.69543, 23.00064,  5.24510, 10.55254
-4.21968,  0.00000, 681.69543, 23.00064,  4.78400, 10.32314
-3.51640, -0.71185, 681.69543, 23.00064,  4.78400, 10.55254
-4.21968, -1.42370, 678.63335, 22.47037,  4.78400, 10.55254
-4.21968, -1.42370, 681.69543, 21.94010,  4.78400, 10.32314
-4.21968,  0.00000, 681.69543, 22.47037,  4.78400, 10.32314
-3.51640, -0.71185, 681.69543, 21.94010,  4.78400, 10.32314
-3.51640, -0.71185, 681.69543, 22.47037,  4.78400, 10.32314
-4.21968, -1.42370, 681.69543, 21.94010,  4.78400, 10.32314
-4.21968, -0.71185, 681.69543, 21.94010,  4.78400, 10.32314
-3.51640, -0.71185, 681.69543, 21.94010,  4.32289, 10.32314
-4.21968,  0.00000, 681.69543, 22.47037,  3.86178, 10.32314
-3.51640, -0.71185, 678.63335, 22.47037,  3.86178, 10.32314
-3.51640, -1.42370, 675.57127, 21.94010,  3.86178, 10.32314
-3.51640, -1.42370, 681.69543, 21.94010,  3.86178, 10.32314
-3.51640, -1.42370, 684.75751, 22.47037,  3.86178, 10.32314
-2.81312, -0.71185, 681.69543, 23.00064,  3.86178, 10.32314
-2.81312, -0.71185, 681.69543, 22.47037,  3.40067, 10.32314
-3.51640, -0.71185, 678.63335, 23.00064,  3.40067, 10.32314
-3.51640, -0.71185, 678.63335, 22.47037,  2.93956, 10.55254
-2.81312,  0.00000, 681.69543, 22.47037,  2.93956, 10.32314
-2.81312,  0.00000, 678.63335, 23.00064,  2.93956, 10.32314
-2.81312,  0.00000, 681.69543, 23.00064,  2.47846, 10.09374
-2.81312,  0.00000, 681.69543, 23.00064,  2.47846, 10.55254
-2.81312, -0.71185, 678.63335, 22.47037,  2.47846, 10.32314
-3.51640, -1.42370, 678.63335, 21.94010,  2.47846, 10.32314
-2.81312,  0.00000, 681.69543, 22.47037,  2.47846, 10.32314
-2.81312,  0.00000, 681.69543, 22.47037,  2.47846, 10.32314
-2.81312, -0.71185, 681.69543, 23.00064,  2.47846, 10.32314
-2.81312, -0.71185, 678.63335, 22.47037,  2.01735, 10.32314
-2.81312, -0.71185, 681.69543, 22.47037,  2.01735, 10.32314
-2.81312,  0.71185, 681.69543, 23.00064,  2.01735, 10.32314
-2.81312,  0.71185, 681.69543, 23.00064,  2.01735, 10.32314
-2.81312,  0.00000, 681.69543, 22.47037,  2.01735, 10.32314
-2.81312, -0.71185, 681.69543, 22.47037,  2.01735, 10.32314
-2.81312, -0.71185, 681.69543, 22.47037,  2.01735, 10.32314
-2.81312, -0.71185, 681.69543, 22.47037,  2.47846, 10.09374
-2.81312,  0.00000, 681.69543, 22.47037,  2.47846, 10.32314
-2.81312, -0.71185, 678.63335, 22.47037,  2.47846, 10.32314
-2.81312,  0.00000, 678.63335, 23.00064,  2.47846, 10.55254
-2.81312,  0.00000, 681.69543, 23.00064,  2.47846, 10.55254
-2.81312,  0.00000, 681.69543, 23.00064,  2.93956, 10.32314
-2.81312,  0.71185, 681.69543, 23.00064,  2.47846, 10.32314
-2.81312,  0.00000, 681.69543, 23.00064,  2.47846, 10.32314
-2.81312, -0.71185, 681.69543, 23.00064,  2.47846, 10.55254
-2.81312, -1.42370, 681.69543, 22.47037,  2.47846, 10.32314
-2.81312, -0.71185, 681.69543, 22.47037,  2.47846, 10.32314
-2.81312,  0.71185, 681.69543, 22.47037,  2.93956, 10.32314
-2.81312,  0.71185, 681.69543, 22.47037,  2.93956, 10.32314
-3.51640,  0.00000, 678.63335, 22.47037,  2.93956, 10.32314
-2.81312, -0.71185, 681.69543, 22.47037,  2.93956, 10.32314
-3.51640, -0.71185, 681.69543, 21.94010,  3.40067, 10.09374
-3.51640,  0.71185, 681.69543, 21.94010,  3.40067, 10.09374
-2.81312,  0.71185, 678.63335, 21.40982,  3.40067, 10.32314
-3.51640, -0.71185, 678.63335, 20.87955,  3.40067, 10.32314
-3.51640, -0.71185, 681.69543, 20.87955,  3.86178, 10.32314
-3.51640, -0.71185, 681.69543, 20.87955,  3.86178, 10.32314
-3.51640, -0.71185, 681.69543, 20.87955,  3.86178, 10.32314
-3.51640, -0.71185, 681.69543, 20.34927,  3.86178, 10.32314
-3.51640, -1.42370, 681.69543, 19.81900,  3.86178, 10.32314
-4.21968, -1.42370, 681.69543, 19.81900,  4.32289, 10.09374
-3.51640, -2.13555, 678.63335, 19.81900,  4.32289, 10.09374
-4.21968, -1.42370, 681.69543, 19.28872,  4.32289, 10.32314
-3.51640, -1.42370, 678.63335, 19.28872,  3.86178, 10.32314
-3.51640, -2.13555, 678.63335, 18.75845,  3.86178, 10.32314
-3.51640, -2.13555, 678.63335, 19.28872,  4.32289, 10.32314
-3.51640, -1.42370, 681.69543, 18.22818,  3.86178, 10.09374
-4.21968, -1.42370, 681.69543, 18.75845,  3.86178, 10.32314
-3.51640, -1.42370, 681.69543, 18.75845,  3.86178, 10.32314
-3.51640, -3.55925, 681.69543, 18.22818,  3.86178, 10.32314
-3.51640, -2.84740, 681.69543, 18.22818,  3.86178, 10.32314
-3.51640, -2.13555, 684.75751, 18.75845,  4.32289, 10.09374
-2.81312, -1.42370, 681.69543, 19.28872,  4.32289, 10.32314
-3.51640, -1.42370, 678.63335, 19.28872,  4.32289, 10.32314
-3.51640, -1.42370, 678.63335, 18.75845,  4.32289, 10.09374
-3.51640, -1.42370, 678.63335, 19.28872,  4.32289, 10.09374
-3.51640, -0.71185, 681.69543, 19.81900,  4.78400, 10.09374
-4.21968, -0.71185, 681.69543, 19.81900,  4.78400, 10.32314
-4.21968, -1.42370, 678.63335, 19.81900,  4.78400, 10.32314
-3.51640, -1.42370, 678.63335, 19.81900,  4.78400, 10.32314
-3.51640, -0.71185, 681.69543, 19.81900,  5.24510, 10.32314
-4.21968, -0.71185, 678.63335, 19.81900,  5.24510, 10.32314
-4.21968,  0.00000, 678.63335, 19.81900,  5.24510, 10.32314
-4.21968, -0.71185, 678.63335, 19.81900,  4.78400, 10.55254
-3.51640,  0.00000, 681.69543, 19.81900,  4.78400, 10.32314
-3.51640, -0.71185, 681.69543, 19.81900,  5.24510, 10.55254
-4.21968, -0.71185, 678.63335, 19.28872,  4.78400, 10.32314
-3.51640, -1.42370, 678.63335, 19.28872,  4.78400, 10.32314
-3.51640, -1.42370, 681.69543, 19.28872,  4.78400, 10.32314
-3.51640, -0.71185, 684.75751, 19.28872,  4.78400, 10.32314
-3.51640, -0.71185, 681.69543, 19.81900,  5.24510, 10.32314
-3.51640, -0.71185, 681.69543, 19.81900,  4.78400, 10.09374
-3.51640, -1.42370, 681.69543, 19.28872,  4.78400, 10.09374
-4.21968, -1.42370, 681.69543, 19.28872,  4.78400, 10.55254
-4.21968, -0.71185, 681.69543, 19.81900,  5.24510, 10.32314
-3.51640, -0.71185, 678.63335, 19.81900,  5.24510, 10.32314
-3.51640, -1.42370, 678.63335, 19.81900,  4.78400, 10.32314
-4.21968, -2.13555, 678.63335, 19.81900,  5.24510, 10.32314
-3.51640, -2.13555, 678.63335, 19.81900,  5.24510, 10.55254
-3.51640, -0.71185, 681.69543, 20.34927,  5.24510, 10.55254
-3.51640, -0.71185, 681.69543, 20.87955,  5.70621, 10.32314
-3.51640, -0.71185, 681.69543, 21.40982,  5.70621, 10.32314
-3.51640,  0.00000, 681.69543, 21.94010,  5.24510, 10.55254
-3.51640,  0.00000, 678.63335, 21.94010,  5.24510, 10.55254
-3.51640,  0.71185, 681.69543, 21.94010,  5.70621, 10.32314
-3.51640,  1.42370, 681.69543, 22.47037,  6.16732, 10.55254
-3.51640,  0.71185, 681.69543, 22.47037,  5.24510, 10.55254
-3.51640,  0.71185, 681.69543, 22.47037,  5.24510, 10.55254
-3.51640,  1.42370, 678.63335, 22.47037,  5.24510, 10.55254
-3.51640,  1.42370, 678.63335, 22.47037,  5.70621, 10.55254
-4.21968,  1.42370, 675.57127, 22.47037,  6.16732, 10.55254
-4.21968,  0.71185, 678.63335, 21.94010,  5.70621, 10.55254
-4.21968,  0.71185, 678.63335, 21.94010,  5.70621, 10.55254
-4.92295,  1.42370, 681.69543, 21.94010,  5.24510, 10.32314
-4.21968,  1.42370, 681.69543, 21.94010,  5.24510, 10.32314
-4.21968,  0.00000, 678.63335, 21.40982,  5.24510, 10.55254
-4.21968, -0.71185, 678.63335, 21.40982,  4.78400, 10.32314
-4.21968, -0.71185, 681.69543, 20.34927,  4.78400, 10.32314
-4.21968, -0.71185, 681.69543, 20.87955,  4.78400, 10.32314
-3.51640,  0.00000, 681.69543, 20.34927,  4.78400, 10.32314
-3.51640,  0.00000, 678.63335, 19.81900,  4.32289, 10.32314
-3.51640,  0.00000, 678.63335, 19.28872,  3.86178, 10.32314
-3.51640, -0.71185, 681.69543, 19.81900,  4.32289, 10.32314
-2.81312,  0.00000, 681.69543, 19.28872,  4.32289, 10.32314
-2.81312,  0.00000, 681.69543, 19.28872,  3.86178, 10.32314
-3.51640,  0.00000, 678.63335, 18.75845,  3.86178, 10.32314
-2.81312, -1.42370, 681.69543, 18.22818,  3.86178, 10.32314
-2.81312, -0.71185, 681.69543, 18.22818,  4.32289, 10.32314
-3.51640, -1.42370, 681.69543, 17.69790,  4.32289, 10.09374
-3.51640, -1.42370, 681.69543, 17.69790,  4.32289, 10.09374
-3.51640, -1.42370, 681.69543, 17.16763,  3.86178, 10.32314
-3.51640, -2.13555, 681.69543, 17.16763,  3.86178, 10.32314
-2.81312, -2.13555, 681.69543, 17.16763,  3.86178, 10.32314
-2.81312, -1.42370, 681.69543, 16.63735,  3.86178, 10.32314
-2.81312, -1.42370, 681.69543, 16.10708,  3.86178, 10.09374
-3.51640, -1.42370, 678.63335, 16.10708,  3.40067, 10.32314
-3.51640, -2.13555, 681.69543, 16.10708,  3.40067, 10.32314
-2.81312, -1.42370, 681.69543, 15.57680,  3.86178, 10.09374
-2.81312, -0.71185, 681.69543, 16.10708,  3.86178, 10.09374
-2.81312, -0.71185, 681.69543, 16.10708,  3.40067, 10.09374
-2.81312, -1.42370, 681.69543, 15.57680,  2.93956, 10.32314
-2.81312, -2.13555, 681.69543, 15.57680,  3.40067, 10.32314
-2.81312, -2.84740, 681.69543, 15.04653,  3.40067, 10.32314
-2.81312, -3.55925, 681.69543, 15.57680,  3.86178, 10.09374
-2.81312, -2.13555, 678.63335, 15.04653,  3.86178, 10.09374
-2.81312, -2.84740, 678.63335, 15.04653,  3.40067, 10.32314
-2.10984, -3.55925, 681.69543, 14.51626,  3.40067, 10.32314
-2.81312, -2.84740, 681.69543, 15.04653,  3.40067, 10.32314
-2.81312, -2.84740, 681.69543, 15.04653,  3.86178, 10.09374
-2.10984, -3.55925, 678.63335, 15.04653,  3.86178, 10.09374
-2.81312, -2.84740, 678.63335, 15.57680,  3.40067, 10.32314
-2.81312, -2.84740, 678.63335, 15.04653,  3.40067, 10.32314
-2.81312, -2.13555, 681.69543, 15.57680,  3.86178, 10.32314
-2.81312, -2.13555, 684.75751, 16.10708,  4.32289, 10.09374
-3.51640, -1.42370, 681.69543, 16.63735,  3.86178, 10.32314
-3.51640, -1.42370, 681.69543, 16.63735,  4.32289, 10.09374
-3.51640, -1.42370, 678.63335, 16.63735,  4.32289, 10.09374
-3.51640, -0.71185, 681.69543, 17.16763,  4.78400, 10.09374
-3.51640, -1.42370, 681.69543, 17.16763,  4.78400, 10.09374
-3.51640, -1.42370, 678.63335, 17.69790,  5.24510, 10.32314
-3.51640, -0.71185, 681.69543, 17.69790,  5.24510, 10.09374
-4.21968, -0.71185, 681.69543, 18.22818,  5.70621, 10.32314
-4.21968, -0.71185, 681.69543, 18.22818,  5.24510, 10.32314
-4.21968, -0.71185, 681.69543, 18.22818,  5.24510, 10.32314
-3.51640,  0.00000, 681.69543, 18.22818,  5.70621, 10.32314
-4.21968, -0.71185, 681.69543, 18.22818,  5.70621, 10.32314
-4.21968, -0.71185, 678.63335, 18.22818,  5.70621, 10.32314
-4.21968, -0.71185, 681.69543, 18.22818,  5.24510, 10.32314
-4.21968, -0.71185, 678.63335, 18.75845,  5.24510, 10.32314
-4.21968, -0.71185, 681.69543, 18.75845,  5.24510, 10.32314
-4.21968,  0.00000, 681.69543, 18.75845,  5.24510, 10.32314
-3.51640, -0.71185, 678.63335, 18.75845,  5.70621, 10.32314
-3.51640, -1.42370, 678.63335, 18.22818,  5.70621, 10.55254
-3.51640, -0.71185, 684.75751, 18.75845,  5.70621, 10.32314
-3.51640,  0.00000, 681.69543, 19.81900,  5.70621, 10.32314
-3.51640,  0.71185, 681.69543, 19.81900,  5.70621, 10.32314
-4.21968,  0.00000, 681.69543, 20.34927,  5.24510, 10.32314
-4.92295,  0.00000, 678.63335, 19.81900,  5.24510, 10.32314
-4.21968, -0.71185, 678.63335, 20.34927,  4.78400, 10.55254
-3.51640, -0.71185, 678.63335, 19.81900,  5.24510, 10.32314
-3.51640, -0.71185, 678.63335, 19.81900,  5.24510, 10.32314
-3.51640, -0.71185, 681.69543, 19.81900,  5.24510, 10.32314
-3.51640, -0.71185, 684.75751, 20.34927,  5.24510, 10.32314
-3.51640,  0.71185, 681.69543, 20.34927,  4.78400, 10.09374
-4.21968,  0.71185, 681.69543, 20.87955,  4.78400, 10.32314
-3.51640,  0.71185, 678.63335, 20.87955,  4.78400, 10.32314
-3.51640,  0.00000, 678.63335, 20.34927,  4.78400, 10.32314
-3.51640,  0.71185, 681.69543, 20.34927,  4.78400, 10.32314
-3.51640,  0.71185, 681.69543, 20.87955,  4.78400, 10.55254
-3.51640,  0.71185, 681.69543, 20.87955,  4.78400, 10.55254
-3.51640,  0.71185, 681.69543, 20.87955,  4.78400, 10.32314
-3.51640,  0.00000, 681.69543, 20.87955,  4.78400, 10.55254
-3.51640,  0.00000, 681.69543, 20.87955,  4.78400, 10.55254
-3.51640,  0.71185, 681.69543, 20.87955,  4.32289, 10.55254
-3.51640,  0.00000, 681.69543, 20.34927,  4.32289, 10.32314
-3.51640,  0.00000, 681.69543, 20.34927,  4.32289, 10.32314
-3.51640,  0.00000, 681.69543, 20.34927,  4.78400, 10.32314
-4.21968,  0.00000, 681.69543, 20.87955,  4.78400, 10.32314
-3.51640,  0.71185, 678.63335, 20.87955,  4.32289, 10.32314
-3.51640,  0.00000, 678.63335, 20.87955,  4.32289, 10.55254
-3.51640,  0.00000, 678.63335, 20.34927,  4.32289, 10.55254
-3.51640, -0.71185, 678.63335, 20.34927,  3.86178, 10.32314
-3.51640, -0.71185, 681.69543, 20.34927,  4.32289, 10.32314
-3.51640,  0.00000, 681.69543, 20.34927,  3.86178, 10.32314
-3.51640,  0.00000, 681.69543, 20.34927,  3.86178, 10.32314
-3.51640,  0.00000, 681.69543, 20.34927,  3.86178, 10.32314
-3.51640,  0.00000, 681.69543, 20.34927,  3.86178, 10.32314
-3.51640,  0.00000, 678.63335, 20.34927,  3.40067, 10.09374
-3.51640, -0.71185, 678.63335, 19.81900,  3.40067, 10.09374
-3.51640, -0.71185, 681.69543, 19.81900,  3.40067, 10.09374
-2.81312, -0.71185, 678.63335, 19.81900,  3.40067, 10.09374
-2.81312, -0.71185, 681.69543, 19.81900,  3.40067, 10.32314
-2.81312, -0.71185, 681.69543, 19.81900,  2.93956, 10.09374
-2.81312, -0.71185, 681.69543, 19.28872,  3.40067, 10.32314
-2.81312, -0.71185, 681.69543, 19.28872,  3.40067, 10.32314
-2.81312,  0.00000, 678.63335, 19.28872,  3.40067, 10.09374
-2.81312, -0.71185, 681.69543, 19.28872,  3.40067, 10.32314
-3.51640, -1.42370, 681.69543, 19.28872,  2.93956, 10.32314
-2.81312, -1.42370, 681.69543, 19.28872,  2.93956, 10.09374
-2.81312, -0.71185, 678.63335, 18.75845,  3.40067, 10.32314
-2.81312, -1.42370, 678.63335, 18.75845,  3.40067, 10.32314
-2.81312, -2.13555, 678.63335, 18.75845,  2.93956, 10.32314
-2.81312, -1.42370, 681.69543, 18.75845,  3.40067, 10.32314
-3.51640,  0.00000, 681.69543, 19.81900,  3.86178, 10.32314
-3.51640,  0.71185, 681.69543, 19.81900,  3.40067, 10.32314
-3.51640, -0.71185, 681.69543, 19.81900,  3.40067, 10.32314
-3.51640, -0.71185, 678.63335, 19.81900,  3.40067, 10.32314
-2.81312, -0.71185, 678.63335, 19.81900,  3.40067, 10.32314
-2.81312, -0.71185, 678.63335, 19.81900,  3.40067, 10.32314
-3.51640,  0.00000, 681.69543, 19.81900,  3.86178, 10.32314
-3.51640, -0.71185, 681.69543, 19.28872,  3.40067, 10.32314
-3.51640, -0.71185, 678.63335, 19.28872,  3.40067, 10.32314
-3.51640, -0.71185, 681.69543, 19.28872,  3.40067, 10.32314
-2.81312,  0.00000, 681.69543, 19.28872,  3.40067, 10.09374
-2.81312,  0.00000, 681.69543, 19.28872,  3.40067, 10.32314
-2.81312, -0.71185, 678.63335, 18.75845,  2.93956, 10.09374
-3.51640, -1.42370, 681.69543, 18.22818,  3.40067, 10.32314
-2.81312, -1.42370, 681.69543, 18.22818,  3.86178, 10.32314
-3.51640, -0.71185, 681.69543, 18.22818,  3.40067, 10.32314
-3.51640, -0.71185, 681.69543, 18.75845,  3.86178, 10.09374
-3.51640, -0.71185, 678.63335, 18.75845,  3.40067, 10.32314
-3.51640, -0.71185, 678.63335, 18.22818,  3.40067, 10.32314
-2.81312, -0.71185, 678.63335, 18.22818,  3.86178, 10.32314
-2.81312, -0.71185, 681.69543, 18.22818,  3.86178, 10.09374
-3.51640, -0.71185, 681.69543, 18.22818,  3.86178, 10.32314
-3.51640, -0.71185, 678.63335, 18.22818,  3.86178, 10.32314
-4.21968, -1.42370, 678.63335, 18.22818,  3.86178, 10.32314
-3.51640, -1.42370, 681.69543, 17.69790,  3.86178, 10.32314
-3.51640, -1.42370, 681.69543, 17.69790,  3.86178, 10.09374
-3.51640, -0.71185, 681.69543, 18.22818,  4.32289, 10.32314
-4.21968, -1.42370, 681.69543, 17.69790,  4.32289, 10.09374
-4.21968, -1.42370, 678.63335, 17.16763,  4.32289, 10.32314
-3.51640, -1.42370, 681.69543, 17.16763,  4.32289, 10.32314
-3.51640, -1.42370, 681.69543, 17.16763,  4.78400, 10.32314
-3.51640, -0.71185, 684.75751, 17.16763,  4.78400, 10.32314
-3.51640, -1.42370, 681.69543, 17.69790,  4.32289, 10.32314
-4.21968, -1.42370, 678.63335, 17.16763,  4.32289, 10.32314
-4.21968, -1.42370, 681.69543, 17.69790,  4.78400, 10.32314
-3.51640, -0.71185, 678.63335, 17.69790,  4.78400, 10.09374
-4.21968, -0.71185, 678.63335, 17.69790,  5.24510, 10.09374
-4.21968, -0.71185, 678.63335, 18.22818,  4.78400, 10.32314
-4.21968, -0.71185, 681.69543, 17.69790,  5.24510, 10.32314
-4.21968, -1.42370, 681.69543, 18.22818,  5.24510, 10.55254
-4.21968, -0.71185, 681.69543, 18.22818,  5.24510, 10.32314
-4.21968, -0.71185, 681.69543, 18.22818,  5.24510, 10.32314
-4.21968,  0.00000, 681.69543, 18.22818,  5.24510, 10.32314
-4.21968,  0.00000, 681.69543, 18.22818,  5.24510, 10.32314
-4.21968, -0.71185, 678.63335, 18.22818,  5.24510, 10.55254
-4.21968, -0.71185, 678.63335, 18.75845,  5.24510, 10.32314
-4.21968, -0.71185, 681.69543, 18.22818,  5.24510, 10.32314
-4.92295, -0.71185, 678.63335, 18.75845,  5.24510, 10.32314
-4.21968, -0.71185, 678.63335, 18.22818,  5.24510, 10.32314
-4.21968, -1.42370, 678.63335, 17.69790,  5.24510, 10.55254
-4.21968, -1.42370, 681.69543, 18.22818,  5.24510, 10.32314
-4.21968, -0.71185, 681.69543, 18.22818,  5.24510, 10.32314
-4.21968, -0.71185, 678.63335, 18.75845,  5.24510, 10.32314
-4.21968, -0.71185, 681.69543, 18.75845,  4.78400, 10.32314
-4.21968, -0.71185, 678.63335, 18.22818,  4.78400, 10.32314
-3.51640, -1.42370, 678.63335, 17.69790,  4.78400, 10.32314
-4.21968, -1.42370, 681.69543, 18.22818,  4.78400, 10.09374
-3.51640, -0.71185, 681.69543, 18.22818,  4.78400, 10.32314
-4.21968, -0.71185, 681.69543, 18.22818,  4.32289, 10.09374
-3.51640, -0.71185, 681.69543, 18.22818,  4.32289, 10.32314
-3.51640, -0.71185, 681.69543, 18.22818,  4.78400, 10.32314
-3.51640, -0.71185, 681.69543, 17.69790,  4.32289, 10.32314
-3.51640, -0.71185, 678.63335, 18.22818,  4.32289, 10.09374
-3.51640, -1.42370, 681.69543, 18.22818,  4.32289, 10.32314
-3.51640, -0.71185, 681.69543, 17.69790,  4.32289, 10.09374
-4.21968, -1.42370, 678.63335, 18.22818,  4.78400, 10.32314
-4.21968, -1.42370, 681.69543, 17.69790,  4.78400, 10.32314
-3.51640, -0.71185, 678.63335, 18.22818,  4.32289, 10.32314
-3.51640, -0.71185, 681.69543, 17.69790,  4.32289, 10.32314
-3.51640, -0.71185, 678.63335, 18.22818,  4.32289, 10.32314
-3.51640, -0.71185, 678.63335, 18.75845,  4.32289, 10.32314
-3.51640, -0.71185, 681.69543, 18.22818,  4.32289, 10.09374
-4.21968, -0.71185, 678.63335, 18.22818,  4.32289, 10.09374
-4.21968, -2.13555, 678.63335, 18.75845,  4.32289, 10.32314
-4.21968, -1.42370, 678.63335, 18.22818,  3.86178, 10.32314
-3.51640, -2.13555, 678.63335, 18.75845,  4.32289, 10.32314
-3.51640, -1.42370, 681.69543, 18.75845,  4.32289, 10.32314
-4.21968, -1.42370, 681.69543, 18.75845,  3.86178, 10.32314
-3.51640, -1.42370, 681.69543, 18.75845,  3.86178, 10.32314
-3.51640, -0.71185, 684.75751, 19.81900,  4.32289, 10.55254
-3.51640,  0.00000, 681.69543, 19.81900,  3.86178, 10.32314
-3.51640,  0.00000, 678.63335, 19.81900,  4.32289, 10.32314
-3.51640,  0.00000, 675.57127, 19.81900,  3.86178, 10.32314
-3.51640,  0.00000, 678.63335, 19.81900,  3.86178, 10.32314
-2.81312,  1.42370, 678.63335, 19.81900,  4.32289, 10.32314
-3.51640,  1.42370, 681.69543, 20.34927,  3.86178, 10.32314
-2.81312,  0.71185, 678.63335, 19.81900,  3.40067, 10.32314
-3.51640,  0.71185, 681.69543, 19.81900,  3.86178, 10.32314
-2.81312, -0.71185, 678.63335, 19.28872,  3.86178, 10.09374
-3.51640, -0.71185, 681.69543, 19.28872,  3.86178, 10.09374
-3.51640,  0.00000, 678.63335, 19.28872,  3.86178, 10.09374
-3.51640,  0.00000, 678.63335, 19.28872,  3.40067, 10.09374
-3.51640, -0.71185, 681.69543, 19.28872,  3.86178, 10.32314
-3.51640,  0.00000, 678.63335, 19.28872,  3.40067, 10.09374
-3.51640,  0.00000, 678.63335, 18.75845,  3.40067, 10.09374
-3.51640, -1.42370, 678.63335, 18.75845,  3.40067, 10.09374
-3.51640, -0.71185, 681.69543, 18.75845,  3.40067, 10.09374
-3.51640, -0.71185, 678.63335, 18.22818,  3.40067, 10.32314
-3.51640, -1.42370, 678.63335, 18.22818,  3.86178, 10.32314
-3.51640, -1.42370, 678.63335, 18.75845,  3.40067, 10.32314
-3.51640, -1.42370, 681.69543, 17.69790,  3.40067, 10.32314
-4.21968, -1.42370, 678.63335, 18.22818,  3.40067, 10.32314
-3.51640, -1.42370, 681.69543, 18.22818,  2.93956, 10.32314
-3.51640, -1.42370, 681.69543, 18.75845,  3.40067, 10.09374
-3.51640, -1.42370, 681.69543, 18.22818,  2.93956, 10.32314
-2.81312, -2.13555, 678.63335, 18.22818,  2.93956, 10.32314
-3.51640, -2.84740, 678.63335, 18.22818,  2.93956, 10.32314
-2.81312, -1.42370, 681.69543, 18.22818,  2.93956, 10.32314
-2.81312, -0.71185, 681.69543, 18.75845,  2.93956, 10.32314
-2.10984, -1.42370, 678.63335, 18.75845,  3.40067, 10.09374
-2.81312, -0.71185, 678.63335, 18.75845,  3.40067, 10.32314
-3.51640, -1.42370, 678.63335, 18.75845,  3.40067, 10.09374
-3.51640, -0.71185, 681.69543, 19.28872,  3.86178, 10.32314
-3.51640, -0.71185, 678.63335, 18.75845,  4.32289, 10.32314
-3.51640, -0.71185, 678.63335, 19.28872,  4.32289, 10.32314
-3.51640, -1.42370, 678.63335, 18.75845,  4.32289, 10.32314
-4.21968, -0.71185, 681.69543, 19.28872,  4.78400, 10.32314
-3.51640,  0.00000, 681.69543, 19.81900,  4.78400, 10.32314
-4.21968,  0.00000, 678.63335, 19.81900,  4.78400, 10.55254
-4.21968, -0.71185, 678.63335, 19.81900,  4.78400, 10.55254
-4.21968, -0.71185, 681.69543, 19.81900,  5.24510, 10.32314
-4.21968, -0.71185, 681.69543, 19.81900,  5.24510, 10.32314
-4.92295, -0.71185, 678.63335, 19.81900,  5.70621, 10.32314
-4.92295, -0.71185, 678.63335, 19.81900,  5.24510, 10.32314
-4.92295,  0.00000, 678.63335, 19.81900,  5.24510, 10.32314
-4.21968,  0.00000, 681.69543, 19.81900,  5.70621, 10.32314
-4.21968,  0.00000, 678.63335, 20.34927,  5.70621, 10.09374
-4.21968,  0.00000, 678.63335, 19.81900,  5.70621, 10.32314
-4.21968, -0.71185, 678.63335, 19.81900,  5.24510, 10.32314
-4.21968, -1.42370, 678.63335, 19.81900,  5.70621, 10.55254
-4.92295,  0.00000, 681.69543, 19.81900,  5.70621, 10.32314
-4.92295, -0.71185, 678.63335, 20.34927,  5.70621, 10.32314
-4.21968, -0.71185, 678.63335, 19.81900,  5.70621, 10.55254
-4.21968,  0.00000, 678.63335, 19.81900,  5.70621, 10.32314
-4.21968, -0.71185, 681.69543, 19.81900,  5.24510, 10.55254
-4.21968,  0.00000, 681.69543, 19.81900,  5.70621, 10.32314
-4.92295,  0.00000, 681.69543, 19.81900,  5.70621, 10.32314
-4.92295,  0.00000, 681.69543, 19.81900,  5.70621, 10.32314
-4.92295, -0.71185, 678.63335, 19.81900,  5.70621, 10.32314
-5.62623, -1.42370, 678.63335, 19.28872,  6.16732, 10.32314
-4.92295, -1.42370, 681.69543, 19.81900,  5.70621, 10.32314
-4.92295, -1.42370, 681.69543, 19.28872,  5.70621, 10.55254
-4.21968, -1.42370, 678.63335, 19.28872,  6.16732, 10.32314
-4.92295, -1.42370, 681.69543, 19.81900,  5.70621, 10.32314
-4.21968, -1.42370, 681.69543, 19.81900,  5.70621, 10.32314
-4.92295, -1.42370, 678.63335, 19.81900,  5.70621, 10.09374
-4.92295, -0.71185, 678.63335, 20.34927,  5.24510, 10.32314
-5.62623,  0.00000, 678.63335, 19.81900,  5.24510, 10.32314
-4.92295, -0.71185, 678.63335, 19.81900,  5.24510, 10.32314
-4.21968, -1.42370, 681.69543, 19.81900,  5.24510, 10.32314
-4.21968, -0.71185, 678.63335, 19.81900,  5.24510, 10.32314
-4.21968, -0.71185, 678.63335, 19.81900,  5.24510, 10.32314
-4.21968, -1.42370, 678.63335, 19.81900,  5.24510, 10.32314
-4.92295, -1.42370, 681.69543, 20.34927,  5.24510, 10.55254
-4.21968, -0.71185, 678.63335, 20.34927,  5.24510, 10.32314
-4.21968, -0.71185, 678.63335, 20.87955,  5.24510, 10.32314
-4.21968, -1.42370, 681.69543, 20.34927,  4.32289, 10.32314
-3.51640,  0.00000, 681.69543, 20.34927,  4.32289, 10.32314
-3.51640,  0.00000, 681.69543, 20.34927,  4.32289, 10.32314
-3.51640,  0.00000, 681.69543, 20.87955,  4.32289, 10.32314
-3.51640,  0.00000, 678.63335, 20.87955,  4.32289, 10.32314
-4.21968,  0.00000, 678.63335, 20.87955,  3.86178, 10.32314
-3.51640,  0.00000, 675.57127, 20.87955,  3.86178, 10.55254
-4.21968,  0.00000, 678.63335, 20.87955,  4.32289, 10.32314
-4.21968, -0.71185, 681.69543, 20.87955,  4.32289, 10.32314
-4.21968, -0.71185, 681.69543, 20.87955,  4.32289, 10.32314
-3.51640,  0.00000, 678.63335, 21.40982,  4.32289, 10.32314
-3.51640, -0.71185, 678.63335, 21.40982,  4.32289, 10.32314
-3.51640,  0.00000, 678.63335, 21.40982,  4.32289, 10.55254
-4.21968,  0.00000, 678.63335, 21.40982,  4.32289, 10.32314
-3.51640,  0.00000, 678.63335, 21.40982,  4.32289, 10.32314
-4.21968,  0.71185, 678.63335, 21.40982,  3.86178, 10.32314
-3.51640,  0.00000, 678.63335, 21.94010,  3.40067, 10.32314
-3.51640,  0.00000, 678.63335, 21.40982,  3.86178, 10.32314
-3.51640,  0.00000, 678.63335, 21.40982,  3.86178, 10.55254
-4.21968,  0.00000, 681.69543, 20.87955,  3.86178, 10.32314
-3.51640,  0.00000, 678.63335, 20.87955,  3.40067, 10.55254
-3.51640, -0.71185, 681.69543, 20.87955,  3.40067, 10.32314
-3.51640, -0.71185, 678.63335, 20.87955,  3.40067, 10.32314
-4.21968, -0.71185, 678.63335, 20.87955,  3.40067, 10.32314
-4.21968, -0.71185, 678.63335, 20.87955,  3.40067, 10.32314
-4.21968,  0.00000, 681.69543, 20.87955,  3.86178, 10.55254
-3.51640,  0.00000, 681.69543, 21.40982,  3.40067, 10.32314
-3.51640,  0.71185, 675.57127, 20.87955,  3.40067, 10.32314
-3.51640, -0.71185, 675.57127, 20.34927,  2.93956, 10.32314
-3.51640, -0.71185, 678.63335, 20.87955,  2.93956, 10.32314
-4.21968,  0.00000, 678.63335, 20.87955,  2.93956, 10.32314
-3.51640, -0.71185, 678.63335, 20.87955,  2.93956, 10.32314
-3.51640, -0.71185, 675.57127, 20.87955,  3.40067, 10.32314
-2.81312, -1.42370, 681.69543, 20.87955,  2.93956, 10.32314
-3.51640, -0.71185, 681.69543, 20.34927,  2.93956, 10.32314
-3.51640,  0.71185, 681.69543, 20.87955,  2.93956, 10.32314
-3.51640,  0.71185, 678.63335, 20.87955,  2.93956, 10.32314
-3.51640,  0.00000, 675.57127, 20.34927,  2.47846, 10.32314
-3.51640, -0.71185, 678.63335, 19.81900,  2.93956, 10.32314
-3.51640,  0.00000, 678.63335, 19.81900,  2.47846, 10.09374
-3.51640,  0.00000, 681.69543, 20.34927,  2.47846, 10.32314
-2.81312,  0.00000, 678.63335, 20.34927,  2.47846, 10.32314
-3.51640,  0.00000, 678.63335, 20.34927,  2.01735, 10.32314
-2.81312, -0.71185, 681.69543, 19.81900,  2.01735, 10.09374
-2.81312, -0.71185, 678.63335, 19.81900,  2.01735, 10.32314
-2.81312,  0.00000, 681.69543, 19.81900,  2.01735, 10.32314
-2.81312,  0.71185, 678.63335, 19.81900,  2.01735, 10.32314
-2.81312, -0.71185, 678.63335, 19.81900,  2.01735, 10.09374
-3.51640, -2.13555, 678.63335, 18.75845,  1.55624, 10.09374
-3.51640, -2.84740, 681.69543, 19.28872,  2.01735, 10.09374
-3.51640, -2.13555, 681.69543, 19.28872,  2.47846, 10.32314
-3.51640, -1.42370, 681.69543, 18.75845,  2.47846, 10.32314
-2.81312, -1.42370, 678.63335, 18.75845,  2.93956, 10.32314
-2.81312, -1.42370, 678.63335, 19.28872,  2.47846, 10.32314
-3.51640, -0.71185, 681.69543, 18.75845,  2.93956, 10.32314
-2.81312,  0.00000, 678.63335, 19.28872,  2.47846, 10.32314
-3.51640,  0.00000, 678.63335, 19.28872,  2.93956, 10.32314
-3.51640,  0.00000, 678.63335, 19.28872,  3.40067, 10.32314
-4.21968, -1.42370, 678.63335, 18.75845,  2.93956, 10.32314
-3.51640, -1.42370, 681.69543, 18.22818,  3.86178, 10.32314
-3.51640, -1.42370, 681.69543, 18.75845,  3.86178, 10.32314
-4.21968, -2.13555, 678.63335, 18.75845,  4.32289, 10.32314
-4.21968, -1.42370, 678.63335, 18.75845,  4.32289, 10.32314
-4.92295, -1.42370, 678.63335, 18.75845,  3.86178, 10.32314
-4.21968, -1.42370, 675.57127, 18.75845,  3.86178, 10.32314
-3.51640, -0.71185, 678.63335, 19.28872,  3.86178, 10.32314
-3.51640, -0.71185, 678.63335, 18.75845,  3.86178, 10.09374
-3.51640, -1.42370, 678.63335, 19.28872,  3.86178, 10.32314
-4.21968, -1.42370, 678.63335, 19.28872,  3.86178, 10.32314
-3.51640, -2.13555, 678.63335, 18.22818,  3.86178, 10.32314
-4.21968, -2.13555, 681.69543, 19.28872,  3.86178, 10.09374
-4.21968, -0.71185, 681.69543, 19.28872,  3.86178, 10.32314
-4.21968, -0.71185, 681.69543, 19.81900,  4.32289, 10.32314
-3.51640, -0.71185, 678.63335, 19.81900,  3.86178, 10.32314
-3.51640, -0.71185, 678.63335, 19.81900,  4.32289, 10.09374
-3.51640, -0.71185, 678.63335, 19.81900,  4.32289, 10.32314
-3.51640,  0.00000, 681.69543, 19.81900,  4.32289, 10.32314
-4.21968,  0.00000, 678.63335, 19.81900,  4.32289, 10.32314
-4.21968,  0.00000, 678.63335, 19.81900,  4.78400, 10.32314
-4.21968, -0.71185, 678.63335, 19.81900,  4.32289, 10.32314
-4.21968, -0.71185, 678.63335, 19.28872,  4.78400, 10.32314
-4.21968, -0.71185, 678.63335, 19.81900,  4.78400, 10.32314
-4.21968, -0.71185, 681.69543, 18.75845,  4.78400, 10.32314
-4.21968, -0.71185, 681.69543, 18.75845,  5.24510, 10.32314
-4.21968, -0.71185, 681.69543, 19.81900,  5.24510, 10.09374
-4.21968, -0.71185, 678.63335, 19.28872,  4.78400, 10.09374
-4.92295, -1.42370, 681.69543, 19.28872,  5.24510, 10.32314
-4.92295, -1.42370, 678.63335, 18.75845,  4.78400, 10.32314
-4.92295, -1.42370, 681.69543, 18.75845,  4.78400, 10.32314
-4.21968, -0.71185, 681.69543, 19.28872,  4.78400, 10.32314
-4.21968, -0.71185, 678.63335, 19.28872,  4.78400, 10.32314
-4.21968, -0.71185, 678.63335, 19.28872,  4.32289, 10.55254
-3.51640,  0.00000, 681.69543, 19.28872,  4.78400, 10.55254
-4.21968,  0.00000, 678.63335, 19.28872,  4.78400, 10.32314
-4.21968,  0.00000, 678.63335, 19.28872,  4.78400, 10.32314
-4.92295, -0.71185, 678.63335, 19.28872,  4.78400, 10.32314
-4.21968, -0.71185, 678.63335, 19.28872,  4.32289, 10.32314
-3.51640, -0.71185, 678.63335, 18.75845,  4.32289, 10.32314
-3.51640, -0.71185, 678.63335, 18.75845,  4.32289, 10.32314
-4.21968, -0.71185, 681.69543, 18.75845,  4.32289, 10.32314
-4.21968, -1.42370, 681.69543, 18.75845,  3.86178, 10.32314
-4.21968, -1.42370, 681.69543, 18.75845,  3.86178, 10.55254
-3.51640, -0.71185, 678.63335, 18.75845,  3.86178, 10.32314
-3.51640, -0.71185, 678.63335, 18.75845,  3.86178, 10.09374
-3.51640, -0.71185, 678.63335, 18.75845,  3.86178, 10.09374
-4.21968, -1.42370, 675.57127, 18.75845,  3.86178, 10.32314
-4.21968, -2.13555, 675.57127, 18.22818,  4.32289, 10.32314
-3.51640, -2.13555, 678.63335, 18.75845,  3.86178, 10.32314
-3.51640, -1.42370, 678.63335, 18.75845,  3.86178, 10.32314
-3.51640, -1.42370, 681.69543, 18.75845,  3.40067, 10.32314
-3.51640, -1.42370, 678.63335, 18.75845,  3.40067, 10.32314
-3.51640, -2.13555, 678.63335, 18.75845,  3.40067, 10.32314
-3.51640, -1.42370, 681.69543, 18.75845,  3.40067, 10.32314
-3.51640, -0.71185, 681.69543, 18.75845,  3.40067, 10.09374
-3.51640,  0.00000, 678.63335, 19.28872,  3.40067, 10.32314
-3.51640,  0.00000, 678.63335, 19.81900,  3.40067, 10.09374
-3.51640, -0.71185, 678.63335, 19.28872,  2.93956, 10.32314
-4.21968, -1.42370, 678.63335, 19.28872,  3.40067, 10.32314
-3.51640, -0.71185, 678.63335, 19.28872,  3.40067, 10.32314
-3.51640,  0.00000, 681.69543, 19.81900,  2.93956, 10.32314
-2.81312, -0.71185, 681.69543, 19.81900,  2.93956, 10.32314
-3.51640, -1.42370, 678.63335, 19.81900,  2.93956, 10.32314
-4.21968, -1.42370, 681.69543, 19.81900,  2.93956, 10.32314
-3.51640, -0.71185, 678.63335, 19.81900,  2.93956, 10.32314
-2.81312,  0.00000, 678.63335, 20.34927,  2.93956, 10.32314
-3.51640,  0.00000, 678.63335, 20.34927,  2.93956, 10.32314
-2.81312, -0.71185, 678.63335, 19.81900,  2.93956, 10.32314
-3.51640, -0.71185, 678.63335, 20.34927,  2.47846, 10.09374
-2.81312, -0.71185, 678.63335, 20.34927,  2.47846, 10.09374
-3.51640, -0.71185, 678.63335, 20.34927,  2.47846, 10.32314
-2.81312,  0.00000, 678.63335, 20.34927,  2.47846, 10.32314
-2.81312, -0.71185, 678.63335, 20.34927,  2.47846, 10.09374
-3.51640,  0.00000, 678.63335, 20.34927,  2.47846, 10.32314
-3.51640, -0.71185, 678.63335, 20.34927,  2.47846, 10.09374
-2.81312, -0.71185, 678.63335, 19.81900,  2.47846, 10.09374
-2.81312,  0.00000, 681.69543, 20.87955,  2.47846, 10.09374
-2.81312,  0.00000, 678.63335, 20.87955,  2.93956, 10.32314
-3.51640, -0.71185, 681.69543, 20.87955,  2.93956, 10.32314
-3.51640, -0.71185, 681.69543, 20.34927,  2.93956, 10.32314
-3.51640, -0.71185, 681.69543, 20.87955,  2.47846, 10.32314
-3.51640, -0.71185, 678.63335, 20.87955,  2.93956, 10.55254
-3.51640,  0.71185, 681.69543, 20.87955,  2.93956, 10.32314
-3.51640,  0.71185, 678.63335, 20.87955,  2.93956, 10.09374
-3.51640,  0.71185, 678.63335, 20.87955,  3.40067, 10.32314
-3.51640,  0.00000, 678.63335, 20.87955,  2.93956, 10.32314
-3.51640, -0.71185, 678.63335, 20.34927,  3.40067, 10.32314
-3.51640, -1.42370, 681.69543, 19.81900,  2.93956, 10.32314
-3.51640, -0.71185, 684.75751, 20.34927,  3.40067, 10.32314
-3.51640,  0.00000, 681.69543, 20.87955,  3.40067, 10.32314
-3.51640,  0.00000, 678.63335, 20.87955,  3.40067, 10.32314
-3.51640,  0.00000, 678.63335, 20.34927,  2.93956, 10.32314
-3.51640,  0.71185, 681.69543, 20.34927,  2.93956, 10.32314
-3.51640,  0.00000, 678.63335, 20.34927,  3.40067, 10.09374
-2.81312,  0.71185, 678.63335, 20.34927,  2.93956, 10.09374
-2.81312,  0.00000, 681.69543, 19.81900,  2.93956, 10.32314
-3.51640,  0.00000, 678.63335, 19.81900,  2.93956, 10.32314
-2.81312, -0.71185, 681.69543, 19.81900,  2.93956, 10.32314
-3.51640, -0.71185, 678.63335, 19.28872,  2.93956, 10.32314
-3.51640, -0.71185, 678.63335, 18.75845,  2.93956, 10.09374
-3.51640, -1.42370, 681.69543, 19.28872,  2.93956, 10.32314
-3.51640, -1.42370, 681.69543, 19.28872,  3.40067, 10.32314
-3.51640, -1.42370, 678.63335, 18.75845,  3.40067, 10.32314
-3.51640, -1.42370, 681.69543, 18.75845,  3.40067, 10.09374
-3.51640, -0.71185, 678.63335, 19.28872,  3.40067, 10.32314
-3.51640, -0.71185, 678.63335, 18.75845,  3.40067, 10.32314
-3.51640, -0.71185, 678.63335, 18.75845,  3.40067, 10.32314
-3.51640, -0.71185, 681.69543, 18.75845,  3.40067, 10.32314
-3.51640, -0.71185, 681.69543, 18.75845,  3.86178, 10.32314
-3.51640,  0.00000, 681.69543, 19.28872,  3.86178, 10.32314
-3.51640,  0.00000, 678.63335, 19.81900,  3.40067, 10.55254
-3.51640, -0.71185, 681.69543, 19.81900,  3.40067, 10.32314
-2.81312,  0.00000, 678.63335, 19.81900,  3.40067, 10.09374
-3.51640,  0.71185, 678.63335, 19.81900,  3.86178, 10.32314
-3.51640,  0.00000, 681.69543, 20.34927,  3.86178, 10.09374
-4.21968,  0.71185, 678.63335, 19.81900,  3.86178, 10.32314
-4.21968,  0.00000, 681.69543, 19.81900,  3.86178, 10.32314
-3.51640,  0.00000, 681.69543, 19.81900,  3.86178, 10.32314
-3.51640,  0.00000, 681.69543, 20.34927,  4.32289, 10.09374
-3.51640,  0.00000, 678.63335, 19.81900,  4.32289, 10.09374
-3.51640,  0.00000, 678.63335, 19.81900,  4.32289, 10.09374
-3.51640, -0.71185, 681.69543, 19.81900,  4.32289, 10.09374
-3.51640, -0.71185, 681.69543, 19.28872,  3.86178, 10.32314
-3.51640,  0.00000, 681.69543, 19.28872,  3.86178, 10.32314
-3.51640,  0.71185, 678.63335, 19.81900,  3.86178, 10.32314
-3.51640,  0.00000, 678.63335, 19.28872,  3.86178, 10.32314
-3.51640,  0.00000, 678.63335, 18.75845,  3.86178, 10.32314
-3.51640,  0.00000, 678.63335, 19.28872,  3.86178, 10.32314
-3.51640,  0.00000, 681.69543, 19.28872,  3.86178, 10.32314
-3.51640, -0.71185, 678.63335, 18.75845,  3.86178, 10.32314
-3.51640, -0.71185, 681.69543, 18.22818,  3.86178, 10.32314
-2.81312, -1.42370, 681.69543, 18.22818,  4.32289, 10.32314
-2.81312, -0.71185, 684.75751, 18.22818,  4.32289, 10.32314
-3.51640, -0.71185, 678.63335, 18.22818,  4.32289, 10.32314
-3.51640, -0.71185, 681.69543, 18.22818,  4.32289, 10.32314
-3.51640, -1.42370, 675.57127, 17.69790,  4.32289, 10.32314
-3.51640, -2.13555, 678.63335, 17.69790,  4.32289, 10.09374
-4.21968, -1.42370, 681.69543, 17.69790,  4.32289, 10.09374
-3.51640, -0.71185, 681.69543, 17.69790,  4.32289, 10.32314
-3.51640, -1.42370, 681.69543, 17.69790,  4.32289, 10.32314
-3.51640, -0.71185, 678.63335, 17.16763,  4.32289, 10.09374
-3.51640, -0.71185, 681.69543, 17.69790,  4.32289, 10.32314
-3.51640, -0.71185, 681.69543, 17.69790,  4.32289, 10.32314
-3.51640, -0.71185, 681.69543, 18.22818,  4.32289, 10.32314
-3.51640, -0.71185, 678.63335, 17.69790,  4.32289, 10.09374
-2.81312, -1.42370, 678.63335, 17.16763,  3.86178, 10.32314
-2.81312, -0.71185, 681.69543, 17.69790,  3.86178, 10.32314
-2.81312, -0.71185, 678.63335, 18.22818,  4.32289, 10.55254
-2.81312, -0.71185, 678.63335, 17.69790,  4.32289, 10.32314
-2.81312, -1.42370, 678.63335, 17.69790,  4.32289, 10.09374
-3.51640, -0.71185, 678.63335, 17.69790,  4.32289, 10.32314
-3.51640,  0.00000, 678.63335, 17.69790,  4.32289, 10.32314
-3.51640,  0.00000, 678.63335, 18.22818,  4.32289, 10.32314
-3.51640,  0.00000, 678.63335, 18.22818,  4.78400, 10.32314
-3.51640,  0.00000, 678.63335, 17.69790,  4.78400, 10.09374
-3.51640, -0.71185, 681.69543, 17.16763,  4.32289, 10.32314
-4.21968, -1.42370, 678.63335, 17.16763,  4.78400, 10.32314
-3.51640, -1.42370, 681.69543, 17.16763,  4.78400, 10.32314
-2.81312, -1.42370, 681.69543, 17.16763,  5.24510, 10.32314
-3.51640, -0.71185, 678.63335, 16.63735,  5.24510, 10.32314
-3.51640, -0.71185, 681.69543, 16.63735,  4.78400, 10.32314
-3.51640, -0.71185, 681.69543, 17.16763,  5.24510, 10.32314
-3.51640, -0.71185, 678.63335, 16.63735,  4.78400, 10.32314
-3.51640,  0.00000, 678.63335, 17.16763,  4.78400, 10.32314
-3.51640, -0.71185, 678.63335, 16.63735,  4.78400, 10.09374
-3.51640, -0.71185, 678.63335, 16.63735,  4.78400, 10.09374
-4.21968, -0.71185, 678.63335, 16.63735,  5.24510, 10.09374
-3.51640, -0.71185, 681.69543, 16.63735,  5.24510, 10.09374
-3.51640, -0.71185, 681.69543, 16.10708,  5.24510, 10.32314
-3.51640, -0.71185, 678.63335, 16.10708,  4.78400, 10.32314
-3.51640, -1.42370, 681.69543, 16.10708,  5.24510, 10.32314
-3.51640, -0.71185, 681.69543, 16.10708,  5.24510, 10.09374
-3.51640, -0.71185, 681.69543, 16.10708,  5.24510, 10.09374
-3.51640, -2.13555, 678.63335, 15.57680,  5.24510, 10.32314
-3.51640, -1.42370, 678.63335, 15.04653,  5.24510, 10.09374
-3.51640, -1.42370, 678.63335, 15.57680,  4.78400, 10.32314
-3.51640, -0.71185, 678.63335, 15.57680,  4.78400, 10.32314
-3.51640, -1.42370, 678.63335, 15.04653,  5.24510, 10.09374
-3.51640, -2.13555, 681.69543, 15.04653,  4.78400, 10.32314
-3.51640, -1.42370, 681.69543, 15.04653,  4.78400, 10.32314
-3.51640, -0.71185, 678.63335, 15.57680,  4.78400, 10.32314
-3.51640, -0.71185, 678.63335, 15.04653,  4.78400, 10.32314
-3.51640, -1.42370, 678.63335, 15.04653,  5.24510, 10.09374
-3.51640, -2.13555, 678.63335, 14.51626,  4.78400, 10.32314
-4.21968, -2.84740, 681.69543, 13.98598,  4.78400, 10.32314
-4.21968, -2.13555, 681.69543, 14.51626,  4.78400, 10.09374
-3.51640, -2.13555, 681.69543, 14.51626,  5.24510, 10.32314
-3.51640, -2.13555, 681.69543, 14.51626,  5.24510, 10.32314
-3.51640, -2.84740, 678.63335, 14.51626,  5.24510, 10.09374
-3.51640, -2.84740, 678.63335, 13.98598,  4.78400, 10.32314
-3.51640, -2.13555, 678.63335, 14.51626,  5.24510, 10.09374
-3.51640, -2.13555, 678.63335, 14.51626,  6.16732, 10.32314
-3.51640, -2.13555, 678.63335, 14.51626,  5.70621, 10.32314
-3.51640, -1.42370, 681.69543, 14.51626,  5.70621, 10.32314
-4.92295, -1.42370, 684.75751, 14.51626,  6.62843, 10.55254
-4.92295, -0.71185, 684.75751, 15.04653,  6.62843, 10.55254
-4.92295, -0.71185, 678.63335, 15.57680,  7.08954, 10.32314
-4.92295, -1.42370, 678.63335, 15.57680,  6.62843, 10.32314
-4.92295, -2.13555, 675.57127, 15.04653,  6.16732, 10.09374
-4.92295, -2.13555, 678.63335, 15.57680,  5.70621, 10.32314
-4.92295, -2.84740, 678.63335, 15.57680,  5.70621, 10.09374
-4.21968, -1.42370, 678.63335, 16.10708,  5.24510, 10.32314
-4.21968, -0.71185, 678.63335, 16.10708,  4.78400, 10.32314
-3.51640, -2.13555, 678.63335, 16.63735,  4.78400, 10.09374
-3.51640, -2.13555, 681.69543, 16.10708,  4.78400, 10.09374
-3.51640, -2.13555, 678.63335, 16.10708,  4.32289, 10.09374
-3.51640, -0.71185, 681.69543, 16.63735,  4.32289, 10.09374
-3.51640, -0.71185, 681.69543, 17.16763,  4.32289, 10.09374
-3.51640, -0.71185, 678.63335, 17.16763,  4.32289, 10.32314
-3.51640, -1.42370, 678.63335, 17.16763,  4.32289, 10.32314
-3.51640, -1.42370, 681.69543, 17.16763,  3.86178, 10.32314
-4.21968, -1.42370, 681.69543, 17.16763,  4.32289, 10.32314
-3.51640, -0.71185, 681.69543, 17.69790,  3.86178, 10.09374
-3.51640, -0.71185, 681.69543, 17.69790,  3.86178, 10.09374
-3.51640, -0.71185, 678.63335, 17.69790,  3.86178, 10.32314
-3.51640, -0.71185, 681.69543, 18.22818,  3.86178, 10.32314
-3.51640, -0.71185, 681.69543, 18.22818,  3.86178, 10.09374
-4.21968, -0.71185, 678.63335, 18.75845,  3.40067, 10.09374
-3.51640, -1.42370, 681.69543, 19.28872,  3.86178, 10.09374
-2.81312, -0.71185, 681.69543, 19.28872,  3.86178, 10.32314
-3.51640, -1.42370, 678.63335, 19.28872,  3.86178, 10.32314
-3.51640, -0.71185, 678.63335, 19.81900,  3.40067, 10.32314
-3.51640, -1.42370, 678.63335, 19.81900,  2.93956, 10.09374
-3.51640, -0.71185, 681.69543, 19.81900,  3.40067, 10.32314
-2.81312,  0.00000, 681.69543, 20.34927,  3.40067, 10.32314
-2.10984, -0.71185, 678.63335, 20.34927,  3.40067, 10.32314
-2.81312, -0.71185, 681.69543, 20.34927,  2.93956, 10.32314
-3.51640,  0.00000, 681.69543, 20.87955,  2.93956, 10.32314
-3.51640,  0.71185, 681.69543, 21.40982,  2.47846, 10.32314
-2.81312,  0.71185, 678.63335, 21.40982,  2.47846, 10.32314
-2.81312,  1.42370, 678.63335, 21.94010,  2.47846, 10.32314
-2.81312,  0.00000, 678.63335, 21.40982,  2.01735, 10.32314
-2.81312,  0.00000, 678.63335, 21.40982,  2.47846, 10.32314
-2.81312,  0.00000, 681.69543, 21.40982,  2.01735, 10.32314
-2.10984,  0.71185, 681.69543, 21.94010,  1.55624, 10.32314
-2.81312,  0.71185, 678.63335, 22.47037,  1.55624, 10.32314
-2.81312,  0.00000, 681.69543, 21.94010,  1.55624, 10.32314
-2.81312, -0.71185, 681.69543, 21.94010,  2.01735, 10.32314
-2.81312,  0.00000, 678.63335, 21.94010,  2.01735, 10.32314
-2.10984,  1.42370, 678.63335, 22.47037,  2.01735, 10.32314
-2.10984,  0.71185, 681.69543, 21.94010,  1.55624, 10.32314
-2.81312,  0.71185, 678.63335, 22.47037,  1.55624, 10.32314
-2.10984,  1.42370, 681.69543, 21.94010,  1.55624, 10.09374
-2.81312,  0.00000, 678.63335, 22.47037,  2.01735, 10.32314
-2.81312, -0.71185, 678.63335, 22.47037,  2.01735, 10.09374
-2.81312,  0.71185, 681.69543, 22.47037,  1.55624, 10.32314
-2.10984,  0.71185, 678.63335, 22.47037,  2.01735, 10.09374
-2.81312,  0.00000, 678.63335, 21.94010,  2.01735, 10.32314
-2.81312,  0.00000, 681.69543, 21.94010,  2.01735, 10.32314
-2.81312,  0.00000, 681.69543, 22.47037,  2.47846, 10.32314
-2.81312,  0.00000, 681.69543, 22.47037,  2.47846, 10.32314
-2.81312,  0.71185, 681.69543, 22.47037,  2.93956, 10.32314
-3.51640,  0.71185, 678.63335, 23.00064,  3.40067, 10.55254
-3.51640,  0.71185, 678.63335, 22.47037,  3.86178, 10.55254
-4.21968,  1.42370, 678.63335, 23.00064,  3.86178, 10.55254
-4.21968,  1.42370, 681.69543, 23.00064,  3.40067, 10.32314
-3.51640,  1.42370, 681.69543, 23.00064,  3.40067, 10.32314
-4.21968,  1.42370, 678.63335, 22.47037,  3.40067, 10.32314
-4.21968,  0.00000, 678.63335, 22.47037,  3.40067, 10.09374
-3.51640,  0.00000, 681.69543, 21.94010,  3.40067, 10.32314
-4.21968,  0.00000, 678.63335, 21.94010,  2.93956, 10.32314
-3.51640,  0.00000, 681.69543, 21.94010,  3.40067, 10.09374
-3.51640, -0.71185, 678.63335, 21.40982,  3.86178, 10.32314
-3.51640, -0.71185, 678.63335, 20.34927,  3.40067, 10.32314
-3.51640, -1.42370, 681.69543, 19.81900,  3.40067, 10.32314
-4.21968, -0.71185, 681.69543, 19.81900,  3.40067, 10.32314
-3.51640, -0.71185, 681.69543, 19.81900,  3.40067, 10.32314
-3.51640, -1.42370, 681.69543, 19.81900,  3.40067, 10.09374
-3.51640, -2.84740, 681.69543, 19.28872,  3.40067, 10.32314
-4.21968, -2.13555, 681.69543, 19.28872,  3.40067, 10.09374
-4.21968, -1.42370, 681.69543, 18.75845,  3.86178, 10.32314
-3.51640, -1.42370, 678.63335, 19.28872,  3.86178, 10.32314
-3.51640, -1.42370, 678.63335, 18.75845,  3.86178, 10.32314
-4.21968, -1.42370, 678.63335, 18.75845,  3.86178, 10.32314
-4.21968, -2.13555, 678.63335, 18.75845,  3.40067, 10.32314
-3.51640, -2.13555, 684.75751, 18.75845,  3.40067, 10.32314
-4.21968, -0.71185, 681.69543, 18.75845,  3.86178, 10.55254
-3.51640, -1.42370, 678.63335, 18.22818,  3.86178, 10.32314
-3.51640, -2.13555, 678.63335, 18.22818,  3.40067, 10.32314
-3.51640, -2.13555, 681.69543, 18.22818,  3.86178, 10.55254
-4.21968, -1.42370, 681.69543, 18.22818,  3.86178, 10.32314
-4.21968, -0.71185, 681.69543, 18.22818,  4.32289, 10.09374
-4.21968, -1.42370, 681.69543, 18.75845,  3.86178, 10.32314
-4.21968, -1.42370, 678.63335, 18.75845,  3.86178, 10.32314
-4.21968, -2.13555, 678.63335, 18.22818,  4.32289, 10.55254
-4.21968, -2.13555, 681.69543, 18.22818,  4.32289, 10.09374
-4.21968, -2.13555, 678.63335, 18.22818,  4.32289, 10.32314
-4.21968, -1.42370, 681.69543, 18.22818,  4.32289, 10.32314
-4.21968, -2.13555, 681.69543, 18.22818,  4.32289, 10.32314
-4.21968, -2.13555, 678.63335, 18.22818,  4.32289, 10.55254
-3.51640, -2.13555, 678.63335, 18.75845,  3.86178, 10.32314
-3.51640, -1.42370, 681.69543, 18.75845,  3.86178, 10.32314
-3.51640, -1.42370, 678.63335, 18.75845,  4.32289, 10.32314
-4.21968, -1.42370, 681.69543, 19.28872,  3.86178, 10.32314
-4.21968, -0.71185, 678.63335, 19.28872,  3.86178, 10.55254
-4.21968, -0.71185, 681.69543, 19.28872,  3.86178, 10.32314
-3.51640, -0.71185, 678.63335, 18.75845,  3.86178, 10.32314
-3.51640, -0.71185, 678.63335, 19.28872,  3.40067, 10.32314
-4.21968, -0.71185, 681.69543, 19.28872,  3.86178, 10.32314
-4.21968,  0.00000, 681.69543, 19.28872,  3.40067, 10.32314
-4.21968, -0.71185, 678.63335, 19.81900,  3.86178, 10.32314
-3.51640, -0.71185, 678.63335, 19.28872,  3.40067, 10.09374
-3.51640, -1.42370, 678.63335, 19.28872,  3.86178, 10.32314
-3.51640, -2.13555, 681.69543, 19.28872,  3.40067, 10.32314
-4.21968, -1.42370, 681.69543, 19.28872,  3.40067, 10.09374
-4.21968, -0.71185, 681.69543, 19.81900,  2.93956, 10.32314
-4.21968,  0.00000, 681.69543, 20.34927,  3.40067, 10.32314
-4.21968, -0.71185, 678.63335, 19.81900,  3.40067, 10.32314
-3.51640, -1.42370, 678.63335, 19.28872,  2.93956, 10.32314
-3.51640, -0.71185, 681.69543, 19.28872,  3.40067, 10.32314
-3.51640,  0.00000, 681.69543, 19.81900,  2.93956, 10.09374
-3.51640, -0.71185, 681.69543, 19.28872,  2.47846, 10.32314
-3.51640, -1.42370, 681.69543, 19.28872,  2.93956, 10.32314
-3.51640, -2.13555, 678.63335, 19.28872,  2.93956, 10.32314
-3.51640, -1.42370, 681.69543, 19.28872,  2.93956, 10.09374
-3.51640, -0.71185, 681.69543, 19.28872,  2.93956, 10.32314
-3.51640, -0.71185, 681.69543, 19.28872,  2.93956, 10.32314
-3.51640, -1.42370, 681.69543, 19.28872,  2.93956, 10.32314
-3.51640, -2.13555, 681.69543, 18.75845,  2.93956, 10.32314
-3.51640, -2.13555, 681.69543, 19.28872,  2.93956, 10.32314
-3.51640, -0.71185, 681.69543, 18.75845,  3.40067, 10.32314
-3.51640, -1.42370, 678.63335, 18.75845,  2.93956, 10.55254
-4.21968, -1.42370, 678.63335, 18.75845,  3.40067, 10.32314
-3.51640, -2.13555, 678.63335, 19.28872,  2.93956, 10.32314
-3.51640, -1.42370, 678.63335, 19.28872,  2.93956, 10.32314
-4.21968, -1.42370, 678.63335, 19.81900,  3.40067, 10.32314
-4.21968, -0.71185, 681.69543, 19.81900,  2.93956, 10.32314
-3.51640, -2.13555, 678.63335, 19.28872,  2.93956, 10.32314
-3.51640, -2.13555, 678.63335, 19.81900,  2.93956, 10.55254
-4.21968, -1.42370, 681.69543, 19.28872,  3.40067, 10.32314
-4.21968, -0.71185, 678.63335, 19.81900,  3.40067, 10.32314
-4.21968, -0.71185, 681.69543, 19.81900,  3.40067, 10.32314
-4.21968, -1.42370, 678.63335, 20.34927,  3.86178, 10.32314
-3.51640, -0.71185, 681.69543, 20.34927,  3.40067, 10.55254
-3.51640, -0.71185, 681.69543, 20.87955,  3.40067, 10.32314
-3.51640, -0.71185, 678.63335, 20.87955,  3.40067, 10.32314
-4.21968, -0.71185, 678.63335, 21.40982,  3.40067, 10.32314
-4.21968, -1.42370, 678.63335, 20.87955,  3.40067, 10.32314
-3.51640, -0.71185, 681.69543, 20.87955,  3.40067, 10.09374
-3.51640, -0.71185, 681.69543, 20.87955,  3.40067, 10.32314
-3.51640, -0.71185, 681.69543, 21.40982,  3.40067, 10.32314
-3.51640, -0.71185, 681.69543, 20.87955,  2.93956, 10.32314
-3.51640, -1.42370, 678.63335, 21.40982,  3.40067, 10.32314
-4.21968, -0.71185, 681.69543, 21.40982,  3.40067, 10.32314
-3.51640, -0.71185, 681.69543, 21.94010,  3.40067, 10.32314
-3.51640,  0.00000, 678.63335, 21.94010,  3.40067, 10.32314
-3.51640,  0.00000, 678.63335, 21.40982,  2.93956, 10.32314
-3.51640,  0.00000, 678.63335, 21.94010,  3.40067, 10.32314
-3.51640,  0.00000, 681.69543, 21.94010,  3.40067, 10.32314
-4.21968,  0.71185, 678.63335, 21.94010,  3.40067, 10.32314
-4.21968,  0.71185, 681.69543, 21.94010,  3.40067, 10.32314
-4.21968, -0.71185, 678.63335, 21.94010,  3.40067, 10.32314
-3.51640, -0.71185, 681.69543, 21.94010,  3.40067, 10.32314
-3.51640,  0.00000, 681.69543, 21.94010,  3.40067, 10.32314
-3.51640,  0.71185, 681.69543, 21.94010,  3.40067, 10.32314
-4.21968,  0.00000, 678.63335, 22.47037,  3.86178, 10.32314
-4.21968, -0.71185, 678.63335, 21.94010,  3.86178, 10.55254
-4.21968, -0.71185, 681.69543, 21.94010,  3.86178, 10.32314
-4.21968,  0.00000, 681.69543, 21.94010,  3.86178, 10.32314
-4.21968,  0.00000, 681.69543, 21.94010,  3.86178, 10.55254
-4.21968,  0.00000, 678.63335, 21.94010,  3.86178, 10.32314
-4.21968, -0.71185, 678.63335, 21.94010,  3.86178, 10.32314
-4.21968, -0.71185, 678.63335, 21.40982,  3.86178, 10.32314
-4.21968, -0.71185, 678.63335, 21.40982,  3.86178, 10.32314
-3.51640, -0.71185, 678.63335, 21.40982,  3.86178, 10.32314
-4.21968, -0.71185, 678.63335, 21.40982,  3.86178, 10.32314
-4.21968, -1.42370, 678.63335, 21.40982,  3.86178, 10.32314
-4.21968, -1.42370, 681.69543, 20.87955,  3.86178, 10.55254
-3.51640, -0.71185, 681.69543, 20.87955,  3.86178, 10.55254
-3.51640, -0.71185, 681.69543, 21.40982,  3.86178, 10.32314
-4.21968, -0.71185, 678.63335, 21.40982,  3.40067, 10.55254
-4.21968, -0.71185, 678.63335, 21.40982,  3.86178, 10.55254
-3.51640, -0.71185, 681.69543, 21.40982,  3.86178, 10.32314
-4.21968, -0.71185, 678.63335, 21.40982,  3.40067, 10.55254
-4.21968, -0.71185, 678.63335, 21.94010,  3.40067, 10.32314
-4.21968, -1.42370, 675.57127, 21.40982,  3.40067, 10.32314
-3.51640, -0.71185, 678.63335, 20.87955,  3.40067, 10.32314
-4.21968, -0.71185, 681.69543, 21.40982,  3.40067, 10.32314
-4.21968, -0.71185, 681.69543, 20.87955,  3.40067, 10.32314
-4.21968, -1.42370, 678.63335, 20.87955,  3.40067, 10.32314
-4.21968, -2.13555, 681.69543, 20.87955,  3.86178, 10.32314
-4.21968, -1.42370, 681.69543, 21.40982,  3.86178, 10.32314
-3.51640, -0.71185, 681.69543, 21.94010,  4.32289, 10.32314
-4.21968, -0.71185, 681.69543, 21.94010,  3.86178, 10.32314
-4.21968,  0.00000, 678.63335, 21.94010,  3.86178, 10.32314
-4.21968, -1.42370, 678.63335, 21.40982,  3.86178, 10.32314
-4.21968, -1.42370, 681.69543, 21.40982,  3.86178, 10.32314
-4.21968,  0.00000, 681.69543, 21.94010,  4.32289, 10.55254
-4.21968, -0.71185, 681.69543, 21.94010,  4.32289, 10.32314
-4.21968, -1.42370, 678.63335, 21.94010,  3.86178, 10.32314
-4.92295, -1.42370, 678.63335, 21.40982,  3.86178, 10.55254
-3.51640, -1.42370, 681.69543, 21.40982,  3.86178, 10.32314
-4.21968,  0.00000, 681.69543, 21.94010,  3.86178, 10.32314
-4.21968,  0.00000, 678.63335, 21.94010,  3.86178, 10.32314
-3.51640, -0.71185, 678.63335, 21.40982,  3.86178, 10.32314
-3.51640, -1.42370, 678.63335, 20.87955,  3.86178, 10.55254
-3.51640, -1.42370, 681.69543, 20.87955,  3.86178, 10.32314
-3.51640, -0.71185, 681.69543, 20.87955,  3.40067, 10.32314
-3.51640,  0.00000, 681.69543, 21.94010,  3.40067, 10.32314
-3.51640, -0.71185, 678.63335, 21.40982,  3.40067, 10.32314
-3.51640,  0.00000, 678.63335, 21.40982,  3.86178, 10.32314
-4.21968, -1.42370, 678.63335, 21.40982,  3.86178, 10.32314
-4.21968, -1.42370, 678.63335, 21.40982,  4.32289, 10.32314
-4.92295, -0.71185, 681.69543, 21.40982,  4.32289, 10.32314
-4.21968, -1.42370, 678.63335, 21.40982,  4.32289, 10.32314
-4.21968, -1.42370, 681.69543, 21.40982,  4.32289, 10.32314
-4.92295, -0.71185, 681.69543, 21.40982,  4.32289, 10.55254
-4.21968,  0.00000, 678.63335, 21.94010,  4.78400, 10.55254
-4.21968,  0.00000, 681.69543, 21.40982,  5.24510, 10.32314
-4.21968, -0.71185, 678.63335, 22.47037,  4.78400, 10.55254
-4.21968, -1.42370, 678.63335, 21.94010,  4.78400, 10.55254
-4.92295, -1.42370, 678.63335, 21.94010,  4.78400, 10.55254
-4.92295,  0.00000, 681.69543, 21.94010,  4.78400, 10.55254
-4.21968,  0.71185, 681.69543, 22.47037,  4.32289, 10.32314
-4.21968,  0.00000, 678.63335, 22.47037,  4.32289, 10.32314
-4.21968,  0.00000, 678.63335, 21.94010,  4.32289, 10.55254
-4.21968, -0.71185, 678.63335, 21.94010,  4.32289, 10.32314
-4.92295, -0.71185, 681.69543, 22.47037,  4.32289, 10.32314
-4.21968, -0.71185, 681.69543, 21.94010,  4.32289, 10.55254
-4.21968, -1.42370, 678.63335, 21.94010,  4.32289, 10.32314
-4.21968, -1.42370, 681.69543, 21.94010,  4.32289, 10.55254
-4.21968, -0.71185, 678.63335, 21.40982,  4.32289, 10.55254
-4.21968,  0.00000, 681.69543, 21.94010,  4.32289, 10.32314
-4.21968, -0.71185, 678.63335, 21.94010,  3.86178, 10.55254
-4.21968, -0.71185, 678.63335, 21.94010,  3.86178, 10.55254
-4.21968, -0.71185, 681.69543, 21.94010,  3.86178, 10.55254
-3.51640,  0.00000, 681.69543, 21.94010,  3.86178, 10.32314
-4.21968, -0.71185, 678.63335, 21.94010,  3.86178, 10.32314
-4.92295, -1.42370, 675.57127, 21.40982,  3.86178, 10.32314
-4.21968, -2.13555, 681.69543, 21.40982,  3.86178, 10.32314
-4.21968, -1.42370, 681.69543, 21.40982,  3.40067, 10.32314
-3.51640, -1.42370, 681.69543, 21.40982,  3.40067, 10.32314
-4.21968, -0.71185, 681.69543, 21.40982,  3.40067, 10.32314
-3.51640, -1.42370, 681.69543, 21.94010,  3.40067, 10.32314
-3.51640, -0.71185, 678.63335, 20.87955,  2.93956, 10.32314
-4.21968, -1.42370, 678.63335, 20.87955,  3.40067, 10.55254
-4.21968, -1.42370, 678.63335, 20.87955,  3.40067, 10.32314
-3.51640, -1.42370, 678.63335, 20.87955,  3.40067, 10.32314
-4.21968, -1.42370, 678.63335, 20.87955,  3.40067, 10.32314
-3.51640, -0.71185, 678.63335, 20.87955,  3.40067, 10.32314
-4.21968, -2.13555, 681.69543, 20.87955,  3.40067, 10.32314
-4.21968, -1.42370, 678.63335, 21.40982,  3.40067, 10.55254
-4.21968, -2.13555, 681.69543, 21.40982,  2.93956, 10.32314
-4.21968, -1.42370, 681.69543, 21.40982,  2.93956, 10.32314
-3.51640, -0.71185, 681.69543, 21.40982,  3.40067, 10.32314
-3.51640, -0.71185, 678.63335, 20.87955,  2.93956, 10.32314
-3.51640, -1.42370, 681.69543, 21.40982,  3.40067, 10.32314
-4.21968, -0.71185, 681.69543, 21.40982,  3.40067, 10.32314
-4.21968, -0.71185, 681.69543, 21.40982,  3.40067, 10.32314
-3.51640, -0.71185, 678.63335, 21.94010,  2.93956, 10.32314
-4.21968, -0.71185, 678.63335, 21.94010,  2.93956, 10.32314
-4.21968, -0.71185, 678.63335, 21.40982,  2.93956, 10.32314
-4.21968, -0.71185, 678.63335, 21.40982,  3.40067, 10.32314
-4.21968, -0.71185, 681.69543, 21.94010,  2.93956, 10.55254
-4.21968, -0.71185, 681.69543, 21.94010,  3.40067, 10.32314
-4.21968, -1.42370, 681.69543, 21.94010,  3.40067, 10.32314
-4.21968, -2.13555, 678.63335, 21.94010,  2.93956, 10.32314
-4.21968, -1.42370, 678.63335, 21.94010,  2.93956, 10.32314
-4.21968, -1.42370, 681.69543, 21.94010,  2.93956, 10.32314
-3.51640, -0.71185, 681.69543, 21.94010,  2.93956, 10.32314
-3.51640, -0.71185, 681.69543, 21.94010,  2.93956, 10.32314
-4.21968,  0.00000, 678.63335, 21.94010,  2.93956, 10.32314
-4.21968,  0.00000, 678.63335, 22.47037,  2.47846, 10.32314
-3.51640, -0.71185, 681.69543, 22.47037,  2.93956, 10.32314
-3.51640, -0.71185, 678.63335, 21.94010,  2.47846, 10.55254
-3.51640, -0.71185, 678.63335, 21.94010,  2.47846, 10.55254
-3.51640, -0.71185, 681.69543, 21.94010,  2.93956, 10.32314
-4.21968, -0.71185, 678.63335, 21.94010,  2.93956, 10.55254
-4.21968, -0.71185, 681.69543, 21.94010,  2.47846, 10.55254
-3.51640,  0.00000, 681.69543, 22.47037,  2.93956, 10.32314
-3.51640,  0.00000, 681.69543, 22.47037,  2.93956, 10.55254
-3.51640,  0.00000, 678.63335, 22.47037,  2.93956, 10.32314
-4.21968,  0.00000, 678.63335, 21.94010,  3.40067, 10.32314
-4.21968, -0.71185, 678.63335, 21.94010,  2.93956, 10.32314
-4.21968, -0.71185, 678.63335, 21.94010,  2.93956, 10.55254
-4.21968, -0.71185, 678.63335, 21.94010,  2.93956, 10.32314
-4.21968, -0.71185, 678.63335, 21.94010,  3.40067, 10.32314
-4.21968, -0.71185, 678.63335, 21.94010,  2.93956, 10.32314
-4.21968, -1.42370, 678.63335, 21.94010,  2.93956, 10.55254
-3.51640, -1.42370, 681.69543, 21.94010,  2.93956, 10.55254
-3.51640, -0.71185, 678.63335, 21.94010,  2.93956, 10.55254
-4.21968, -0.71185, 681.69543, 21.94010,  2.47846, 10.32314
-3.51640, -0.71185, 681.69543, 21.94010,  2.47846, 10.32314
-4.21968, -1.42370, 681.69543, 21.40982,  2.47846, 10.55254
-3.51640, -1.42370, 684.75751, 20.87955,  2.47846, 10.32314
-3.51640,  0.00000, 681.69543, 21.94010,  2.01735, 10.55254
-3.51640,  0.00000, 678.63335, 21.94010,  2.01735, 10.32314
-4.21968, -0.71185, 678.63335, 21.40982,  2.47846, 10.32314
-4.21968, -0.71185, 675.57127, 21.40982,  2.47846, 10.32314
-3.51640, -0.71185, 678.63335, 21.40982,  2.47846, 10.55254
-3.51640, -0.71185, 681.69543, 21.40982,  2.01735, 10.55254
-3.51640, -0.71185, 681.69543, 20.87955,  2.01735, 10.32314
-4.21968, -0.71185, 678.63335, 20.87955,  2.47846, 10.32314
-3.51640, -1.42370, 678.63335, 20.87955,  2.47846, 10.32314
-4.21968, -1.42370, 681.69543, 20.34927,  2.47846, 10.32314
-4.21968, -1.42370, 678.63335, 20.87955,  2.47846, 10.32314
-3.51640, -0.71185, 681.69543, 21.40982,  2.47846, 10.32314
-3.51640, -0.71185, 678.63335, 21.40982,  2.47846, 10.32314
-4.21968, -1.42370, 678.63335, 20.87955,  2.47846, 10.32314
-4.21968, -1.42370, 678.63335, 20.87955,  2.93956, 10.32314
-4.21968, -1.42370, 678.63335, 20.34927,  2.93956, 10.32314
-4.21968, -1.42370, 681.69543, 20.87955,  2.93956, 10.32314
-3.51640, -1.42370, 681.69543, 20.87955,  2.93956, 10.32314
-3.51640, -0.71185, 678.63335, 20.87955,  2.93956, 10.32314
-4.21968, -0.71185, 678.63335, 20.87955,  2.93956, 10.32314
-4.21968, -0.71185, 681.69543, 20.87955,  3.40067, 10.32314
-4.21968, -0.71185, 678.63335, 20.87955,  2.93956, 10.32314
-4.21968,  0.00000, 681.69543, 20.87955,  2.93956, 10.32314
-4.21968, -0.71185, 678.63335, 20.34927,  2.93956, 10.32314
-4.21968, -0.71185, 678.63335, 20.87955,  3.40067, 10.32314
-4.21968, -0.71185, 681.69543, 20.87955,  3.40067, 10.32314
-4.92295, -1.42370, 678.63335, 20.87955,  3.40067, 10.32314
-4.21968, -1.42370, 678.63335, 20.34927,  3.40067, 10.32314
-4.21968, -1.42370, 681.69543, 20.87955,  3.40067, 10.32314
-4.21968, -0.71185, 681.69543, 20.34927,  3.40067, 10.32314
-4.21968, -1.42370, 678.63335, 20.87955,  3.40067, 10.32314
-4.21968, -1.42370, 678.63335, 20.34927,  3.40067, 10.55254
-4.21968, -1.42370, 681.69543, 20.34927,  2.93956, 10.55254
-4.21968, -1.42370, 681.69543, 20.87955,  2.93956, 10.55254
-3.51640, -0.71185, 681.69543, 20.87955,  3.40067, 10.32314
-4.21968,  0.00000, 678.63335, 21.40982,  3.40067, 10.32314
-3.51640,  0.00000, 678.63335, 21.40982,  3.40067, 10.32314
-4.92295, -0.71185, 678.63335, 21.40982,  3.40067, 10.55254
-4.92295, -1.42370, 678.63335, 20.87955,  3.40067, 10.32314
-3.51640, -0.71185, 678.63335, 20.87955,  2.93956, 10.55254
-3.51640, -0.71185, 678.63335, 20.87955,  3.40067, 10.32314
-3.51640,  0.00000, 678.63335, 21.40982,  3.40067, 10.32314
-3.51640, -0.71185, 678.63335, 21.40982,  2.93956, 10.55254
-4.21968, -0.71185, 681.69543, 20.87955,  2.93956, 10.55254
-4.21968, -0.71185, 678.63335, 20.87955,  2.93956, 10.32314
-3.51640,  0.00000, 678.63335, 21.40982,  3.40067, 10.32314
-4.21968, -1.42370, 678.63335, 20.87955,  3.40067, 10.32314
-4.21968, -1.42370, 681.69543, 21.40982,  3.40067, 10.32314
-4.21968, -1.42370, 678.63335, 20.87955,  3.40067, 10.32314
-4.21968, -0.71185, 678.63335, 20.87955,  3.40067, 10.32314
-3.51640, -0.71185, 678.63335, 20.34927,  3.40067, 10.32314
-3.51640, -0.71185, 678.63335, 20.34927,  3.40067, 10.32314
-4.21968, -1.42370, 681.69543, 20.34927,  3.86178, 10.32314
-4.21968, -1.42370, 678.63335, 20.34927,  3.86178, 10.32314
-4.92295, -2.13555, 678.63335, 20.34927,  3.86178, 10.32314
-4.21968,  0.00000, 681.69543, 20.87955,  3.86178, 10.32314
-2.81312,  0.71185, 678.63335, 21.40982,  3.40067, 10.32314
-4.21968,  0.00000, 678.63335, 21.40982,  3.86178, 10.32314
-4.21968, -0.71185, 678.63335, 20.87955,  3.40067, 10.32314
-4.92295, -0.71185, 681.69543, 20.87955,  3.40067, 10.32314
-4.21968,  0.00000, 681.69543, 20.87955,  3.86178, 10.32314
-4.92295, -0.71185, 678.63335, 20.87955,  3.86178, 10.32314
-4.92295, -0.71185, 675.57127, 21.40982,  4.32289, 10.32314
-4.21968, -1.42370, 675.57127, 20.87955,  3.86178, 10.55254
-4.92295, -1.42370, 678.63335, 20.87955,  3.86178, 10.32314
-4.21968, -0.71185, 681.69543, 20.87955,  3.86178, 10.55254
-4.21968,  0.00000, 681.69543, 20.34927,  3.40067, 10.55254
-4.21968, -0.71185, 681.69543, 20.87955,  3.86178, 10.55254
-4.21968, -0.71185, 681.69543, 20.87955,  4.32289, 10.55254
-4.21968, -0.71185, 681.69543, 20.34927,  3.86178, 10.55254
-4.21968, -0.71185, 678.63335, 20.34927,  3.86178, 10.32314
-4.21968, -0.71185, 678.63335, 20.34927,  3.40067, 10.55254
-4.21968, -0.71185, 681.69543, 20.34927,  3.40067, 10.55254
-4.21968, -0.71185, 678.63335, 20.34927,  3.40067, 10.32314
-4.21968, -1.42370, 678.63335, 20.34927,  3.40067, 10.32314
-4.21968, -1.42370, 678.63335, 19.81900,  3.40067, 10.32314
-4.21968, -1.42370, 678.63335, 19.81900,  3.40067, 10.32314
-4.21968, -0.71185, 678.63335, 19.81900,  2.93956, 10.32314
-3.51640,  0.00000, 681.69543, 19.81900,  3.40067, 10.32314
-3.51640, -0.71185, 678.63335, 19.81900,  2.93956, 10.32314
-3.51640, -1.42370, 678.63335, 19.28872,  2.93956, 10.32314
-3.51640, -2.13555, 681.69543, 19.28872,  2.93956, 10.32314
-3.51640, -0.71185, 684.75751, 19.28872,  2.93956, 10.32314
-3.51640, -0.71185, 678.63335, 19.28872,  2.93956, 10.32314
-3.51640, -0.71185, 678.63335, 19.28872,  2.93956, 10.32314
-3.51640, -0.71185, 681.69543, 19.28872,  2.93956, 10.32314
-3.51640, -0.71185, 678.63335, 19.28872,  2.47846, 10.55254
-3.51640, -0.71185, 681.69543, 19.28872,  2.47846, 10.32314
-3.51640, -0.71185, 678.63335, 19.81900,  2.93956, 10.55254
-3.51640, -0.71185, 678.63335, 19.81900,  2.47846, 10.32314
-3.51640, -0.71185, 681.69543, 19.81900,  2.93956, 10.32314
-4.21968, -0.71185, 678.63335, 19.28872,  2.47846, 10.32314
-3.51640, -0.71185, 681.69543, 19.81900,  2.47846, 10.32314
-3.51640, -0.71185, 684.75751, 19.81900,  2.93956, 10.32314
-3.51640,  0.00000, 681.69543, 20.34927,  2.93956, 10.32314
-3.51640, -0.71185, 678.63335, 19.81900,  3.40067, 10.32314
-3.51640, -0.71185, 681.69543, 19.81900,  3.40067, 10.32314
-4.21968, -1.42370, 678.63335, 19.81900,  3.40067, 10.32314
-4.21968, -1.42370, 681.69543, 19.81900,  2.93956, 10.32314
-3.51640, -0.71185, 684.75751, 19.81900,  2.93956, 10.32314
-3.51640, -0.71185, 681.69543, 19.81900,  2.93956, 10.32314
-4.21968, -0.71185, 678.63335, 19.81900,  2.93956, 10.09374
-4.21968, -0.71185, 678.63335, 19.81900,  2.93956, 10.32314
-3.51640, -0.71185, 678.63335, 19.81900,  2.93956, 10.55254
-3.51640, -0.71185, 681.69543, 19.81900,  2.93956, 10.32314
-3.51640, -0.71185, 678.63335, 19.28872,  2.93956, 10.55254
-3.51640, -0.71185, 681.69543, 19.28872,  2.47846, 10.32314
-3.51640, -1.42370, 678.63335, 19.28872,  2.93956, 10.32314
-3.51640, -2.13555, 678.63335, 18.75845,  2.93956, 10.55254
-2.81312, -2.13555, 681.69543, 18.75845,  2.93956, 10.32314
-3.51640, -1.42370, 681.69543, 18.75845,  2.93956, 10.32314
-4.21968, -0.71185, 681.69543, 18.75845,  2.93956, 10.32314
-4.21968, -1.42370, 678.63335, 18.75845,  2.93956, 10.32314
-4.21968, -1.42370, 678.63335, 18.75845,  3.40067, 10.32314
-3.51640, -0.71185, 681.69543, 19.28872,  3.40067, 10.32314
-3.51640, -0.71185, 678.63335, 19.81900,  3.40067, 10.32314
-3.51640, -0.71185, 678.63335, 19.28872,  3.40067, 10.32314
-3.51640, -1.42370, 678.63335, 19.28872,  3.40067, 10.32314
-4.21968, -2.13555, 678.63335, 18.75845,  3.40067, 10.32314
-3.51640, -0.71185, 684.75751, 18.75845,  3.40067, 10.32314
-4.21968,  0.00000, 681.69543, 19.81900,  3.40067, 10.55254
-3.51640,  0.00000, 681.69543, 19.81900,  3.40067, 10.32314
-3.51640, -0.71185, 678.63335, 19.81900,  2.93956, 10.32314
-3.51640, -0.71185, 678.63335, 19.28872,  3.40067, 10.32314
-3.51640, -0.71185, 678.63335, 19.28872,  3.40067, 10.32314
-4.21968, -0.71185, 681.69543, 19.28872,  3.40067, 10.32314
-4.21968,  0.00000, 681.69543, 19.28872,  3.40067, 10.32314
-4.21968,  0.00000, 681.69543, 19.28872,  3.40067, 10.32314
-4.21968, -0.71185, 681.69543, 19.28872,  3.40067, 10.55254
-3.51640, -0.71185, 678.63335, 19.28872,  3.40067, 10.32314
-4.21968, -0.71185, 678.63335, 19.28872,  3.40067, 10.55254
-4.21968,  0.00000, 678.63335, 19.28872,  3.40067, 10.32314
-4.21968,  0.00000, 678.63335, 19.28872,  3.40067, 10.32314
-4.21968, -0.71185, 678.63335, 19.28872,  3.40067, 10.32314
-4.92295, -1.42370, 678.63335, 18.75845,  3.40067, 10.32314
-4.21968, -0.71185, 678.63335, 18.75845,  3.40067, 10.32314
-3.51640,  0.00000, 681.69543, 19.28872,  3.40067, 10.55254
-4.21968,  0.00000, 681.69543, 18.75845,  3.40067, 10.32314
-4.21968, -0.71185, 681.69543, 18.75845,  3.40067, 10.32314
-4.21968, -1.42370, 681.69543, 18.75845,  3.40067, 10.32314
-3.51640, -1.42370, 681.69543, 18.22818,  2.93956, 10.32314
-4.21968, -0.71185, 678.63335, 18.22818,  3.40067, 10.32314
-4.21968, -0.71185, 678.63335, 18.75845,  2.93956, 10.32314
-4.21968,  0.00000, 678.63335, 18.75845,  3.40067, 10.32314
-4.21968, -0.71185, 678.63335, 18.75845,  2.93956, 10.55254
-4.21968, -0.71185, 678.63335, 18.75845,  3.40067, 10.55254
-4.21968, -1.42370, 678.63335, 18.75845,  3.40067, 10.32314
-3.51640, -1.42370, 681.69543, 18.75845,  2.93956, 10.32314
-3.51640, -0.71185, 678.63335, 18.75845,  2.93956, 10.55254
-3.51640, -0.71185, 681.69543, 18.75845,  2.93956, 10.32314
-3.51640, -0.71185, 681.69543, 18.22818,  3.40067, 10.55254
-3.51640, -0.71185, 678.63335, 18.75845,  2.47846, 10.32314
-3.51640, -0.71185, 678.63335, 18.75845,  2.93956, 10.32314
-3.51640, -1.42370, 678.63335, 18.22818,  2.47846, 10.32314
-3.51640, -1.42370, 681.69543, 18.22818,  2.93956, 10.32314
-3.51640, -0.71185, 678.63335, 18.22818,  2.47846, 10.32314
-3.51640, -0.71185, 681.69543, 18.22818,  2.47846, 10.32314
-3.51640, -1.42370, 681.69543, 18.22818,  2.93956, 10.32314
-3.51640, -1.42370, 678.63335, 18.22818,  2.93956, 10.32314
-3.51640, -1.42370, 678.63335, 18.22818,  2.47846, 10.32314
-3.51640, -1.42370, 681.69543, 17.69790,  2.47846, 10.32314
-3.51640, -1.42370, 681.69543, 18.22818,  2.93956, 10.32314
-4.21968, -0.71185, 678.63335, 17.69790,  2.93956, 10.32314
-3.51640, -0.71185, 681.69543, 17.69790,  2.93956, 10.32314
-3.51640, -1.42370, 678.63335, 17.16763,  2.93956, 10.09374
-4.21968, -1.42370, 681.69543, 17.16763,  2.93956, 10.32314
-3.51640, -0.71185, 681.69543, 17.69790,  2.93956, 10.32314
-3.51640, -0.71185, 681.69543, 17.16763,  3.40067, 10.32314
-3.51640, -0.71185, 678.63335, 17.69790,  2.93956, 10.32314
-4.21968, -2.13555, 678.63335, 17.16763,  3.40067, 10.32314
-4.21968, -2.13555, 678.63335, 17.16763,  2.93956, 10.32314
-3.51640, -2.13555, 681.69543, 17.16763,  2.93956, 10.32314
-3.51640, -1.42370, 681.69543, 17.16763,  2.93956, 10.32314
-3.51640, -2.13555, 681.69543, 17.16763,  3.40067, 10.32314
-3.51640, -2.84740, 681.69543, 16.63735,  2.93956, 10.09374
-3.51640, -2.84740, 678.63335, 16.63735,  3.40067, 10.32314
-4.21968, -1.42370, 681.69543, 17.16763,  3.40067, 10.32314
-4.21968, -1.42370, 681.69543, 17.69790,  3.40067, 10.32314
-3.51640, -0.71185, 681.69543, 17.16763,  3.40067, 10.55254
-4.21968, -1.42370, 678.63335, 17.69790,  3.40067, 10.32314
-3.51640, -1.42370, 678.63335, 17.16763,  3.40067, 10.32314
-4.21968, -1.42370, 681.69543, 17.16763,  3.40067, 10.32314
-3.51640, -1.42370, 681.69543, 17.69790,  3.40067, 10.32314
-4.21968, -0.71185, 678.63335, 17.69790,  3.86178, 10.32314
-4.21968, -1.42370, 678.63335, 17.69790,  3.86178, 10.32314
-4.21968, -2.13555, 681.69543, 17.69790,  3.40067, 10.55254
-4.21968, -1.42370, 681.69543, 18.22818,  3.40067, 10.32314
-4.21968, -1.42370, 678.63335, 17.69790,  3.40067, 10.32314
-3.51640, -0.71185, 678.63335, 18.22818,  3.86178, 10.32314
-4.21968, -1.42370, 681.69543, 17.69790,  3.86178, 10.55254
-3.51640, -1.42370, 681.69543, 17.69790,  3.86178, 10.55254
-4.21968, -2.13555, 681.69543, 17.69790,  3.86178, 10.32314
-4.21968, -1.42370, 681.69543, 17.69790,  3.86178, 10.55254
-4.21968, -0.71185, 681.69543, 18.75845,  3.40067, 10.32314
-4.21968, -0.71185, 681.69543, 18.75845,  3.40067, 10.55254
-4.21968, -1.42370, 678.63335, 18.75845,  3.40067, 10.32314
-3.51640, -2.13555, 678.63335, 18.22818,  3.40067, 10.55254
-3.51640, -1.42370, 681.69543, 18.75845,  3.40067, 10.55254
-3.51640, -1.42370, 681.69543, 18.75845,  3.86178, 10.32314
-4.21968, -0.71185, 681.69543, 19.28872,  3.40067, 10.32314
-4.21968, -1.42370, 678.63335, 19.28872,  3.86178, 10.55254
-4.21968, -2.13555, 678.63335, 19.28872,  3.40067, 10.32314
-3.51640, -1.42370, 678.63335, 19.81900,  3.40067, 10.55254
-3.51640, -0.71185, 681.69543, 19.28872,  3.40067, 10.32314
-4.21968,  0.00000, 681.69543, 19.81900,  3.40067, 10.32314
-4.21968,  0.00000, 678.63335, 20.34927,  3.86178, 10.32314
-4.21968,  0.00000, 681.69543, 20.34927,  3.40067, 10.32314
-3.51640, -0.71185, 678.63335, 20.34927,  3.40067, 10.32314
-3.51640, -0.71185, 681.69543, 19.81900,  3.40067, 10.32314
-3.51640, -0.71185, 678.63335, 20.34927,  3.40067, 10.32314
-3.51640,  0.00000, 681.69543, 20.34927,  3.40067, 10.55254
-4.21968, -0.71185, 681.69543, 20.34927,  3.40067, 10.09374
-4.21968, -0.71185, 681.69543, 20.34927,  3.40067, 10.32314
-3.51640, -0.71185, 678.63335, 20.34927,  3.40067, 10.32314
-3.51640, -0.71185, 678.63335, 20.34927,  2.93956, 10.32314
-4.21968, -0.71185, 681.69543, 20.34927,  3.40067, 10.32314
-3.51640, -0.71185, 678.63335, 20.34927,  3.40067, 10.32314
-3.51640, -0.71185, 678.63335, 20.34927,  2.93956, 10.32314
-3.51640, -1.42370, 678.63335, 19.81900,  2.93956, 10.55254
-3.51640, -1.42370, 678.63335, 19.81900,  2.93956, 10.32314
-3.51640, -0.71185, 681.69543, 19.81900,  2.93956, 10.32314
-3.51640,  0.00000, 681.69543, 20.34927,  3.40067, 10.55254
-4.21968,  0.00000, 678.63335, 20.34927,  2.93956, 10.32314
-4.21968, -1.42370, 678.63335, 20.34927,  3.40067, 10.55254
-4.21968, -1.42370, 678.63335, 20.87955,  2.93956, 10.32314
-3.51640, -1.42370, 678.63335, 20.87955,  3.40067, 10.32314
-3.51640, -0.71185, 681.69543, 20.87955,  3.40067, 10.32314
-4.21968, -0.71185, 678.63335, 20.87955,  3.86178, 10.32314
-4.21968, -1.42370, 681.69543, 20.87955,  3.40067, 10.55254
-4.21968, -2.13555, 678.63335, 20.87955,  3.86178, 10.32314
-4.21968, -2.13555, 681.69543, 20.87955,  3.86178, 10.55254
-3.51640, -0.71185, 681.69543, 21.40982,  4.32289, 10.55254
-3.51640, -0.71185, 681.69543, 21.40982,  3.86178, 10.55254
-4.21968, -0.71185, 678.63335, 21.40982,  3.86178, 10.55254
-4.21968, -1.42370, 678.63335, 21.40982,  3.40067, 10.55254
-4.21968, -1.42370, 681.69543, 21.40982,  3.86178, 10.55254
-3.51640, -0.71185, 678.63335, 21.40982,  3.86178, 10.55254
-4.21968, -0.71185, 681.69543, 21.40982,  3.86178, 10.32314
-4.21968,  0.00000, 681.69543, 21.94010,  3.40067, 10.55254
-4.21968,  0.00000, 681.69543, 21.94010,  3.40067, 10.55254
-3.51640,  0.00000, 681.69543, 21.94010,  3.40067, 10.32314
-4.21968,  0.00000, 681.69543, 22.47037,  3.40067, 10.32314
-4.21968,  0.00000, 678.63335, 22.47037,  3.40067, 10.32314
-4.92295,  0.00000, 681.69543, 23.00064,  3.86178, 10.55254
-4.92295, -0.71185, 678.63335, 22.47037,  3.40067, 10.55254
-4.21968, -0.71185, 678.63335, 22.47037,  3.40067, 10.32314
-3.51640, -0.71185, 681.69543, 22.47037,  3.40067, 10.32314
-4.21968, -0.71185, 681.69543, 22.47037,  3.40067, 10.32314
-4.21968,  0.00000, 681.69543, 23.00064,  2.93956, 10.55254
-4.21968,  0.71185, 681.69543, 23.00064,  3.40067, 10.55254
-4.92295,  0.71185, 678.63335, 23.00064,  3.40067, 10.55254
-4.21968,  0.71185, 681.69543, 23.53092,  3.40067, 10.55254
-4.21968,  0.71185, 678.63335, 23.53092,  3.40067, 10.55254
-4.21968,  0.71185, 678.63335, 23.53092,  2.93956, 10.32314
-4.21968,  0.00000, 678.63335, 24.06119,  2.93956, 10.32314
-4.21968,  0.00000, 681.69543, 23.53092,  2.93956, 10.55254
-4.21968,  0.00000, 681.69543, 23.53092,  2.93956, 10.32314
-3.51640,  0.00000, 681.69543, 23.53092,  2.47846, 10.32314
-3.51640,  0.00000, 681.69543, 23.53092,  2.93956, 10.55254
-4.21968,  0.71185, 681.69543, 23.53092,  2.47846, 10.32314
-3.51640,  0.71185, 678.63335, 23.53092,  2.93956, 10.55254
-4.21968,  0.71185, 678.63335, 23.53092,  2.47846, 10.55254
-3.51640,  0.00000, 678.63335, 23.00064,  2.47846, 10.32314
-4.21968,  0.71185, 678.63335, 23.00064,  2.47846, 10.32314
-4.21968,  0.00000, 678.63335, 22.47037,  2.93956, 10.32314
-3.51640,  0.00000, 678.63335, 22.47037,  2.47846, 10.32314
-4.21968, -0.71185, 678.63335, 21.94010,  2.47846, 10.32314
-3.51640, -0.71185, 678.63335, 21.40982,  2.47846, 10.32314
-4.21968, -0.71185, 678.63335, 21.40982,  2.47846, 10.55254
-3.51640, -0.71185, 684.75751, 21.40982,  2.47846, 10.55254
-3.51640, -1.42370, 681.69543, 21.40982,  2.47846, 10.55254
-2.81312, -1.42370, 678.63335, 20.87955,  2.47846, 10.32314
-4.21968, -2.13555, 681.69543, 20.34927,  2.47846, 10.55254
-3.51640, -2.13555, 681.69543, 20.34927,  2.01735, 10.55254
-3.51640, -1.42370, 681.69543, 20.34927,  2.47846, 10.32314
-3.51640, -1.42370, 681.69543, 20.34927,  2.47846, 10.55254
-3.51640, -1.42370, 678.63335, 20.87955,  2.47846, 10.32314
-3.51640, -1.42370, 678.63335, 20.34927,  2.47846, 10.32314
-3.51640, -1.42370, 681.69543, 19.81900,  2.47846, 10.32314
-3.51640, -1.42370, 678.63335, 19.81900,  2.01735, 10.32314
-3.51640, -1.42370, 681.69543, 20.34927,  2.47846, 10.32314
-3.51640, -1.42370, 681.69543, 20.34927,  2.01735, 10.32314
-3.51640, -1.42370, 678.63335, 20.34927,  2.47846, 10.32314
-3.51640, -0.71185, 678.63335, 20.87955,  2.01735, 10.55254
-3.51640, -1.42370, 678.63335, 20.34927,  2.01735, 10.32314
-3.51640, -2.13555, 678.63335, 20.34927,  2.01735, 10.32314
-3.51640, -1.42370, 681.69543, 19.81900,  2.01735, 10.32314
-3.51640, -1.42370, 681.69543, 19.81900,  2.01735, 10.32314
-3.51640, -0.71185, 681.69543, 20.34927,  2.47846, 10.32314
-2.81312, -0.71185, 681.69543, 19.81900,  2.01735, 10.32314
-2.81312, -1.42370, 678.63335, 19.81900,  2.47846, 10.32314
-3.51640, -0.71185, 681.69543, 19.81900,  2.47846, 10.32314
-4.21968, -1.42370, 681.69543, 20.34927,  2.01735, 10.32314
-4.21968, -1.42370, 678.63335, 19.81900,  2.01735, 10.32314
-3.51640, -0.71185, 681.69543, 19.81900,  2.01735, 10.32314
-2.81312,  0.00000, 681.69543, 20.34927,  2.47846, 10.32314
-3.51640, -0.71185, 681.69543, 20.34927,  2.93956, 10.32314
-3.51640, -0.71185, 678.63335, 20.34927,  2.47846, 10.32314
-4.21968, -1.42370, 681.69543, 19.81900,  2.47846, 10.32314
-3.51640, -2.13555, 681.69543, 19.81900,  2.47846, 10.55254
-3.51640, -1.42370, 681.69543, 20.34927,  2.93956, 10.32314
-3.51640, -0.71185, 681.69543, 19.81900,  2.47846, 10.32314
-3.51640, -0.71185, 678.63335, 19.81900,  2.47846, 10.32314
-3.51640,  0.00000, 678.63335, 20.34927,  2.93956, 10.32314
-4.21968, -0.71185, 678.63335, 19.81900,  2.93956, 10.32314
-4.21968, -0.71185, 678.63335, 20.34927,  2.93956, 10.32314
-4.21968, -1.42370, 678.63335, 20.34927,  2.93956, 10.32314
-4.21968, -2.13555, 678.63335, 19.81900,  2.93956, 10.55254
-4.21968, -1.42370, 681.69543, 19.81900,  2.93956, 10.55254
-3.51640, -0.71185, 684.75751, 20.34927,  2.93956, 10.55254
-3.51640, -0.71185, 681.69543, 20.34927,  2.93956, 10.32314
-3.51640, -0.71185, 681.69543, 20.34927,  2.93956, 10.32314
-4.21968, -0.71185, 681.69543, 20.34927,  2.93956, 10.55254
-4.21968, -0.71185, 678.63335, 20.34927,  2.47846, 10.32314
-4.21968, -0.71185, 681.69543, 19.81900,  2.93956, 10.55254
-3.51640,  0.00000, 678.63335, 19.81900,  2.93956, 10.55254
-3.51640, -0.71185, 681.69543, 19.81900,  2.93956, 10.32314
-4.21968, -1.42370, 681.69543, 19.81900,  2.93956, 10.32314
-4.21968, -1.42370, 681.69543, 19.81900,  2.93956, 10.32314
-4.21968, -1.42370, 681.69543, 19.28872,  2.93956, 10.32314
-3.51640,  0.00000, 678.63335, 19.81900,  2.93956, 10.32314
-4.21968, -0.71185, 678.63335, 19.81900,  2.93956, 10.32314
-3.51640,  0.00000, 681.69543, 20.34927,  2.47846, 10.32314
-4.21968,  0.00000, 678.63335, 20.34927,  2.93956, 10.32314
-3.51640, -0.71185, 681.69543, 19.81900,  2.93956, 10.32314
-4.21968, -0.71185, 681.69543, 19.28872,  2.93956, 10.32314
-3.51640, -0.71185, 681.69543, 19.81900,  2.93956, 10.32314
-4.21968, -0.71185, 678.63335, 19.28872,  2.93956, 10.32314
-3.51640, -0.71185, 684.75751, 19.81900,  2.93956, 10.32314
-4.21968, -0.71185, 678.63335, 19.81900,  2.93956, 10.32314
-3.51640, -0.71185, 678.63335, 19.28872,  2.93956, 10.32314
-3.51640, -2.13555, 681.69543, 18.75845,  2.47846, 10.55254
-3.51640, -1.42370, 678.63335, 18.75845,  2.93956, 10.55254
-3.51640, -0.71185, 681.69543, 18.75845,  2.93956, 10.32314
-3.51640,  0.00000, 681.69543, 18.75845,  2.93956, 10.32314
-3.51640, -1.42370, 678.63335, 18.75845,  2.93956, 10.32314
-3.51640, -1.42370, 681.69543, 18.22818,  3.40067, 10.32314
-4.21968, -1.42370, 681.69543, 18.22818,  3.40067, 10.32314
-4.21968, -1.42370, 681.69543, 18.22818,  3.40067, 10.32314
-4.21968, -1.42370, 681.69543, 18.22818,  2.93956, 10.32314
-4.21968, -2.13555, 681.69543, 17.69790,  3.40067, 10.32314
-4.21968, -2.13555, 678.63335, 17.69790,  3.40067, 10.32314
-4.21968, -2.13555, 678.63335, 17.69790,  3.40067, 10.32314
-4.21968, -0.71185, 678.63335, 17.69790,  3.40067, 10.32314
-4.21968, -1.42370, 681.69543, 17.69790,  3.86178, 10.32314
-4.21968, -2.13555, 681.69543, 17.69790,  3.40067, 10.32314
-4.21968, -2.84740, 681.69543, 17.69790,  3.86178, 10.32314
-4.21968, -2.13555, 681.69543, 17.69790,  3.86178, 10.55254
-4.21968, -2.13555, 681.69543, 17.69790,  3.86178, 10.32314
-4.21968, -1.42370, 681.69543, 17.69790,  3.86178, 10.32314
-4.21968, -2.13555, 681.69543, 18.22818,  3.86178, 10.32314
-4.21968, -2.13555, 681.69543, 18.22818,  3.40067, 10.32314
-4.21968, -1.42370, 681.69543, 18.75845,  3.40067, 10.32314
-3.51640, -1.42370, 681.69543, 19.28872,  3.40067, 10.32314
-4.21968, -0.71185, 678.63335, 18.75845,  3.40067, 10.32314
-4.21968,  0.00000, 678.63335, 19.28872,  3.40067, 10.32314
-4.21968, -0.71185, 678.63335, 19.28872,  3.86178, 10.32314
-4.21968, -0.71185, 681.69543, 19.28872,  3.40067, 10.32314
-4.21968, -0.71185, 681.69543, 19.28872,  3.86178, 10.32314
-4.21968,  0.00000, 681.69543, 19.81900,  3.40067, 10.32314
-4.21968, -1.42370, 678.63335, 19.81900,  3.40067, 10.32314
-4.21968, -0.71185, 678.63335, 19.28872,  3.40067, 10.32314
-3.51640, -0.71185, 678.63335, 19.81900,  3.40067, 10.32314
-3.51640, -0.71185, 681.69543, 19.81900,  3.40067, 10.32314
-3.51640, -0.71185, 678.63335, 19.81900,  3.40067, 10.32314
-4.21968, -1.42370, 678.63335, 19.81900,  2.93956, 10.55254
-4.21968, -1.42370, 681.69543, 19.28872,  2.93956, 10.55254
-4.21968, -0.71185, 681.69543, 19.81900,  2.93956, 10.09374
-3.51640,  0.00000, 678.63335, 19.81900,  2.93956, 10.55254
-3.51640, -0.71185, 678.63335, 19.28872,  2.93956, 10.32314
-4.21968, -0.71185, 678.63335, 19.28872,  2.47846, 10.55254
-3.51640, -1.42370, 681.69543, 18.75845,  2.93956, 10.55254
-3.51640, -1.42370, 678.63335, 19.81900,  2.93956, 10.32314
-3.51640, -1.42370, 681.69543, 18.75845,  2.93956, 10.55254
-3.51640, -0.71185, 678.63335, 18.75845,  2.93956, 10.55254
-3.51640, -0.71185, 681.69543, 19.28872,  2.47846, 10.55254
-3.51640, -0.71185, 681.69543, 19.28872,  2.47846, 10.32314
-3.51640, -1.42370, 678.63335, 19.28872,  2.47846, 10.32314
-3.51640, -1.42370, 678.63335, 18.75845,  2.47846, 10.32314
-3.51640, -1.42370, 678.63335, 18.75845,  2.47846, 10.09374
-4.21968, -1.42370, 681.69543, 18.75845,  2.47846, 10.32314
-3.51640, -1.42370, 675.57127, 18.75845,  2.47846, 10.32314
-3.51640, -0.71185, 678.63335, 19.28872,  2.47846, 10.32314
-3.51640, -0.71185, 678.63335, 19.28872,  2.93956, 10.32314
-3.51640, -1.42370, 681.69543, 18.75845,  2.93956, 10.32314
-4.21968, -0.71185, 681.69543, 19.28872,  2.93956, 10.55254
-3.51640, -0.71185, 681.69543, 19.28872,  2.93956, 10.55254
-3.51640, -0.71185, 678.63335, 19.28872,  2.47846, 10.32314
-3.51640, -1.42370, 681.69543, 19.28872,  2.93956, 10.32314
-3.51640, -1.42370, 678.63335, 18.75845,  2.47846, 10.32314
-4.21968, -1.42370, 681.69543, 19.28872,  2.47846, 10.32314
