
-7.03279, -0.26694, 873.84092, -4.77247,  8.29994, 11.32678
-6.32951, -0.97879, 876.90300, -5.30274,  7.83884, 11.32678
-6.32951, -0.97879, 876.90300, -5.30274,  7.83884, 11.32678
-6.32951, -0.97879, 876.90300, -5.30274,  7.37773, 11.32678
-6.32951, -1.69064, 876.90300, -5.30274,  6.91662, 11.32678
-6.32951, -0.26694, 876.90300, -5.30274,  6.91662, 11.32678
-5.62623, -0.97879, 876.90300, -4.77247,  6.45551, 11.32678
-6.32951, -0.97879, 873.84092, -5.30274,  5.99440, 11.55618
-4.92295, -0.97879, 873.84092, -5.30274,  5.99440, 11.55618
-5.62623, -0.26694, 873.84092, -5.30274,  5.53330, 11.55618
-5.62623, -0.97879, 876.90300, -4.77247,  5.99440, 11.55618
-5.62623, -0.97879, 876.90300, -5.30274,  5.99440, 11.55618
-5.62623, -0.97879, 873.84092, -4.77247,  5.99440, 11.32678
-6.32951, -0.97879, 876.90300, -5.30274,  5.99440, 11.32678
-6.32951, -0.97879, 876.90300, -4.77247,  6.45551, 11.32678
-6.32951, -0.97879, 876.90300, -5.30274,  6.45551, 11.32678
-6.32951, -0.97879, 876.90300, -4.77247,  6.91662, 11.32678
-7.03279, -0.97879, 873.84092, -4.77247,  6.91662, 11.55618
-7.03279, -0.97879, 873.84092, -4.77247,  6.91662, 11.55618
-7.03279, -0.97879, 876.90300, -4.24219,  7.37773, 11.32678
-7.03279, -0.97879, 876.90300, -4.77247,  7.83884, 11.32678
-7.73607, -0.26694, 879.96508, -4.77247,  7.83884, 11.55618
-7.73607, -0.97879, 879.96508, -4.77247,  7.83884, 11.32678
-7.73607, -0.97879, 876.90300, -4.77247,  7.83884, 11.55618
-7.73607, -0.26694, 873.84092, -4.77247,  8.29994, 11.55618
-8.43935, -0.26694, 873.84092, -4.77247,  7.83884, 11.55618
-7.73607, -0.97879, 873.84092, -4.77247,  7.83884, 11.32678
-7.73607, -0.97879, 873.84092, -4.77247,  8.29994, 11.55618
-8.43935, -0.97879, 873.84092, -4.77247,  8.29994, 11.55618
-8.43935, -1.69064, 873.84092, -4.77247,  8.76105, 11.55618
-8.43935, -0.97879, 876.90300, -5.83302,  8.29994, 11.32678
-8.43935, -2.40249, 879.96508, -5.30274,  8.29994, 11.32678
-8.43935, -1.69064, 879.96508, -5.30274,  8.76105, 11.55618
-7.73607, -1.69064, 876.90300, -5.83302,  8.29994, 11.55618
-8.43935, -1.69064, 873.84092, -5.30274,  8.29994, 11.32678
-9.14263, -0.97879, 873.84092, -5.30274,  8.76105, 11.55618
-8.43935, -1.69064, 873.84092, -5.30274,  8.76105, 11.32678
-9.14263, -1.69064, 876.90300, -4.77247,  8.76105, 11.32678
-9.84591, -1.69064, 876.90300, -5.30274,  8.76105, 11.32678
-9.14263, -1.69064, 873.84092, -4.77247,  8.29994, 11.32678
-8.43935, -1.69064, 873.84092, -4.77247,  7.83884, 11.32678
-9.14263, -1.69064, 873.84092, -4.24219,  7.37773, 11.32678
-8.43935, -1.69064, 876.90300, -3.71192,  6.91662, 11.32678
-7.73607, -0.97879, 876.90300, -3.18165,  6.45551, 11.32678
-7.73607, -0.26694, 876.90300, -2.65137,  5.53330, 11.32678
-7.03279, -0.26694, 873.84092, -2.12110,  4.61108, 11.32678
-6.32951,  0.44491, 876.90300, -2.12110,  4.14997, 11.32678
-6.32951,  0.44491, 873.84092, -1.59082,  3.22776, 11.32678
-5.62623,  0.44491, 876.90300, -1.59082,  2.76665, 11.32678
-4.92295,  0.44491, 873.84092, -1.59082,  2.30554, 11.32678
-4.92295,  1.15676, 873.84092, -1.59082,  1.38332, 11.32678
-4.92295,  1.15676, 873.84092, -1.59082,  0.92222, 11.32678
-3.51640,  0.44491, 873.84092, -2.12110,  0.46111, 11.55618
-3.51640, -0.26694, 876.90300, -2.12110,  0.46111, 11.55618
-3.51640, -0.26694, 876.90300, -1.59082,  0.46111, 11.55618
-3.51640, -0.26694, 873.84092, -2.12110,  0.00000, 11.55618
-4.21968, -0.26694, 876.90300, -2.12110,  0.00000, 11.55618
-4.21968, -0.97879, 876.90300, -2.65137,  0.46111, 11.55618
-4.92295, -0.97879, 876.90300, -2.12110,  0.46111, 11.55618
-4.92295, -0.97879, 876.90300, -2.12110,  0.46111, 11.55618
-4.92295, -0.97879, 876.90300, -2.12110,  0.92222, 11.55618
-5.62623, -0.97879, 876.90300, -2.65137,  0.92222, 11.78559
-5.62623, -0.26694, 876.90300, -2.65137,  0.92222, 11.78559
-5.62623, -0.97879, 873.84092, -2.65137,  1.38332, 11.78559
-6.32951, -0.97879, 876.90300, -3.18165,  1.38332, 11.78559
-6.32951, -0.97879, 876.90300, -2.65137,  1.84443, 11.78559
-6.32951, -0.26694, 876.90300, -2.65137,  1.84443, 11.78559
-6.32951, -0.26694, 870.77884, -2.65137,  1.84443, 11.55618
-6.32951, -0.97879, 873.84092, -2.65137,  1.84443, 11.78559
-6.32951, -0.97879, 876.90300, -3.18165,  2.30554, 11.78559
-6.32951, -1.69064, 876.90300, -2.65137,  2.30554, 11.78559
-6.32951, -1.69064, 876.90300, -2.65137,  1.84443, 11.55618
-5.62623, -1.69064, 876.90300, -2.65137,  2.76665, 11.55618
-6.32951, -1.69064, 876.90300, -2.12110,  2.76665, 11.55618
-5.62623, -0.97879, 876.90300, -2.12110,  3.22776, 11.32678
-5.62623, -0.97879, 876.90300, -2.65137,  3.22776, 11.32678
-6.32951, -0.97879, 876.90300, -2.12110,  3.68886, 11.32678
-5.62623, -0.97879, 876.90300, -2.12110,  4.14997, 11.32678
-7.03279, -0.26694, 876.90300, -1.59082,  4.61108, 11.32678
-7.73607,  0.44491, 873.84092, -1.59082,  5.07219, 11.32678
-7.73607,  0.44491, 876.90300, -1.59082,  5.07219, 11.32678
-7.73607,  0.44491, 876.90300, -1.59082,  5.53330, 11.32678
-8.43935,  0.44491, 873.84092, -1.06055,  5.53330, 11.32678
-7.73607, -0.26694, 876.90300, -1.59082,  5.99440, 11.32678
-7.73607, -0.26694, 876.90300, -1.59082,  5.53330, 11.32678
-7.73607, -0.26694, 876.90300, -1.59082,  5.07219, 11.55618
-7.73607, -0.26694, 876.90300, -1.59082,  5.07219, 11.32678
-7.03279, -0.97879, 879.96508, -1.59082,  5.07219, 11.32678
-7.73607, -0.97879, 876.90300, -1.59082,  5.07219, 11.55618
-7.03279, -0.97879, 876.90300, -2.12110,  5.07219, 11.55618
-7.73607, -0.26694, 876.90300, -2.12110,  5.07219, 11.78559
-7.03279, -0.97879, 876.90300, -2.12110,  4.61108, 11.55618
-7.03279, -0.26694, 876.90300, -2.12110,  4.61108, 11.55618
-7.03279, -0.97879, 876.90300, -2.65137,  4.61108, 11.55618
-7.03279, -1.69064, 873.84092, -2.65137,  4.14997, 11.55618
-7.03279, -0.97879, 876.90300, -2.65137,  4.61108, 11.55618
-6.32951, -1.69064, 876.90300, -3.18165,  4.14997, 11.55618
-7.03279, -1.69064, 876.90300, -3.18165,  4.61108, 11.55618
-7.03279, -1.69064, 876.90300, -3.18165,  4.61108, 11.55618
-7.03279, -0.97879, 876.90300, -3.18165,  4.61108, 11.55618
-7.03279, -1.69064, 876.90300, -3.71192,  5.07219, 11.55618
-7.73607, -1.69064, 876.90300, -3.71192,  4.61108, 11.55618
-7.73607, -1.69064, 879.96508, -3.71192,  5.07219, 11.55618
-7.73607, -1.69064, 879.96508, -4.24219,  4.61108, 11.55618
-7.03279, -2.40249, 879.96508, -4.24219,  4.61108, 11.32678
-7.03279, -1.69064, 876.90300, -4.24219,  4.14997, 11.55618
-7.03279, -1.69064, 876.90300, -3.71192,  4.14997, 11.32678
-6.32951, -1.69064, 873.84092, -4.24219,  3.68886, 11.55618
-7.03279, -1.69064, 873.84092, -3.71192,  3.68886, 11.32678
-7.03279, -1.69064, 873.84092, -3.71192,  3.22776, 11.55618
-7.03279, -2.40249, 873.84092, -3.71192,  3.22776, 11.55618
-6.32951, -2.40249, 876.90300, -3.71192,  3.22776, 11.55618
-6.32951, -2.40249, 876.90300, -3.71192,  2.76665, 11.55618
-6.32951, -2.40249, 876.90300, -4.24219,  2.76665, 11.55618
-6.32951, -1.69064, 876.90300, -3.71192,  1.84443, 11.55618
-5.62623, -2.40249, 873.84092, -3.18165,  0.92222, 11.55618
-4.21968, -2.40249, 876.90300, -3.18165,  0.92222, 11.55618
-4.21968, -2.40249, 876.90300, -3.18165,  0.46111, 11.55618
-4.21968, -2.40249, 879.96508, -3.71192,  0.92222, 11.32678
-4.21968, -1.69064, 876.90300, -2.65137,  0.92222, 11.32678
-5.62623, -1.69064, 876.90300, -2.65137,  0.92222, 11.32678
-5.62623, -0.97879, 876.90300, -2.12110,  1.38332, 11.32678
-5.62623, -0.97879, 876.90300, -2.65137,  1.84443, 11.32678
-5.62623, -0.97879, 876.90300, -2.12110,  1.84443, 11.32678
-6.32951, -0.97879, 876.90300, -1.59082,  1.84443, 11.55618
-6.32951, -0.97879, 876.90300, -1.59082,  1.84443, 11.55618
-7.03279, -0.26694, 879.96508, -1.59082,  2.30554, 11.55618
-6.32951, -0.26694, 876.90300, -1.06055,  2.30554, 11.55618
-6.32951, -0.97879, 876.90300, -1.06055,  2.30554, 11.78559
-6.32951, -0.26694, 876.90300, -0.53027,  2.30554, 11.78559
-6.32951, -0.26694, 876.90300, -0.53027,  1.84443, 11.78559
-6.32951, -0.26694, 876.90300,  0.00000,  2.30554, 11.78559
-6.32951, -0.26694, 876.90300,  0.00000,  1.84443, 11.78559
-6.32951,  0.44491, 873.84092,  0.53027,  2.30554, 12.01499
-5.62623, -0.26694, 876.90300,  0.53027,  2.30554, 11.78559
-5.62623, -0.26694, 876.90300,  1.06055,  2.30554, 11.78559
-5.62623, -0.26694, 876.90300,  0.53027,  2.30554, 12.01499
-5.62623, -0.97879, 876.90300,  0.53027,  1.84443, 11.78559
-5.62623, -0.26694, 876.90300,  0.53027,  2.30554, 11.78559
-5.62623, -0.97879, 876.90300,  0.53027,  2.76665, 11.78559
-6.32951, -0.26694, 876.90300,  1.06055,  2.76665, 11.78559
-6.32951, -0.26694, 876.90300,  0.53027,  2.76665, 11.55618
-6.32951, -0.26694, 876.90300,  0.53027,  3.22776, 11.55618
-6.32951, -0.26694, 876.90300,  1.06055,  3.22776, 11.55618
-6.32951, -0.26694, 879.96508,  0.53027,  3.68886, 11.55618
-7.03279, -0.26694, 876.90300,  0.53027,  3.68886, 11.32678
-6.32951, -0.26694, 879.96508,  0.53027,  4.14997, 11.32678
-7.03279, -0.26694, 879.96508,  0.53027,  4.61108, 11.32678
-7.03279, -0.26694, 876.90300,  0.53027,  5.07219, 11.32678
-7.73607, -0.26694, 879.96508,  0.53027,  5.07219, 11.32678
-7.73607, -0.26694, 876.90300,  0.53027,  5.53330, 11.32678
-7.73607, -0.26694, 876.90300,  0.00000,  5.99440, 11.55618
-7.73607, -0.97879, 876.90300,  0.00000,  5.99440, 11.55618
-7.73607, -0.97879, 879.96508,  0.00000,  5.99440, 11.55618
-8.43935, -0.97879, 879.96508, -0.53027,  6.45551, 11.55618
-8.43935, -0.97879, 879.96508, -0.53027,  5.99440, 11.55618
-8.43935, -0.97879, 876.90300, -0.53027,  6.45551, 11.55618
-7.73607, -0.97879, 876.90300, -0.53027,  6.45551, 11.55618
-8.43935, -0.97879, 876.90300, -0.53027,  6.45551, 11.55618
-8.43935, -0.97879, 876.90300, -0.53027,  6.45551, 11.55618
-8.43935, -0.97879, 876.90300, -0.53027,  6.45551, 11.55618
-8.43935, -0.97879, 876.90300, -0.53027,  6.45551, 11.32678
-7.73607, -0.97879, 876.90300, -1.06055,  6.45551, 11.55618
-8.43935, -1.69064, 876.90300, -1.06055,  6.45551, 11.32678
-8.43935, -1.69064, 876.90300, -1.06055,  6.45551, 11.55618
-8.43935, -0.97879, 876.90300, -1.06055,  6.45551, 11.32678
-8.43935, -1.69064, 876.90300, -1.06055,  6.45551, 11.55618
-8.43935, -1.69064, 876.90300, -1.59082,  6.45551, 11.55618
-8.43935, -1.69064, 876.90300, -1.06055,  6.45551, 11.55618
-8.43935, -1.69064, 876.90300, -1.59082,  5.99440, 11.55618
-7.73607, -2.40249, 876.90300, -1.59082,  5.99440, 11.55618
-7.73607, -1.69064, 876.90300, -1.59082,  5.53330, 11.55618
-7.03279, -2.40249, 879.96508, -2.12110,  5.53330, 11.55618
-7.03279, -1.69064, 876.90300, -1.59082,  4.61108, 11.55618
-6.32951, -2.40249, 876.90300, -2.12110,  5.07219, 11.55618
-6.32951, -2.40249, 876.90300, -2.12110,  4.61108, 11.55618
-7.03279, -1.69064, 876.90300, -1.59082,  4.61108, 11.55618
-7.03279, -1.69064, 876.90300, -1.59082,  4.14997, 11.55618
-7.03279, -1.69064, 876.90300, -1.06055,  4.61108, 11.78559
-6.32951, -2.40249, 876.90300, -1.59082,  4.61108, 11.78559
-6.32951, -2.40249, 879.96508, -1.06055,  4.14997, 11.55618
-6.32951, -3.11434, 879.96508, -1.59082,  4.61108, 11.78559
-6.32951, -3.11434, 879.96508, -1.06055,  4.61108, 11.78559
-6.32951, -2.40249, 879.96508, -1.06055,  4.14997, 11.78559
-6.32951, -1.69064, 876.90300, -1.06055,  4.14997, 12.01499
-6.32951, -1.69064, 876.90300, -0.53027,  4.61108, 11.78559
-6.32951, -1.69064, 879.96508,  0.00000,  4.14997, 11.78559
-7.03279, -0.97879, 876.90300,  0.00000,  4.14997, 11.55618
-7.03279, -0.97879, 876.90300,  0.53027,  4.61108, 11.55618
-7.03279, -0.97879, 873.84092,  0.53027,  4.61108, 11.55618
-7.03279, -1.69064, 876.90300,  0.53027,  4.14997, 11.78559
-7.03279, -1.69064, 876.90300,  0.00000,  4.61108, 11.78559
-7.03279, -0.97879, 879.96508,  0.53027,  4.61108, 11.55618
-7.03279, -1.69064, 879.96508,  0.53027,  4.61108, 11.78559
-7.03279, -0.97879, 879.96508,  1.06055,  4.61108, 11.78559
-7.03279, -0.97879, 879.96508,  1.06055,  4.61108, 11.55618
-7.03279, -0.26694, 879.96508,  1.59082,  4.61108, 11.78559
-7.03279, -0.26694, 879.96508,  1.59082,  4.61108, 11.78559
-7.03279, -0.26694, 876.90300,  1.59082,  4.61108, 11.78559
-7.73607, -0.26694, 879.96508,  2.12110,  4.14997, 11.78559
-7.03279, -0.26694, 879.96508,  1.59082,  4.61108, 11.55618
-7.73607, -0.26694, 876.90300,  2.12110,  4.14997, 11.55618
-7.03279, -0.26694, 876.90300,  2.12110,  4.14997, 11.55618
-7.03279, -0.26694, 879.96508,  2.12110,  4.14997, 11.55618
-7.03279, -0.26694, 876.90300,  2.12110,  3.68886, 11.55618
-7.03279,  0.44491, 876.90300,  2.12110,  3.68886, 11.55618
-7.03279, -0.26694, 879.96508,  2.12110,  3.68886, 11.55618
-7.03279, -0.26694, 879.96508,  2.12110,  3.22776, 11.55618
-6.32951,  0.44491, 879.96508,  2.12110,  3.22776, 11.55618
-6.32951,  0.44491, 876.90300,  2.12110,  2.76665, 11.55618
-5.62623,  0.44491, 879.96508,  2.12110,  2.76665, 11.55618
-6.32951,  0.44491, 876.90300,  2.12110,  2.76665, 11.78559
-5.62623, -0.26694, 879.96508,  2.12110,  2.76665, 11.55618
-6.32951, -0.26694, 879.96508,  1.59082,  2.76665, 11.55618
-6.32951, -0.26694, 879.96508,  1.59082,  2.76665, 11.78559
-5.62623, -0.26694, 879.96508,  1.59082,  2.76665, 11.55618
-6.32951, -0.26694, 879.96508,  1.06055,  2.76665, 11.55618
-5.62623, -0.97879, 879.96508,  1.06055,  2.76665, 11.55618
-5.62623, -0.97879, 879.96508,  0.53027,  2.30554, 11.55618
-5.62623, -0.97879, 879.96508,  1.06055,  2.76665, 11.78559
-5.62623, -0.97879, 879.96508,  0.53027,  2.76665, 11.55618
-5.62623, -1.69064, 879.96508,  0.53027,  2.76665, 11.55618
-5.62623, -0.97879, 879.96508,  0.53027,  2.30554, 11.55618
-5.62623, -1.69064, 879.96508,  0.53027,  2.30554, 11.78559
-5.62623, -0.97879, 879.96508,  0.53027,  2.76665, 11.78559
-5.62623, -1.69064, 883.02716,  0.00000,  2.30554, 11.55618
-5.62623, -0.97879, 879.96508, -0.53027,  2.30554, 11.78559
-5.62623, -1.69064, 876.90300,  0.00000,  2.30554, 11.78559
-6.32951, -0.97879, 876.90300, -0.53027,  2.30554, 11.55618
-6.32951, -1.69064, 876.90300, -0.53027,  2.30554, 11.78559
-6.32951, -1.69064, 876.90300,  0.00000,  2.30554, 11.78559
-5.62623, -2.40249, 879.96508, -0.53027,  1.84443, 11.78559
-5.62623, -2.40249, 879.96508, -0.53027,  2.30554, 11.78559
-5.62623, -2.40249, 879.96508, -1.06055,  2.30554, 11.78559
-6.32951, -2.40249, 879.96508, -1.06055,  2.30554, 11.55618
-6.32951, -1.69064, 879.96508, -0.53027,  2.30554, 11.78559
-6.32951, -1.69064, 879.96508, -1.06055,  2.76665, 11.78559
-6.32951, -1.69064, 879.96508, -0.53027,  2.76665, 11.78559
-5.62623, -1.69064, 879.96508, -0.53027,  2.76665, 11.78559
-5.62623, -0.97879, 879.96508, -0.53027,  2.76665, 11.55618
-6.32951, -1.69064, 883.02716, -0.53027,  2.76665, 11.78559
-6.32951, -0.97879, 879.96508,  0.00000,  2.76665, 11.55618
-6.32951, -0.26694, 879.96508,  0.00000,  3.22776, 11.55618
-6.32951, -0.97879, 876.90300,  0.00000,  2.76665, 11.55618
-5.62623, -0.97879, 876.90300,  0.00000,  2.76665, 11.55618
-6.32951, -1.69064, 876.90300,  0.53027,  2.76665, 11.55618
-6.32951, -1.69064, 879.96508,  0.53027,  2.76665, 11.55618
-6.32951, -1.69064, 879.96508,  0.00000,  2.76665, 11.55618
-6.32951, -1.69064, 879.96508,  0.00000,  2.76665, 11.55618
-6.32951, -1.69064, 879.96508,  0.00000,  2.76665, 11.55618
-6.32951, -1.69064, 879.96508,  0.00000,  2.76665, 11.55618
-6.32951, -1.69064, 879.96508,  0.00000,  2.76665, 11.55618
-6.32951, -0.97879, 879.96508,  0.00000,  2.76665, 11.55618
-6.32951, -1.69064, 879.96508,  0.00000,  2.76665, 11.55618
-6.32951, -1.69064, 879.96508, -0.53027,  2.76665, 11.78559
-6.32951, -2.40249, 876.90300,  0.00000,  2.76665, 11.55618
-6.32951, -1.69064, 879.96508,  0.00000,  2.30554, 11.55618
-6.32951, -1.69064, 879.96508, -0.53027,  2.76665, 11.55618
-6.32951, -2.40249, 879.96508, -0.53027,  2.30554, 11.55618
-6.32951, -0.97879, 879.96508, -0.53027,  2.30554, 11.55618
-6.32951, -1.69064, 876.90300,  0.00000,  2.30554, 11.55618
-6.32951, -1.69064, 879.96508,  0.00000,  2.30554, 11.78559
-6.32951, -1.69064, 876.90300,  0.00000,  2.30554, 11.78559
-6.32951, -1.69064, 879.96508,  0.00000,  2.30554, 11.55618
-6.32951, -0.97879, 879.96508,  0.53027,  2.30554, 11.78559
-6.32951, -0.97879, 883.02716, -0.53027,  2.30554, 11.78559
-7.03279, -1.69064, 879.96508,  0.53027,  2.30554, 11.78559
-6.32951, -1.69064, 879.96508,  0.00000,  1.84443, 11.78559
-6.32951, -0.97879, 879.96508,  0.00000,  2.30554, 11.78559
-6.32951, -0.97879, 879.96508,  0.53027,  1.84443, 11.78559
-6.32951, -0.26694, 876.90300,  0.53027,  1.84443, 11.55618
-6.32951, -0.97879, 876.90300,  0.53027,  1.84443, 11.55618
-6.32951, -0.97879, 879.96508,  0.53027,  2.30554, 11.78559
-6.32951, -0.97879, 879.96508,  0.00000,  2.30554, 11.78559
-6.32951, -1.69064, 879.96508,  0.00000,  2.30554, 11.78559
-6.32951, -1.69064, 879.96508,  0.00000,  2.76665, 11.78559
-6.32951, -1.69064, 879.96508,  0.00000,  2.30554, 11.78559
-6.32951, -0.97879, 879.96508,  0.00000,  2.76665, 11.55618
-6.32951, -1.69064, 879.96508,  0.00000,  2.76665, 11.55618
-6.32951, -0.97879, 879.96508,  0.00000,  3.22776, 11.55618
-7.03279, -0.97879, 879.96508,  0.53027,  3.22776, 11.55618
-7.03279, -0.97879, 879.96508,  0.00000,  3.22776, 11.55618
-7.03279, -0.26694, 879.96508,  0.00000,  3.22776, 11.55618
-7.03279, -0.97879, 879.96508,  0.00000,  3.22776, 11.55618
-7.03279, -0.97879, 879.96508,  0.00000,  3.22776, 11.78559
-7.03279, -0.97879, 879.96508,  0.00000,  3.22776, 11.55618
-7.03279, -0.97879, 879.96508,  0.00000,  3.22776, 11.55618
-7.73607, -0.97879, 879.96508,  0.00000,  2.76665, 11.55618
-7.03279, -0.97879, 876.90300,  0.00000,  3.22776, 11.55618
-7.03279, -1.69064, 876.90300,  0.00000,  2.76665, 11.55618
-6.32951, -0.97879, 879.96508, -0.53027,  2.76665, 11.78559
-7.03279, -1.69064, 879.96508,  0.00000,  3.22776, 11.55618
-7.73607, -1.69064, 879.96508,  0.00000,  2.76665, 11.55618
-7.03279, -0.97879, 876.90300, -0.53027,  2.76665, 11.78559
-6.32951, -1.69064, 879.96508,  0.00000,  2.76665, 11.55618
-7.03279, -0.97879, 876.90300,  0.00000,  2.76665, 11.55618
-6.32951, -1.69064, 876.90300,  0.00000,  2.76665, 11.78559
-7.03279, -1.69064, 876.90300,  0.00000,  2.76665, 11.78559
-6.32951, -2.40249, 876.90300, -0.53027,  2.76665, 11.78559
-7.03279, -2.40249, 876.90300, -0.53027,  2.76665, 11.78559
-7.03279, -2.40249, 879.96508, -0.53027,  2.76665, 11.78559
-7.03279, -2.40249, 879.96508, -0.53027,  2.76665, 11.55618
-7.03279, -2.40249, 879.96508, -0.53027,  2.76665, 11.78559
-6.32951, -2.40249, 879.96508, -0.53027,  2.30554, 11.55618
-6.32951, -2.40249, 879.96508, -0.53027,  2.76665, 11.55618
-7.03279, -1.69064, 876.90300,  0.00000,  2.30554, 11.78559
-7.03279, -1.69064, 876.90300,  0.00000,  2.76665, 11.55618
-7.03279, -1.69064, 876.90300,  0.00000,  2.30554, 11.55618
-7.03279, -1.69064, 876.90300,  0.00000,  2.30554, 11.78559
-7.03279, -1.69064, 879.96508,  0.00000,  2.30554, 11.78559
-6.32951, -1.69064, 879.96508,  0.00000,  2.30554, 11.55618
-6.32951, -2.40249, 879.96508,  0.00000,  2.30554, 11.78559
-6.32951, -1.69064, 879.96508,  0.00000,  2.30554, 11.55618
-7.03279, -1.69064, 876.90300,  0.53027,  2.30554, 11.55618
-6.32951, -2.40249, 876.90300,  0.53027,  2.30554, 11.55618
-7.03279, -1.69064, 876.90300,  0.53027,  2.30554, 11.78559
-6.32951, -2.40249, 876.90300,  0.00000,  1.84443, 11.55618
-6.32951, -2.40249, 876.90300,  0.53027,  2.30554, 11.55618
-7.03279, -2.40249, 879.96508,  0.53027,  2.30554, 11.78559
-7.03279, -1.69064, 879.96508,  0.53027,  2.30554, 11.78559
-7.03279, -2.40249, 876.90300,  0.53027,  2.30554, 11.78559
-7.73607, -2.40249, 879.96508,  1.06055,  2.30554, 11.78559
-7.03279, -2.40249, 879.96508,  0.53027,  2.76665, 11.78559
-7.03279, -1.69064, 879.96508,  1.06055,  2.30554, 11.55618
-7.03279, -0.97879, 879.96508,  1.06055,  2.76665, 11.78559
-7.03279, -0.97879, 879.96508,  1.06055,  2.76665, 11.78559
-7.03279, -0.97879, 879.96508,  1.59082,  2.76665, 11.55618
-7.03279, -0.26694, 876.90300,  2.12110,  2.76665, 11.78559
-7.03279, -0.97879, 876.90300,  2.12110,  2.76665, 11.55618
-7.03279, -0.97879, 879.96508,  2.12110,  2.76665, 11.55618
-7.03279, -0.97879, 879.96508,  3.18165,  2.76665, 11.78559
-7.73607, -0.97879, 879.96508,  2.65137,  2.76665, 11.78559
-7.73607, -0.26694, 879.96508,  2.65137,  3.22776, 11.55618
-7.03279, -0.26694, 879.96508,  3.71192,  2.76665, 11.55618
-7.03279,  0.44491, 879.96508,  4.24219,  3.22776, 11.78559
-7.73607, -0.26694, 876.90300,  4.24219,  2.76665, 11.55618
-7.73607,  0.44491, 879.96508,  4.24219,  2.76665, 11.78559
-7.73607,  0.44491, 883.02716,  4.24219,  2.30554, 11.55618
-7.03279, -0.26694, 879.96508,  4.77247,  1.84443, 11.55618
-7.03279,  0.44491, 879.96508,  4.77247,  2.30554, 11.55618
-7.03279,  0.44491, 879.96508,  5.30274,  2.30554, 11.78559
-6.32951,  1.15676, 879.96508,  5.30274,  1.84443, 11.78559
-6.32951,  1.15676, 876.90300,  4.77247,  1.84443, 11.78559
-6.32951,  0.44491, 876.90300,  4.77247,  1.38332, 11.78559
-6.32951,  1.15676, 876.90300,  4.77247,  1.38332, 11.55618
-6.32951,  0.44491, 876.90300,  4.77247,  1.84443, 11.78559
-6.32951,  0.44491, 876.90300,  4.77247,  1.38332, 11.55618
-6.32951, -0.26694, 879.96508,  4.24219,  1.38332, 11.55618
-5.62623, -0.97879, 876.90300,  4.24219,  1.38332, 11.55618
-5.62623, -0.97879, 876.90300,  3.71192,  1.38332, 11.55618
-5.62623, -1.69064, 879.96508,  3.18165,  0.92222, 11.55618
-6.32951, -1.69064, 879.96508,  3.71192,  0.92222, 11.55618
-6.32951, -1.69064, 876.90300,  3.18165,  0.92222, 11.55618
-5.62623, -1.69064, 879.96508,  3.18165,  0.92222, 11.55618
-5.62623, -1.69064, 879.96508,  3.18165,  1.38332, 11.55618
-6.32951, -1.69064, 879.96508,  2.12110,  1.38332, 11.32678
-6.32951, -1.69064, 879.96508,  2.65137,  1.38332, 11.55618
-6.32951, -0.97879, 876.90300,  2.65137,  0.92222, 11.55618
-6.32951, -0.97879, 876.90300,  2.65137,  1.38332, 11.55618
-5.62623, -1.69064, 873.84092,  2.65137,  0.92222, 11.55618
-6.32951, -1.69064, 876.90300,  2.65137,  1.38332, 11.55618
-6.32951, -1.69064, 879.96508,  2.65137,  1.38332, 11.78559
-6.32951, -2.40249, 879.96508,  2.65137,  1.38332, 11.78559
-6.32951, -1.69064, 879.96508,  2.12110,  1.38332, 11.55618
-6.32951, -1.69064, 879.96508,  2.65137,  1.84443, 11.55618
-6.32951, -0.97879, 879.96508,  2.65137,  1.38332, 11.78559
-5.62623, -0.97879, 876.90300,  2.65137,  1.38332, 11.78559
-6.32951, -0.97879, 876.90300,  2.12110,  1.38332, 11.78559
-5.62623, -0.26694, 876.90300,  2.65137,  1.84443, 11.78559
-6.32951, -0.97879, 876.90300,  2.65137,  1.84443, 11.78559
-6.32951, -0.26694, 879.96508,  2.65137,  1.84443, 11.78559
-6.32951, -0.26694, 876.90300,  2.65137,  2.30554, 11.78559
-6.32951, -0.97879, 879.96508,  2.65137,  1.84443, 11.78559
-7.03279, -0.97879, 876.90300,  2.12110,  2.30554, 11.78559
-6.32951, -0.97879, 879.96508,  2.12110,  2.76665, 11.78559
-6.32951, -0.97879, 879.96508,  1.59082,  2.76665, 11.78559
-6.32951, -0.97879, 876.90300,  2.12110,  2.76665, 11.55618
-6.32951, -0.97879, 879.96508,  2.12110,  2.76665, 11.55618
-6.32951, -0.97879, 879.96508,  2.12110,  3.22776, 11.78559
-7.03279, -0.97879, 876.90300,  2.12110,  3.68886, 11.55618
-7.03279, -0.97879, 879.96508,  2.12110,  3.68886, 11.55618
-7.03279, -0.97879, 879.96508,  1.59082,  4.14997, 11.78559
-7.73607, -0.97879, 876.90300,  1.59082,  4.14997, 11.55618
-8.43935, -1.69064, 879.96508,  1.59082,  5.07219, 11.55618
-8.43935, -0.97879, 876.90300,  1.59082,  5.07219, 11.78559
-8.43935, -1.69064, 876.90300,  1.59082,  5.07219, 11.55618
-8.43935, -0.97879, 879.96508,  1.59082,  5.53330, 11.78559
-8.43935, -1.69064, 879.96508,  1.06055,  5.53330, 11.78559
-7.73607, -1.69064, 879.96508,  1.59082,  5.53330, 11.78559
-7.73607, -1.69064, 876.90300,  1.06055,  5.07219, 11.55618
-8.43935, -1.69064, 876.90300,  1.59082,  5.07219, 11.55618
-7.73607, -0.97879, 876.90300,  1.06055,  5.07219, 11.55618
-7.73607, -0.97879, 879.96508,  1.59082,  5.07219, 11.78559
-7.73607, -0.97879, 879.96508,  1.06055,  5.07219, 11.55618
-8.43935, -1.69064, 879.96508,  1.06055,  5.53330, 11.55618
-7.73607, -0.97879, 879.96508,  0.53027,  5.07219, 11.55618
-8.43935, -0.97879, 879.96508,  0.53027,  5.07219, 11.55618
-7.73607, -1.69064, 876.90300,  0.53027,  5.07219, 11.55618
-7.73607, -1.69064, 876.90300,  0.00000,  5.07219, 11.55618
-8.43935, -1.69064, 876.90300,  0.53027,  4.61108, 11.32678
-7.73607, -1.69064, 876.90300,  0.53027,  5.07219, 11.32678
-7.73607, -1.69064, 876.90300,  0.00000,  5.07219, 11.55618
-7.73607, -2.40249, 876.90300,  0.00000,  5.07219, 11.78559
-8.43935, -2.40249, 879.96508,  0.00000,  5.07219, 11.55618
-7.73607, -2.40249, 879.96508,  0.53027,  4.61108, 11.78559
-7.03279, -3.11434, 876.90300,  0.00000,  4.61108, 11.78559
-7.03279, -2.40249, 879.96508,  0.00000,  4.61108, 11.55618
-7.73607, -1.69064, 879.96508,  0.00000,  4.61108, 11.55618
-7.73607, -1.69064, 876.90300,  0.53027,  4.14997, 11.78559
-7.03279, -1.69064, 879.96508,  0.00000,  4.14997, 11.55618
-7.73607, -1.69064, 876.90300, -0.53027,  4.14997, 11.55618
-7.73607, -1.69064, 876.90300,  0.00000,  4.14997, 11.55618
-7.03279, -1.69064, 876.90300, -0.53027,  3.68886, 11.55618
-6.32951, -0.97879, 876.90300,  0.00000,  3.68886, 11.55618
-7.03279, -1.69064, 876.90300,  0.00000,  3.68886, 11.55618
-7.03279, -1.69064, 876.90300, -0.53027,  4.14997, 11.55618
-7.03279, -1.69064, 876.90300, -0.53027,  3.68886, 11.55618
-6.32951, -2.40249, 879.96508, -0.53027,  3.68886, 11.32678
-7.03279, -1.69064, 879.96508, -0.53027,  3.68886, 11.55618
-7.03279, -1.69064, 879.96508, -0.53027,  3.68886, 11.55618
-7.03279, -1.69064, 876.90300, -0.53027,  3.68886, 11.55618
-7.03279, -1.69064, 876.90300,  0.00000,  3.68886, 11.55618
-7.03279, -1.69064, 876.90300,  0.00000,  4.14997, 11.55618
-7.03279, -1.69064, 876.90300,  0.00000,  4.14997, 11.55618
-7.73607, -1.69064, 876.90300,  0.00000,  4.14997, 11.55618
-7.73607, -1.69064, 876.90300,  0.00000,  4.14997, 11.78559
-7.73607, -1.69064, 876.90300,  0.00000,  4.14997, 11.55618
-8.43935, -1.69064, 876.90300,  0.53027,  4.14997, 11.78559
-7.73607, -1.69064, 876.90300,  0.00000,  4.14997, 11.78559
-7.73607, -1.69064, 876.90300,  0.00000,  3.68886, 11.78559
-7.73607, -0.97879, 879.96508,  0.53027,  3.68886, 11.78559
-7.73607, -1.69064, 876.90300,  0.00000,  3.68886, 11.78559
-7.73607, -1.69064, 879.96508,  0.53027,  3.68886, 11.78559
-7.73607, -0.97879, 879.96508,  0.53027,  3.22776, 11.78559
-7.73607, -0.97879, 876.90300,  0.53027,  3.22776, 11.55618
-8.43935, -0.97879, 879.96508,  1.06055,  3.22776, 11.78559
-7.73607, -1.69064, 876.90300,  1.06055,  3.22776, 11.78559
-7.73607, -1.69064, 876.90300,  1.06055,  2.76665, 11.78559
-7.03279, -1.69064, 876.90300,  1.06055,  2.30554, 11.78559
-7.73607, -0.97879, 876.90300,  1.06055,  2.30554, 11.55618
-7.03279, -0.97879, 876.90300,  0.53027,  1.84443, 11.78559
-7.03279, -1.69064, 876.90300,  1.06055,  1.84443, 11.55618
-7.03279, -1.69064, 876.90300,  1.06055,  1.84443, 11.55618
-6.32951, -2.40249, 876.90300,  0.53027,  1.38332, 11.55618
-7.03279, -1.69064, 879.96508,  0.53027,  1.38332, 11.55618
-6.32951, -2.40249, 876.90300,  0.53027,  1.38332, 11.55618
-6.32951, -1.69064, 879.96508,  0.53027,  0.92222, 11.55618
-6.32951, -2.40249, 879.96508,  0.53027,  0.92222, 11.32678
-6.32951, -1.69064, 876.90300,  1.06055,  0.92222, 11.55618
-6.32951, -2.40249, 876.90300,  0.53027,  0.46111, 11.55618
-6.32951, -2.40249, 876.90300,  1.06055,  0.46111, 11.55618
-5.62623, -1.69064, 879.96508,  1.59082,  0.46111, 11.55618
-6.32951, -1.69064, 876.90300,  1.06055,  0.46111, 11.78559
-6.32951, -1.69064, 879.96508,  1.59082,  0.46111, 11.55618
-6.32951, -0.97879, 876.90300,  2.12110,  0.46111, 11.55618
-6.32951, -0.97879, 876.90300,  2.12110,  0.46111, 11.55618
-5.62623, -1.69064, 876.90300,  2.12110,  0.46111, 11.55618
-6.32951, -1.69064, 876.90300,  2.12110,  0.46111, 11.55618
-6.32951, -1.69064, 879.96508,  2.65137,  0.46111, 11.55618
-6.32951, -0.97879, 879.96508,  2.12110,  0.46111, 11.55618
-5.62623, -0.97879, 876.90300,  2.65137,  0.92222, 11.55618
-6.32951, -0.97879, 876.90300,  2.65137,  0.46111, 11.55618
-6.32951, -0.26694, 876.90300,  3.18165,  0.00000, 11.78559
-6.32951, -0.97879, 876.90300,  3.18165,  0.46111, 11.78559
-6.32951, -0.26694, 879.96508,  3.18165,  0.46111, 11.78559
-6.32951, -0.97879, 879.96508,  3.71192,  0.00000, 11.78559
-5.62623, -0.26694, 876.90300,  3.71192,  0.00000, 11.78559
-6.32951, -0.26694, 879.96508,  3.71192,  0.46111, 11.78559
-5.62623, -0.26694, 873.84092,  3.71192,  0.00000, 11.78559
-6.32951, -0.26694, 879.96508,  4.24219,  0.00000, 11.78559
-6.32951,  0.44491, 879.96508,  4.24219,  0.00000, 11.78559
-6.32951, -0.26694, 879.96508,  4.24219,  0.00000, 11.78559
-6.32951, -0.26694, 876.90300,  4.24219,  0.00000, 11.55618
-6.32951, -0.97879, 879.96508,  4.24219,  0.00000, 11.78559
-6.32951, -0.26694, 876.90300,  3.71192,  0.00000, 11.78559
-6.32951, -0.26694, 876.90300,  4.24219,  0.00000, 11.78559
-6.32951, -0.26694, 876.90300,  4.24219,  0.46111, 11.55618
-6.32951, -0.26694, 876.90300,  4.24219,  0.00000, 11.55618
-6.32951, -0.97879, 876.90300,  4.24219,  0.00000, 11.55618
-6.32951, -0.97879, 879.96508,  3.71192,  0.00000, 11.55618
-6.32951, -0.26694, 876.90300,  4.24219,  0.00000, 11.55618
-6.32951, -0.97879, 876.90300,  4.24219,  0.46111, 11.55618
-6.32951, -0.26694, 876.90300,  4.24219,  0.00000, 11.55618
-6.32951, -0.26694, 876.90300,  4.24219,  0.00000, 11.78559
-6.32951, -0.97879, 879.96508,  4.24219,  0.46111, 11.55618
-6.32951, -0.26694, 876.90300,  3.71192,  0.46111, 11.55618
-6.32951, -0.97879, 876.90300,  4.24219,  0.46111, 11.78559
-6.32951, -0.97879, 876.90300,  4.24219,  0.46111, 11.55618
-7.03279, -0.97879, 879.96508,  4.24219,  0.46111, 11.55618
-6.32951, -0.26694, 876.90300,  4.24219,  0.46111, 11.55618
-7.03279, -0.26694, 879.96508,  3.71192,  0.92222, 11.55618
-7.03279, -0.97879, 876.90300,  4.24219,  0.46111, 11.78559
-7.03279, -0.26694, 876.90300,  3.71192,  0.92222, 11.55618
-7.03279, -0.97879, 876.90300,  3.71192,  0.92222, 11.55618
-7.03279, -0.97879, 879.96508,  3.71192,  1.38332, 11.32678
-7.03279, -0.97879, 876.90300,  3.18165,  1.38332, 11.55618
-7.73607, -0.97879, 879.96508,  3.18165,  1.38332, 11.55618
-7.03279, -1.69064, 876.90300,  3.18165,  1.38332, 11.55618
-7.73607, -1.69064, 876.90300,  3.18165,  1.38332, 11.78559
-7.73607, -1.69064, 876.90300,  2.65137,  1.38332, 11.55618
-7.73607, -1.69064, 876.90300,  2.65137,  1.38332, 11.78559
-7.73607, -0.97879, 876.90300,  3.18165,  1.38332, 11.55618
-7.73607, -0.97879, 873.84092,  2.65137,  1.38332, 11.55618
-7.73607, -1.69064, 876.90300,  3.18165,  0.92222, 11.78559
-7.73607, -1.69064, 876.90300,  2.65137,  0.92222, 11.55618
-7.73607, -1.69064, 876.90300,  3.18165,  1.38332, 11.78559
-7.73607, -1.69064, 876.90300,  2.65137,  1.38332, 11.78559
-7.73607, -1.69064, 876.90300,  2.65137,  0.92222, 11.78559
-7.03279, -1.69064, 876.90300,  2.65137,  0.92222, 11.78559
-7.73607, -1.69064, 876.90300,  2.65137,  0.92222, 11.78559
-7.73607, -0.97879, 876.90300,  3.18165,  1.38332, 11.78559
-7.73607, -0.97879, 876.90300,  3.18165,  1.38332, 11.78559
-7.73607, -1.69064, 876.90300,  2.65137,  1.38332, 11.78559
-7.73607, -1.69064, 876.90300,  2.65137,  0.92222, 11.78559
-8.43935, -1.69064, 876.90300,  2.65137,  0.92222, 11.55618
-7.73607, -1.69064, 876.90300,  2.12110,  0.92222, 11.78559
-7.73607, -1.69064, 876.90300,  2.12110,  0.92222, 11.55618
-7.03279, -1.69064, 876.90300,  2.12110,  0.92222, 11.78559
-7.73607, -1.69064, 876.90300,  2.65137,  0.92222, 11.78559
-7.73607, -1.69064, 879.96508,  3.18165,  0.46111, 11.55618
-7.73607, -1.69064, 876.90300,  2.65137,  0.46111, 11.55618
-7.03279, -1.69064, 876.90300,  3.18165,  0.46111, 11.55618
-7.73607, -0.97879, 876.90300,  2.65137,  0.46111, 11.55618
-7.03279, -1.69064, 873.84092,  2.65137,  0.46111, 11.55618
-7.03279, -1.69064, 873.84092,  3.18165,  0.00000, 11.78559
-7.03279, -0.97879, 876.90300,  3.18165,  0.00000, 11.55618
-6.32951, -0.97879, 876.90300,  3.18165,  0.00000, 11.78559
-7.03279, -1.69064, 876.90300,  3.18165,  0.00000, 11.55618
-7.03279, -1.69064, 876.90300,  3.71192,  0.00000, 11.55618
-7.03279, -1.69064, 876.90300,  3.71192, -0.46111, 11.55618
-7.03279, -1.69064, 873.84092,  3.18165,  0.00000, 11.78559
-7.03279, -0.97879, 876.90300,  3.71192, -0.46111, 11.78559
-7.03279, -0.97879, 876.90300,  3.71192,  0.00000, 11.78559
-7.03279, -0.97879, 876.90300,  3.71192, -0.46111, 11.78559
-7.03279, -0.97879, 876.90300,  3.71192, -0.46111, 11.55618
-7.03279, -0.97879, 876.90300,  3.71192,  0.00000, 11.55618
-7.03279, -0.97879, 876.90300,  3.71192,  0.00000, 11.78559
-7.03279, -0.97879, 873.84092,  3.71192,  0.46111, 11.78559
-7.73607, -0.97879, 876.90300,  3.71192,  0.00000, 11.78559
-7.03279, -0.97879, 876.90300,  3.71192,  0.00000, 11.78559
-7.03279, -0.97879, 876.90300,  3.71192,  0.00000, 11.55618
-7.03279, -0.97879, 879.96508,  3.71192,  0.00000, 11.78559
-7.03279, -0.97879, 876.90300,  3.71192,  0.00000, 11.55618
-7.03279, -0.97879, 873.84092,  4.24219,  0.00000, 11.55618
-7.73607, -0.97879, 876.90300,  4.24219,  0.00000, 11.78559
-7.03279, -0.97879, 876.90300,  4.24219,  0.00000, 11.55618
-7.03279, -0.97879, 876.90300,  4.24219,  0.46111, 11.78559
-7.73607, -0.26694, 876.90300,  4.77247,  0.46111, 11.55618
-7.03279, -0.97879, 876.90300,  4.24219,  0.46111, 11.78559
-7.03279, -0.97879, 876.90300,  4.24219,  0.46111, 11.55618
-7.03279, -0.97879, 876.90300,  3.71192,  0.46111, 11.55618
-7.03279, -0.97879, 876.90300,  4.24219,  0.46111, 11.78559
-7.03279, -0.97879, 876.90300,  4.24219,  0.46111, 11.78559
-7.03279, -0.97879, 876.90300,  3.71192,  0.46111, 11.78559
-7.03279, -0.97879, 876.90300,  3.71192,  0.46111, 11.78559
-7.03279, -1.69064, 876.90300,  4.24219,  0.46111, 11.78559
-7.03279, -0.97879, 876.90300,  4.24219,  0.92222, 11.55618
-7.03279, -0.97879, 876.90300,  4.77247,  0.92222, 11.55618
-7.73607, -1.69064, 876.90300,  3.71192,  0.92222, 11.78559
-7.73607, -0.97879, 876.90300,  4.24219,  0.92222, 11.78559
-7.73607, -0.97879, 876.90300,  3.71192,  1.38332, 11.78559
-7.03279, -0.97879, 876.90300,  3.71192,  0.92222, 11.78559
-7.03279, -0.97879, 879.96508,  4.24219,  0.92222, 11.78559
-7.73607, -0.97879, 879.96508,  4.24219,  0.92222, 11.78559
-7.73607, -0.97879, 876.90300,  4.24219,  1.38332, 11.55618
-7.03279, -0.97879, 876.90300,  3.71192,  1.38332, 11.55618
-7.73607, -0.97879, 876.90300,  3.71192,  1.38332, 11.78559
-7.03279, -0.97879, 876.90300,  3.71192,  1.84443, 11.78559
-7.73607, -1.69064, 876.90300,  4.24219,  1.84443, 11.78559
-7.03279, -0.97879, 876.90300,  4.24219,  1.84443, 11.78559
-7.73607, -1.69064, 876.90300,  4.24219,  2.30554, 11.78559
-7.73607, -0.97879, 879.96508,  3.71192,  1.84443, 11.78559
-7.73607, -1.69064, 876.90300,  3.71192,  1.84443, 11.78559
-7.03279, -1.69064, 876.90300,  3.71192,  1.84443, 11.55618
-7.03279, -1.69064, 876.90300,  4.24219,  1.84443, 11.78559
-7.03279, -0.97879, 876.90300,  4.24219,  1.84443, 11.78559
-7.73607, -1.69064, 873.84092,  4.24219,  1.84443, 11.55618
-7.03279, -0.97879, 876.90300,  4.24219,  2.30554, 11.55618
-7.73607, -0.26694, 876.90300,  4.24219,  2.30554, 11.78559
-7.73607, -0.26694, 876.90300,  4.24219,  2.30554, 11.55618
-7.73607, -0.26694, 876.90300,  4.24219,  2.30554, 11.55618
-7.73607, -0.97879, 876.90300,  4.24219,  1.84443, 11.55618
-7.73607, -0.97879, 876.90300,  4.24219,  2.30554, 11.55618
-7.73607, -0.26694, 876.90300,  4.24219,  2.76665, 11.55618
-7.73607, -0.97879, 879.96508,  4.24219,  2.30554, 11.55618
-7.73607, -1.69064, 876.90300,  3.71192,  2.30554, 11.55618
-7.73607, -0.97879, 876.90300,  4.24219,  2.30554, 11.55618
-7.73607, -0.97879, 876.90300,  3.71192,  2.76665, 11.55618
-7.03279, -0.97879, 876.90300,  4.77247,  2.76665, 11.55618
-7.73607, -0.97879, 876.90300,  4.24219,  2.76665, 11.78559
-7.73607, -0.97879, 876.90300,  4.24219,  2.76665, 11.78559
-7.73607, -0.97879, 873.84092,  3.71192,  2.76665, 11.78559
-7.73607, -0.97879, 876.90300,  4.24219,  2.76665, 11.55618
-7.73607, -0.97879, 876.90300,  3.71192,  2.76665, 11.78559
-7.73607, -1.69064, 876.90300,  3.71192,  2.76665, 11.55618
-7.73607, -1.69064, 879.96508,  3.71192,  2.76665, 11.78559
-7.73607, -0.97879, 876.90300,  3.71192,  2.76665, 11.55618
-7.73607, -1.69064, 876.90300,  3.18165,  2.76665, 11.55618
-7.73607, -0.97879, 876.90300,  3.71192,  2.30554, 11.55618
-7.73607, -0.97879, 876.90300,  3.18165,  2.30554, 11.78559
-7.73607, -0.97879, 876.90300,  3.71192,  2.30554, 11.78559
-7.73607, -0.97879, 876.90300,  3.18165,  2.30554, 11.78559
-7.73607, -0.97879, 876.90300,  2.65137,  2.30554, 11.78559
-7.03279, -1.69064, 879.96508,  2.65137,  1.84443, 11.78559
-7.73607, -1.69064, 879.96508,  3.18165,  2.30554, 11.78559
-7.73607, -1.69064, 876.90300,  2.65137,  2.30554, 11.55618
-7.03279, -1.69064, 876.90300,  3.18165,  2.30554, 11.78559
-7.03279, -1.69064, 876.90300,  2.65137,  2.30554, 11.78559
-7.73607, -1.69064, 876.90300,  2.65137,  1.84443, 11.55618
-7.03279, -2.40249, 873.84092,  2.65137,  1.84443, 11.78559
-7.03279, -1.69064, 873.84092,  2.65137,  1.84443, 11.78559
-7.03279, -1.69064, 873.84092,  2.65137,  1.84443, 11.55618
-7.73607, -1.69064, 876.90300,  2.65137,  1.38332, 11.78559
-7.03279, -2.40249, 876.90300,  2.12110,  1.38332, 11.78559
-7.03279, -2.40249, 879.96508,  2.65137,  1.38332, 11.78559
-7.03279, -2.40249, 879.96508,  2.12110,  1.38332, 11.55618
-7.03279, -2.40249, 876.90300,  2.65137,  1.38332, 11.55618
-7.03279, -2.40249, 876.90300,  2.65137,  0.92222, 11.55618
-7.03279, -1.69064, 876.90300,  2.65137,  0.92222, 11.55618
-7.03279, -1.69064, 879.96508,  2.65137,  1.38332, 11.55618
-7.03279, -1.69064, 876.90300,  2.65137,  1.38332, 11.55618
-7.03279, -1.69064, 876.90300,  2.65137,  1.38332, 11.55618
-7.03279, -1.69064, 876.90300,  2.65137,  0.92222, 11.55618
-7.03279, -0.97879, 876.90300,  3.18165,  0.92222, 11.55618
-7.03279, -1.69064, 876.90300,  3.18165,  1.38332, 11.55618
-7.03279, -1.69064, 876.90300,  2.65137,  0.92222, 11.55618
-6.32951, -1.69064, 879.96508,  3.71192,  0.92222, 11.55618
-7.03279, -2.40249, 879.96508,  3.18165,  0.92222, 11.55618
-7.03279, -1.69064, 876.90300,  3.18165,  0.92222, 11.55618
-7.03279, -1.69064, 876.90300,  3.18165,  0.92222, 11.55618
-7.03279, -1.69064, 879.96508,  3.18165,  0.92222, 11.55618
-7.03279, -1.69064, 876.90300,  3.18165,  0.92222, 11.55618
-7.03279, -1.69064, 876.90300,  3.18165,  0.92222, 11.78559
-7.03279, -1.69064, 879.96508,  3.71192,  0.92222, 11.78559
-7.03279, -1.69064, 876.90300,  3.71192,  0.92222, 11.78559
-7.03279, -0.97879, 876.90300,  3.71192,  0.92222, 11.55618
-7.03279, -0.97879, 876.90300,  3.71192,  0.92222, 11.78559
-7.03279, -1.69064, 876.90300,  3.71192,  0.92222, 11.78559
-7.03279, -0.97879, 876.90300,  3.71192,  0.92222, 11.78559
-7.03279, -1.69064, 879.96508,  3.71192,  0.92222, 11.78559
-7.03279, -1.69064, 876.90300,  3.71192,  0.92222, 11.78559
-6.32951, -1.69064, 876.90300,  4.24219,  0.92222, 11.78559
-7.03279, -1.69064, 876.90300,  3.71192,  0.92222, 11.78559
-7.03279, -1.69064, 876.90300,  3.71192,  0.92222, 11.78559
-6.32951, -0.97879, 876.90300,  4.24219,  0.92222, 11.78559
-6.32951, -1.69064, 879.96508,  4.24219,  0.92222, 11.55618
-6.32951, -1.69064, 876.90300,  4.24219,  1.38332, 11.78559
-6.32951, -1.69064, 879.96508,  3.71192,  1.38332, 11.55618
-7.03279, -1.69064, 879.96508,  4.24219,  1.84443, 11.55618
-6.32951, -1.69064, 876.90300,  4.24219,  1.38332, 11.55618
-6.32951, -0.97879, 876.90300,  4.24219,  1.38332, 11.32678
-7.03279, -1.69064, 876.90300,  4.24219,  1.38332, 11.55618
-7.03279, -1.69064, 873.84092,  4.24219,  1.38332, 11.55618
-7.03279, -1.69064, 876.90300,  4.77247,  1.38332, 11.55618
-7.73607, -1.69064, 876.90300,  4.77247,  1.38332, 11.55618
-7.03279, -1.69064, 876.90300,  4.24219,  1.38332, 11.78559
-7.73607, -1.69064, 876.90300,  4.77247,  1.38332, 11.55618
-8.43935, -2.40249, 879.96508,  5.30274,  1.84443, 11.78559
-7.73607, -1.69064, 879.96508,  4.77247,  1.84443, 11.78559
-8.43935, -1.69064, 873.84092,  5.30274,  1.84443, 11.78559
-7.73607, -0.97879, 876.90300,  5.30274,  1.84443, 11.78559
-7.73607, -0.97879, 876.90300,  4.77247,  1.84443, 11.55618
-7.73607, -0.97879, 879.96508,  4.77247,  1.84443, 11.78559
-7.73607, -0.97879, 876.90300,  4.77247,  1.84443, 11.78559
-7.73607, -0.97879, 876.90300,  5.30274,  1.84443, 11.78559
-7.73607, -1.69064, 876.90300,  5.30274,  1.84443, 11.78559
-7.73607, -0.97879, 876.90300,  4.77247,  1.84443, 11.78559
-7.73607, -1.69064, 876.90300,  5.30274,  1.84443, 11.55618
-7.73607, -1.69064, 876.90300,  5.30274,  1.84443, 11.55618
-7.73607, -1.69064, 876.90300,  5.30274,  1.38332, 11.55618
-7.03279, -1.69064, 876.90300,  5.30274,  1.38332, 11.55618
-7.03279, -1.69064, 879.96508,  5.30274,  1.84443, 11.55618
-7.03279, -1.69064, 879.96508,  5.30274,  1.38332, 11.55618
-7.03279, -2.40249, 876.90300,  5.83302,  1.38332, 11.55618
-7.03279, -1.69064, 876.90300,  5.83302,  1.38332, 11.55618
-7.03279, -1.69064, 876.90300,  5.83302,  1.38332, 11.78559
-7.03279, -1.69064, 876.90300,  6.36329,  1.38332, 11.78559
-7.03279, -0.97879, 876.90300,  6.36329,  1.38332, 11.55618
-7.03279, -1.69064, 879.96508,  6.36329,  1.38332, 11.78559
-7.03279, -1.69064, 876.90300,  6.89356,  1.38332, 11.78559
-7.03279, -0.97879, 876.90300,  6.89356,  1.38332, 11.78559
-7.03279, -0.97879, 876.90300,  6.89356,  1.38332, 11.78559
-7.03279, -0.97879, 876.90300,  7.42384,  1.38332, 11.78559
-7.73607, -0.97879, 873.84092,  7.42384,  1.38332, 11.78559
-7.73607, -0.97879, 876.90300,  7.42384,  1.38332, 11.78559
-7.73607, -0.97879, 879.96508,  7.42384,  1.38332, 11.78559
-7.73607, -0.97879, 879.96508,  7.42384,  1.38332, 11.55618
-7.73607, -0.97879, 879.96508,  7.42384,  1.38332, 11.78559
-7.73607, -0.97879, 879.96508,  7.95411,  1.38332, 11.78559
-7.03279, -0.97879, 876.90300,  7.95411,  1.38332, 11.78559
-7.73607, -0.97879, 879.96508,  7.95411,  1.38332, 11.78559
-7.73607, -0.97879, 876.90300,  7.95411,  0.92222, 11.78559
-7.73607, -1.69064, 876.90300,  7.95411,  1.38332, 11.78559
-7.73607, -0.26694, 876.90300,  8.48439,  1.38332, 11.78559
-7.73607, -0.97879, 876.90300,  7.95411,  0.92222, 11.55618
-7.73607, -1.69064, 876.90300,  7.95411,  0.92222, 11.78559
-7.73607, -1.69064, 876.90300,  7.95411,  1.38332, 11.78559
-7.73607, -1.69064, 879.96508,  7.95411,  0.92222, 11.78559
-7.73607, -0.97879, 876.90300,  8.48439,  0.92222, 11.78559
-7.73607, -0.97879, 876.90300,  7.95411,  1.38332, 11.78559
-7.03279, -0.97879, 876.90300,  8.48439,  0.92222, 11.55618
-7.03279, -0.26694, 879.96508,  8.48439,  1.38332, 11.55618
-7.03279, -0.97879, 879.96508,  8.48439,  0.92222, 11.55618
-7.73607, -0.97879, 876.90300,  8.48439,  0.92222, 11.55618
-7.03279, -0.97879, 876.90300,  8.48439,  0.92222, 11.78559
-7.03279, -0.26694, 876.90300,  9.01466,  0.92222, 11.78559
-7.03279, -0.97879, 876.90300,  9.01466,  0.46111, 11.55618
-7.03279, -0.97879, 876.90300,  8.48439,  0.00000, 11.55618
-7.03279, -0.97879, 879.96508,  9.01466,  0.46111, 11.55618
-7.03279, -0.97879, 876.90300,  9.01466,  0.46111, 11.55618
-7.03279, -0.97879, 876.90300,  9.01466,  0.46111, 11.78559
-7.73607, -0.97879, 879.96508,  8.48439,  0.00000, 11.78559
-7.03279, -0.97879, 876.90300,  8.48439,  0.00000, 11.78559
-7.03279, -0.97879, 876.90300,  9.01466,  0.00000, 11.78559
-6.32951, -0.97879, 876.90300,  8.48439,  0.00000, 11.78559
-7.03279, -1.69064, 876.90300,  8.48439,  0.00000, 11.78559
-6.32951, -0.97879, 876.90300,  8.48439,  0.00000, 11.78559
-7.03279, -1.69064, 876.90300,  7.95411,  0.00000, 11.78559
-7.03279, -1.69064, 876.90300,  7.95411,  0.00000, 11.78559
-7.03279, -1.69064, 876.90300,  7.95411,  0.00000, 11.78559
-7.03279, -1.69064, 876.90300,  7.95411,  0.00000, 11.55618
-7.03279, -2.40249, 876.90300,  7.95411,  0.00000, 11.55618
-7.03279, -2.40249, 876.90300,  7.95411,  0.00000, 11.55618
-7.73607, -1.69064, 876.90300,  7.95411,  0.00000, 11.78559
-7.03279, -2.40249, 876.90300,  7.95411,  0.00000, 11.78559
-7.03279, -2.40249, 876.90300,  7.42384, -0.46111, 11.78559
-7.03279, -2.40249, 876.90300,  7.95411,  0.00000, 11.78559
-7.03279, -2.40249, 879.96508,  7.95411,  0.00000, 11.78559
-7.03279, -1.69064, 876.90300,  8.48439,  0.00000, 11.78559
-7.03279, -1.69064, 876.90300,  8.48439,  0.00000, 11.78559
-7.03279, -1.69064, 876.90300,  8.48439,  0.00000, 11.78559
-7.03279, -0.97879, 876.90300,  9.01466,  0.00000, 11.78559
-7.03279, -0.97879, 876.90300,  9.01466,  0.00000, 11.55618
-7.03279, -0.97879, 876.90300,  9.54494,  0.00000, 11.78559
-7.73607, -1.69064, 876.90300,  9.54494,  0.00000, 11.78559
-7.73607, -0.97879, 876.90300,  9.54494,  0.00000, 11.78559
-7.73607, -0.97879, 876.90300,  9.54494,  0.00000, 11.78559
-7.73607, -0.97879, 876.90300,  9.54494,  0.00000, 11.78559
-7.03279, -0.97879, 876.90300, 10.07521,  0.00000, 11.78559
-7.73607, -0.26694, 876.90300, 10.07521,  0.46111, 11.78559
-8.43935, -0.26694, 876.90300, 10.60548,  0.46111, 11.78559
-8.43935, -0.26694, 876.90300, 10.07521,  0.46111, 11.78559
-8.43935, -0.97879, 876.90300, 10.07521,  0.46111, 11.78559
-7.73607, -0.97879, 876.90300, 10.07521,  0.46111, 11.78559
-7.73607, -0.97879, 876.90300, 10.07521,  0.46111, 11.78559
-7.73607, -0.97879, 876.90300, 10.07521,  0.46111, 11.78559
-7.73607, -0.97879, 876.90300, 10.07521,  0.46111, 11.78559
-8.43935, -0.97879, 873.84092,  9.54494,  0.00000, 12.01499
-7.73607, -0.97879, 873.84092, 10.07521,  0.00000, 11.78559
-7.73607, -0.97879, 876.90300,  9.54494,  0.46111, 11.78559
-7.73607, -0.97879, 876.90300, 10.07521,  0.00000, 11.78559
-7.73607, -0.97879, 876.90300,  9.54494,  0.46111, 11.78559
-8.43935, -1.69064, 873.84092,  9.54494,  0.00000, 11.78559
-7.73607, -1.69064, 873.84092,  9.54494,  0.46111, 11.78559
-8.43935, -1.69064, 876.90300,  9.54494,  0.46111, 11.78559
-7.73607, -0.97879, 876.90300,  9.54494,  0.46111, 11.78559
-8.43935, -1.69064, 876.90300,  9.01466,  0.92222, 11.55618
-8.43935, -1.69064, 876.90300,  9.01466,  0.46111, 11.78559
-7.73607, -1.69064, 873.84092,  9.01466,  0.92222, 11.55618
-8.43935, -1.69064, 876.90300,  8.48439,  1.38332, 11.78559
-8.43935, -1.69064, 879.96508,  8.48439,  0.92222, 11.78559
-9.14263, -2.40249, 876.90300,  8.48439,  1.38332, 11.78559
-8.43935, -2.40249, 876.90300,  8.48439,  0.92222, 11.78559
-8.43935, -2.40249, 876.90300,  8.48439,  0.92222, 11.78559
-8.43935, -2.40249, 876.90300,  7.95411,  1.38332, 12.01499
-9.14263, -2.40249, 873.84092,  7.95411,  0.92222, 11.78559
-8.43935, -2.40249, 876.90300,  8.48439,  1.38332, 11.78559
-8.43935, -2.40249, 876.90300,  8.48439,  1.38332, 11.78559
-8.43935, -2.40249, 876.90300,  7.95411,  0.92222, 11.55618
-8.43935, -2.40249, 876.90300,  8.48439,  1.38332, 11.78559
-9.14263, -2.40249, 876.90300,  8.48439,  0.92222, 11.78559
-8.43935, -1.69064, 876.90300,  9.01466,  0.92222, 11.78559
-8.43935, -1.69064, 876.90300,  9.01466,  0.92222, 11.78559
-8.43935, -1.69064, 876.90300,  9.01466,  0.92222, 11.78559
-8.43935, -1.69064, 873.84092,  9.01466,  0.92222, 11.78559
-9.14263, -1.69064, 873.84092,  9.54494,  0.46111, 11.78559
-8.43935, -2.40249, 876.90300,  9.01466,  0.92222, 11.78559
-8.43935, -2.40249, 876.90300,  9.54494,  0.92222, 11.78559
-8.43935, -2.40249, 876.90300,  9.01466,  0.46111, 11.78559
-8.43935, -1.69064, 876.90300,  9.54494,  0.46111, 12.01499
-8.43935, -0.97879, 879.96508,  9.54494,  0.46111, 11.78559
-8.43935, -0.97879, 876.90300, 10.60548,  0.46111, 11.78559
-7.73607, -0.97879, 873.84092, 10.07521,  0.46111, 11.78559
-7.73607, -0.97879, 876.90300, 10.07521,  0.00000, 11.78559
-7.73607, -0.26694, 879.96508, 10.07521,  0.00000, 11.78559
-8.43935, -0.97879, 876.90300, 10.60548,  0.00000, 11.78559
-7.73607, -0.97879, 876.90300, 10.60548,  0.00000, 11.78559
-7.73607, -0.97879, 876.90300, 10.60548,  0.00000, 11.78559
-7.73607, -0.26694, 876.90300, 11.13576, -0.46111, 11.78559
-7.73607, -0.26694, 876.90300, 11.13576, -0.46111, 11.78559
-7.73607, -0.97879, 876.90300, 10.60548, -0.92222, 11.78559
-7.73607, -0.97879, 876.90300, 10.60548, -0.92222, 11.78559
-7.73607, -1.69064, 876.90300, 10.60548, -0.46111, 11.78559
-7.73607, -0.97879, 876.90300, 10.60548, -0.92222, 11.78559
-7.73607, -0.97879, 879.96508, 10.60548, -0.92222, 11.78559
-7.73607, -0.97879, 879.96508, 11.13576, -0.92222, 11.78559
-7.73607, -0.97879, 876.90300, 11.13576, -0.92222, 11.78559
-7.73607, -0.26694, 876.90300, 10.60548, -0.92222, 11.78559
-7.03279, -0.26694, 879.96508, 10.60548, -0.92222, 11.78559
-7.03279, -0.97879, 879.96508, 10.60548, -0.92222, 11.78559
-7.03279, -0.97879, 876.90300, 10.60548, -0.92222, 11.78559
-7.03279, -0.97879, 876.90300, 10.60548, -0.92222, 11.78559
-7.03279, -0.97879, 876.90300, 10.60548, -0.92222, 11.78559
-7.03279, -0.97879, 876.90300, 10.60548, -0.92222, 11.55618
-7.03279, -0.97879, 876.90300, 10.07521, -1.38332, 11.78559
-7.03279, -1.69064, 876.90300, 10.07521, -0.92222, 11.78559
-6.32951, -1.69064, 876.90300, 10.07521, -0.92222, 11.78559
-7.03279, -1.69064, 876.90300, 10.07521, -1.38332, 11.55618
-7.03279, -0.97879, 876.90300, 10.07521, -0.92222, 11.78559
-7.03279, -0.97879, 876.90300,  9.54494, -0.92222, 11.78559
-7.03279, -0.97879, 879.96508,  9.54494, -0.46111, 11.78559
-7.03279, -1.69064, 879.96508,  9.54494, -0.92222, 11.55618
-6.32951, -1.69064, 879.96508,  9.54494, -0.92222, 11.55618
-6.32951, -1.69064, 876.90300,  9.01466, -0.92222, 11.55618
-6.32951, -1.69064, 876.90300,  9.54494, -0.46111, 11.78559
-7.03279, -1.69064, 876.90300,  9.01466, -0.46111, 11.78559
-7.03279, -1.69064, 876.90300,  9.54494,  0.00000, 11.55618
-7.03279, -1.69064, 876.90300,  9.54494, -0.46111, 11.78559
-7.03279, -1.69064, 876.90300, 10.07521,  0.00000, 11.78559
-7.03279, -1.69064, 876.90300,  9.54494, -0.46111, 11.78559
-7.03279, -1.69064, 876.90300,  9.54494,  0.00000, 11.78559
-7.03279, -1.69064, 879.96508,  9.01466, -0.46111, 11.78559
-7.03279, -1.69064, 879.96508,  9.54494,  0.00000, 11.78559
-7.03279, -1.69064, 876.90300,  9.54494,  0.00000, 12.01499
-7.03279, -0.97879, 876.90300,  9.54494,  0.46111, 11.78559
-7.03279, -0.97879, 876.90300,  9.54494,  0.00000, 11.78559
-7.73607, -0.97879, 879.96508,  9.54494,  0.00000, 11.78559
-7.03279, -0.97879, 876.90300,  9.54494,  0.00000, 11.78559
-7.03279, -0.97879, 876.90300,  9.54494,  0.46111, 11.78559
-7.03279, -0.97879, 876.90300, 10.07521,  0.46111, 11.78559
-7.03279, -0.97879, 876.90300,  9.54494,  0.46111, 11.78559
-7.73607, -0.97879, 876.90300,  9.54494,  0.92222, 11.78559
-7.03279, -0.97879, 876.90300,  9.54494,  0.92222, 11.78559
-7.03279, -0.97879, 876.90300,  9.01466,  0.92222, 11.78559
-7.03279, -1.69064, 876.90300,  9.01466,  0.92222, 12.01499
-7.03279, -1.69064, 876.90300,  9.01466,  0.92222, 11.78559
-7.73607, -1.69064, 876.90300,  8.48439,  1.38332, 11.78559
-7.73607, -1.69064, 879.96508,  9.01466,  1.38332, 11.78559
-7.73607, -1.69064, 876.90300,  8.48439,  1.38332, 11.78559
-7.73607, -1.69064, 876.90300,  8.48439,  1.38332, 11.78559
-7.73607, -1.69064, 879.96508,  8.48439,  1.38332, 11.78559
-7.73607, -0.97879, 876.90300,  8.48439,  1.38332, 11.78559
-7.73607, -1.69064, 876.90300,  7.95411,  1.84443, 11.78559
-8.43935, -1.69064, 876.90300,  7.95411,  1.84443, 11.78559
-8.43935, -1.69064, 876.90300,  7.95411,  1.84443, 11.78559
-8.43935, -1.69064, 876.90300,  7.95411,  1.84443, 11.78559
-8.43935, -1.69064, 879.96508,  7.95411,  1.84443, 11.78559
-8.43935, -1.69064, 876.90300,  7.95411,  1.84443, 11.78559
-8.43935, -1.69064, 876.90300,  7.95411,  1.84443, 11.78559
-9.14263, -1.69064, 876.90300,  7.42384,  2.30554, 11.78559
-9.14263, -1.69064, 876.90300,  7.42384,  2.76665, 11.78559
-9.14263, -1.69064, 876.90300,  6.89356,  2.76665, 11.78559
-9.14263, -2.40249, 876.90300,  6.89356,  2.76665, 11.78559
-8.43935, -2.40249, 879.96508,  7.42384,  3.22776, 11.78559
-9.14263, -2.40249, 879.96508,  6.89356,  2.76665, 11.78559
-9.14263, -1.69064, 876.90300,  6.89356,  2.76665, 11.78559
-9.84591, -0.97879, 876.90300,  7.42384,  2.76665, 11.78559
-9.14263, -1.69064, 873.84092,  6.89356,  2.76665, 11.78559
-9.14263, -1.69064, 873.84092,  6.89356,  2.76665, 11.78559
-9.14263, -1.69064, 876.90300,  7.42384,  3.22776, 11.78559
-9.14263, -2.40249, 876.90300,  6.89356,  3.22776, 11.78559
-9.14263, -2.40249, 876.90300,  6.89356,  2.76665, 11.78559
-8.43935, -2.40249, 876.90300,  6.36329,  2.76665, 11.78559
-8.43935, -3.11434, 876.90300,  6.36329,  2.76665, 11.78559
-9.14263, -3.11434, 879.96508,  6.36329,  2.76665, 11.78559
-9.14263, -3.11434, 876.90300,  6.36329,  2.76665, 11.78559
-8.43935, -3.11434, 879.96508,  6.36329,  2.76665, 11.78559
-8.43935, -2.40249, 876.90300,  6.36329,  2.76665, 11.78559
-9.14263, -2.40249, 876.90300,  6.36329,  2.76665, 11.78559
-9.14263, -2.40249, 876.90300,  6.36329,  2.30554, 11.78559
-8.43935, -1.69064, 876.90300,  6.89356,  2.30554, 11.78559
-8.43935, -1.69064, 879.96508,  6.89356,  2.30554, 11.78559
-8.43935, -2.40249, 876.90300,  6.89356,  1.84443, 12.01499
-8.43935, -2.40249, 876.90300,  6.89356,  1.38332, 11.78559
-8.43935, -1.69064, 879.96508,  6.89356,  1.38332, 11.78559
-8.43935, -2.40249, 879.96508,  6.89356,  1.38332, 11.78559
-8.43935, -2.40249, 876.90300,  7.42384,  1.38332, 11.78559
-8.43935, -1.69064, 876.90300,  7.42384,  0.92222, 11.78559
-7.73607, -1.69064, 879.96508,  7.95411,  0.92222, 11.78559
-7.73607, -1.69064, 879.96508,  7.95411,  0.92222, 11.78559
-7.73607, -1.69064, 876.90300,  7.95411,  0.46111, 11.78559
-7.73607, -1.69064, 876.90300,  7.95411,  0.46111, 11.78559
-7.03279, -1.69064, 876.90300,  7.95411,  0.46111, 11.78559
-8.43935, -1.69064, 879.96508,  7.95411,  0.46111, 11.78559
-7.73607, -2.40249, 879.96508,  7.95411,  0.46111, 11.78559
-7.73607, -1.69064, 879.96508,  7.95411,  0.00000, 11.55618
-7.73607, -1.69064, 876.90300,  7.95411,  0.00000, 11.78559
-7.73607, -1.69064, 876.90300,  7.95411, -0.46111, 11.78559
-7.03279, -1.69064, 876.90300,  7.95411, -0.46111, 11.78559
-7.73607, -1.69064, 876.90300,  8.48439, -0.46111, 11.55618
-7.73607, -2.40249, 876.90300,  7.95411, -0.46111, 11.55618
-7.73607, -1.69064, 879.96508,  7.95411, -0.46111, 11.78559
-7.03279, -1.69064, 876.90300,  8.48439, -0.46111, 11.78559
-7.73607, -2.40249, 879.96508,  7.95411, -0.46111, 11.78559
-7.03279, -1.69064, 876.90300,  8.48439, -0.46111, 11.78559
-7.03279, -1.69064, 876.90300,  7.95411, -0.92222, 11.78559
-7.03279, -2.40249, 876.90300,  8.48439, -0.92222, 11.78559
-7.73607, -2.40249, 876.90300,  8.48439, -0.92222, 11.78559
-7.03279, -1.69064, 879.96508,  8.48439, -0.92222, 11.78559
-7.03279, -1.69064, 876.90300,  8.48439, -1.38332, 11.78559
-7.73607, -2.40249, 876.90300,  8.48439, -1.38332, 11.78559
-7.03279, -1.69064, 876.90300,  8.48439, -0.92222, 11.78559
-7.73607, -2.40249, 876.90300,  9.01466, -1.38332, 11.78559
-7.73607, -2.40249, 876.90300,  9.01466, -1.38332, 11.55618
-7.03279, -2.40249, 876.90300,  9.01466, -0.92222, 11.78559
-7.73607, -2.40249, 879.96508,  8.48439, -1.38332, 11.78559
-7.03279, -2.40249, 883.02716,  9.01466, -1.38332, 11.78559
-7.73607, -2.40249, 879.96508,  9.01466, -1.38332, 11.55618
-7.03279, -1.69064, 879.96508,  9.54494, -1.84443, 11.78559
-7.03279, -1.69064, 876.90300,  9.01466, -1.84443, 11.78559
-7.03279, -0.97879, 879.96508, 10.07521, -1.38332, 11.78559
-7.03279, -0.97879, 879.96508, 10.07521, -1.84443, 11.78559
-7.03279, -0.97879, 876.90300, 10.07521, -1.38332, 11.78559
-7.03279, -0.97879, 876.90300, 10.60548, -1.84443, 11.78559
-7.03279, -0.97879, 876.90300, 10.07521, -1.84443, 11.78559
-6.32951, -0.97879, 879.96508, 10.07521, -1.84443, 11.78559
-7.03279, -0.97879, 876.90300, 10.60548, -1.84443, 11.78559
-7.03279, -0.97879, 879.96508, 10.60548, -1.84443, 11.78559
-7.03279, -0.97879, 876.90300, 10.60548, -1.84443, 11.78559
-7.73607, -0.97879, 879.96508, 10.60548, -1.84443, 11.78559
-7.03279, -0.97879, 879.96508, 10.60548, -1.84443, 11.78559
-6.32951, -0.97879, 879.96508, 10.60548, -2.30554, 11.78559
-7.03279, -0.97879, 879.96508, 11.13576, -2.30554, 12.01499
-6.32951, -0.97879, 876.90300, 11.13576, -1.84443, 12.01499
-7.03279, -0.26694, 876.90300, 11.13576, -2.30554, 12.01499
-7.03279, -0.97879, 876.90300, 11.66603, -1.84443, 11.78559
-7.03279, -0.97879, 876.90300, 11.13576, -2.30554, 11.78559
-7.03279, -0.26694, 879.96508, 11.13576, -2.30554, 11.78559
-7.03279, -0.97879, 876.90300, 11.66603, -2.30554, 11.78559
-7.03279, -0.97879, 876.90300, 11.66603, -2.30554, 11.78559
-7.03279, -0.97879, 876.90300, 11.66603, -2.30554, 12.01499
-7.73607, -0.97879, 879.96508, 12.19631, -2.76665, 11.78559
-7.73607, -0.97879, 876.90300, 11.66603, -2.76665, 11.78559
-7.03279, -0.97879, 876.90300, 11.66603, -2.76665, 11.78559
-7.03279, -0.97879, 876.90300, 11.66603, -2.76665, 11.78559
-7.03279, -0.97879, 876.90300, 12.19631, -3.22776, 11.78559
-7.03279, -0.26694, 876.90300, 12.19631, -2.76665, 11.78559
-7.03279, -0.97879, 876.90300, 12.19631, -2.76665, 11.78559
-7.03279, -0.97879, 876.90300, 12.19631, -2.76665, 12.01499
-7.03279, -0.26694, 876.90300, 12.72658, -2.76665, 11.78559
-7.03279, -0.26694, 876.90300, 12.72658, -2.30554, 12.01499
-7.03279, -0.97879, 876.90300, 12.72658, -2.76665, 11.78559
-6.32951, -0.26694, 876.90300, 12.72658, -2.76665, 11.78559
-7.03279, -0.26694, 876.90300, 12.19631, -2.76665, 12.01499
-7.03279, -0.26694, 876.90300, 12.72658, -2.30554, 12.01499
-6.32951, -0.26694, 876.90300, 12.72658, -2.30554, 11.78559
-6.32951, -0.26694, 879.96508, 12.19631, -2.30554, 12.01499
-6.32951, -0.26694, 876.90300, 12.72658, -2.30554, 11.78559
-6.32951, -0.26694, 876.90300, 12.19631, -2.30554, 11.78559
-7.03279,  0.44491, 873.84092, 12.19631, -2.30554, 11.78559
-7.03279,  0.44491, 876.90300, 12.19631, -2.30554, 11.78559
-6.32951, -0.26694, 876.90300, 11.66603, -1.84443, 11.78559
-7.03279, -0.26694, 876.90300, 12.19631, -2.30554, 11.78559
-7.03279,  0.44491, 876.90300, 11.66603, -1.84443, 11.78559
-7.03279,  0.44491, 876.90300, 11.66603, -2.30554, 11.55618
-7.03279, -0.26694, 876.90300, 11.13576, -1.84443, 11.55618
-7.03279, -0.26694, 876.90300, 11.13576, -1.84443, 11.78559
-7.03279, -0.26694, 876.90300, 10.60548, -1.38332, 11.78559
-7.03279, -0.97879, 879.96508, 10.07521, -1.38332, 11.78559
-7.03279, -0.97879, 876.90300, 10.07521, -0.92222, 11.78559
-7.03279, -1.69064, 876.90300,  9.54494, -0.92222, 11.78559
-7.73607, -1.69064, 876.90300,  9.01466, -0.92222, 11.78559
-7.73607, -1.69064, 876.90300,  8.48439, -0.92222, 11.78559
-7.03279, -1.69064, 876.90300,  7.95411, -0.92222, 11.78559
-7.03279, -3.11434, 879.96508,  7.42384, -0.92222, 11.78559
-7.03279, -2.40249, 879.96508,  7.42384, -0.46111, 11.78559
-7.73607, -1.69064, 876.90300,  6.89356, -0.46111, 11.78559
-7.73607, -2.40249, 873.84092,  6.89356,  0.00000, 11.78559
-8.43935, -2.40249, 876.90300,  6.89356,  0.00000, 11.78559
-8.43935, -2.40249, 876.90300,  6.36329,  0.00000, 11.78559
-7.73607, -2.40249, 876.90300,  5.83302,  0.00000, 11.78559
-7.73607, -3.11434, 879.96508,  5.83302,  0.46111, 11.78559
-7.73607, -3.11434, 876.90300,  6.36329,  0.46111, 11.78559
-7.73607, -2.40249, 876.90300,  5.83302,  0.46111, 11.78559
-8.43935, -3.11434, 873.84092,  5.83302,  0.46111, 11.78559
-8.43935, -3.11434, 876.90300,  5.83302,  0.46111, 12.01499
-7.73607, -3.11434, 876.90300,  5.83302,  0.46111, 11.78559
-7.73607, -2.40249, 879.96508,  5.83302,  0.92222, 11.78559
-8.43935, -2.40249, 876.90300,  5.83302,  1.38332, 12.01499
-8.43935, -3.11434, 876.90300,  5.83302,  1.38332, 11.78559
-9.14263, -2.40249, 876.90300,  5.83302,  1.84443, 11.78559
-8.43935, -2.40249, 876.90300,  5.83302,  1.84443, 11.78559
-7.73607, -2.40249, 873.84092,  5.83302,  1.84443, 11.78559
-7.73607, -2.40249, 876.90300,  6.36329,  2.30554, 11.55618
-8.43935, -2.40249, 876.90300,  5.83302,  1.84443, 11.78559
-8.43935, -1.69064, 876.90300,  5.83302,  2.30554, 11.78559
-8.43935, -3.11434, 876.90300,  5.83302,  1.84443, 11.78559
-8.43935, -2.40249, 876.90300,  6.36329,  2.30554, 11.78559
-8.43935, -2.40249, 876.90300,  5.83302,  2.30554, 11.55618
-8.43935, -2.40249, 879.96508,  6.36329,  2.30554, 11.78559
-8.43935, -1.69064, 876.90300,  6.89356,  2.30554, 11.78559
-8.43935, -1.69064, 876.90300,  6.89356,  1.84443, 11.55618
-7.73607, -0.97879, 876.90300,  7.42384,  1.84443, 11.55618
-7.73607, -0.26694, 876.90300,  7.95411,  2.30554, 11.78559
-8.43935, -0.26694, 873.84092,  8.48439,  1.84443, 11.78559
-7.73607,  0.44491, 873.84092,  8.48439,  2.30554, 11.78559
-7.73607,  0.44491, 873.84092,  8.48439,  2.76665, 11.55618
-7.73607, -0.26694, 873.84092,  8.48439,  2.76665, 11.78559
-7.73607,  0.44491, 876.90300,  8.48439,  2.30554, 11.78559
-7.73607, -0.26694, 876.90300,  8.48439,  2.76665, 11.55618
-8.43935, -0.26694, 876.90300,  8.48439,  2.76665, 11.78559
-8.43935, -0.97879, 876.90300,  8.48439,  2.76665, 11.78559
-8.43935, -0.26694, 873.84092,  8.48439,  2.76665, 11.78559
-8.43935, -0.26694, 876.90300,  7.95411,  3.22776, 11.55618
-8.43935, -0.26694, 876.90300,  7.95411,  3.22776, 11.78559
-8.43935, -0.26694, 876.90300,  7.95411,  3.22776, 11.78559
-8.43935, -0.26694, 876.90300,  7.95411,  3.22776, 11.78559
-8.43935, -0.26694, 876.90300,  7.42384,  3.22776, 11.78559
-7.73607, -0.97879, 876.90300,  6.89356,  3.22776, 11.78559
-7.73607, -0.97879, 876.90300,  6.36329,  3.22776, 11.78559
-7.73607, -1.69064, 876.90300,  6.36329,  3.68886, 11.78559
-8.43935, -0.97879, 876.90300,  5.83302,  3.68886, 11.78559
-8.43935, -1.69064, 876.90300,  5.83302,  3.68886, 11.78559
-8.43935, -1.69064, 873.84092,  5.30274,  3.68886, 11.55618
-8.43935, -1.69064, 876.90300,  4.77247,  3.22776, 11.78559
-8.43935, -1.69064, 876.90300,  4.77247,  3.68886, 11.78559
-8.43935, -1.69064, 873.84092,  4.24219,  4.14997, 11.78559
-8.43935, -2.40249, 876.90300,  3.71192,  4.14997, 11.78559
-8.43935, -2.40249, 876.90300,  3.71192,  4.14997, 11.78559
-9.14263, -2.40249, 876.90300,  3.18165,  4.14997, 11.78559
-9.14263, -3.11434, 879.96508,  3.18165,  4.14997, 11.78559
-9.14263, -3.11434, 879.96508,  2.65137,  4.61108, 12.01499
-9.14263, -2.40249, 879.96508,  2.65137,  4.61108, 11.78559
-9.84591, -2.40249, 879.96508,  2.65137,  4.61108, 12.01499
-9.84591, -2.40249, 873.84092,  3.18165,  4.61108, 11.78559
-9.84591, -1.69064, 873.84092,  2.65137,  4.61108, 11.78559
-9.14263, -0.97879, 873.84092,  3.18165,  5.07219, 11.78559
-9.14263, -1.69064, 873.84092,  3.18165,  4.61108, 11.78559
-9.14263, -2.40249, 873.84092,  2.65137,  4.61108, 11.78559
-9.14263, -3.11434, 876.90300,  2.65137,  4.61108, 11.78559
-9.14263, -3.11434, 876.90300,  3.18165,  4.61108, 11.55618
-9.84591, -3.11434, 876.90300,  3.18165,  4.14997, 11.78559
-9.84591, -2.40249, 876.90300,  3.18165,  4.14997, 11.78559
-9.14263, -2.40249, 876.90300,  3.18165,  4.14997, 11.55618
-9.14263, -2.40249, 876.90300,  3.18165,  3.68886, 11.55618
-9.14263, -1.69064, 873.84092,  3.18165,  3.68886, 11.55618
-9.14263, -1.69064, 876.90300,  3.71192,  3.22776, 11.78559
-9.14263, -1.69064, 876.90300,  3.18165,  3.22776, 11.78559
-8.43935, -1.69064, 873.84092,  3.71192,  2.76665, 11.78559
-8.43935, -1.69064, 876.90300,  3.18165,  2.30554, 11.55618
-8.43935, -2.40249, 873.84092,  3.71192,  2.30554, 11.55618
-8.43935, -1.69064, 876.90300,  3.18165,  1.84443, 11.55618
-8.43935, -2.40249, 876.90300,  3.71192,  1.84443, 11.55618
-8.43935, -1.69064, 873.84092,  3.71192,  1.38332, 11.55618
-8.43935, -1.69064, 876.90300,  3.71192,  1.38332, 11.55618
-8.43935, -1.69064, 873.84092,  4.24219,  0.92222, 11.78559
-8.43935, -1.69064, 873.84092,  4.24219,  0.92222, 11.55618
-7.73607, -1.69064, 873.84092,  4.24219,  0.46111, 11.55618
-8.43935, -1.69064, 873.84092,  4.77247,  0.46111, 11.55618
-7.73607, -1.69064, 873.84092,  4.24219,  0.00000, 11.55618
-7.73607, -1.69064, 873.84092,  4.24219,  0.00000, 11.55618
-8.43935, -0.97879, 873.84092,  4.77247, -0.46111, 11.55618
-7.73607, -1.69064, 873.84092,  4.77247, -0.46111, 11.55618
-8.43935, -0.97879, 876.90300,  4.77247, -0.92222, 11.78559
-8.43935, -1.69064, 873.84092,  4.77247, -0.92222, 11.55618
-8.43935, -1.69064, 873.84092,  4.77247, -0.92222, 11.78559
-8.43935, -1.69064, 873.84092,  4.24219, -1.38332, 11.55618
-8.43935, -1.69064, 873.84092,  4.24219, -1.38332, 11.55618
-8.43935, -1.69064, 876.90300,  4.77247, -1.84443, 11.55618
-8.43935, -1.69064, 873.84092,  4.77247, -2.30554, 11.78559
-7.73607, -1.69064, 873.84092,  4.77247, -2.30554, 11.78559
-7.73607, -0.97879, 873.84092,  5.30274, -2.30554, 11.78559
-7.73607, -0.97879, 873.84092,  5.30274, -2.76665, 11.78559
-7.73607, -0.97879, 873.84092,  4.77247, -3.22776, 11.78559
-7.03279, -0.97879, 873.84092,  5.30274, -3.22776, 11.78559
-7.73607, -0.97879, 873.84092,  5.30274, -3.22776, 11.78559
-7.03279, -0.97879, 873.84092,  5.83302, -3.68886, 11.78559
-7.73607, -1.69064, 873.84092,  5.30274, -3.68886, 11.78559
-7.73607, -0.97879, 873.84092,  5.30274, -3.68886, 11.78559
-7.73607, -0.97879, 873.84092,  5.30274, -4.14997, 11.78559
-7.73607, -0.97879, 873.84092,  5.30274, -3.68886, 11.78559
-7.73607, -0.97879, 873.84092,  5.30274, -4.14997, 11.78559
-7.73607, -1.69064, 876.90300,  5.83302, -4.14997, 11.78559
-7.73607, -1.69064, 873.84092,  5.30274, -4.14997, 11.78559
-7.03279, -0.97879, 876.90300,  5.83302, -4.61108, 11.55618
-7.73607, -0.97879, 876.90300,  5.30274, -4.61108, 11.78559
-7.03279, -0.97879, 873.84092,  5.83302, -4.61108, 11.78559
-7.73607, -0.26694, 873.84092,  5.83302, -4.61108, 11.78559
-7.73607, -0.97879, 873.84092,  6.36329, -5.07219, 11.55618
-7.73607, -0.26694, 873.84092,  6.36329, -5.07219, 11.55618
-7.73607, -0.26694, 873.84092,  6.36329, -5.07219, 11.78559
-7.03279, -0.26694, 873.84092,  6.36329, -5.53330, 11.55618
-7.03279, -0.26694, 876.90300,  6.36329, -5.53330, 11.55618
-7.03279,  0.44491, 873.84092,  6.89356, -5.07219, 11.55618
-7.73607, -0.26694, 873.84092,  6.36329, -5.53330, 11.55618
-7.03279, -0.26694, 873.84092,  6.36329, -5.53330, 11.55618
-7.03279, -0.97879, 873.84092,  5.83302, -5.53330, 11.55618
-7.03279, -1.69064, 873.84092,  5.83302, -5.53330, 11.55618
-7.03279, -1.69064, 876.90300,  5.83302, -5.53330, 11.55618
-7.03279, -1.69064, 876.90300,  5.30274, -5.53330, 11.55618
-7.03279, -1.69064, 873.84092,  5.30274, -5.53330, 11.32678
-7.03279, -1.69064, 873.84092,  5.30274, -5.53330, 11.55618
-7.03279, -1.69064, 873.84092,  5.30274, -5.53330, 11.55618
-7.03279, -1.69064, 873.84092,  5.30274, -5.53330, 11.55618
-7.03279, -1.69064, 873.84092,  5.30274, -5.53330, 11.32678
-7.03279, -1.69064, 873.84092,  4.77247, -5.07219, 11.55618
-7.03279, -1.69064, 876.90300,  5.30274, -5.07219, 11.55618
-7.03279, -1.69064, 876.90300,  5.30274, -5.07219, 11.55618
-7.73607, -1.69064, 873.84092,  4.77247, -5.07219, 11.55618
-7.73607, -0.97879, 873.84092,  4.77247, -5.07219, 11.55618
-7.03279, -1.69064, 873.84092,  4.77247, -5.07219, 11.55618
-7.03279, -1.69064, 873.84092,  4.77247, -5.07219, 11.78559
-7.03279, -1.69064, 873.84092,  4.77247, -5.07219, 11.55618
-7.03279, -2.40249, 873.84092,  4.77247, -5.53330, 11.55618
-7.03279, -1.69064, 873.84092,  4.77247, -5.07219, 11.55618
-7.03279, -1.69064, 873.84092,  4.77247, -5.53330, 11.55618
-7.73607, -1.69064, 876.90300,  4.77247, -5.07219, 11.78559
-7.03279, -2.40249, 876.90300,  4.77247, -5.53330, 11.78559
-7.03279, -1.69064, 873.84092,  5.30274, -5.07219, 11.78559
-6.32951, -1.69064, 873.84092,  4.77247, -5.07219, 11.55618
-7.03279, -1.69064, 873.84092,  4.77247, -5.07219, 11.78559
-7.03279, -1.69064, 873.84092,  5.30274, -5.07219, 11.55618
-7.03279, -2.40249, 873.84092,  5.30274, -5.07219, 11.55618
-7.73607, -1.69064, 873.84092,  5.30274, -5.07219, 11.78559
-7.03279, -1.69064, 876.90300,  4.77247, -5.07219, 11.78559
-7.73607, -1.69064, 876.90300,  5.30274, -4.61108, 11.78559
-7.03279, -0.97879, 876.90300,  4.77247, -4.61108, 11.55618
-7.03279, -1.69064, 873.84092,  5.83302, -4.61108, 11.55618
-7.73607, -1.69064, 876.90300,  5.83302, -4.14997, 11.55618
-7.03279, -1.69064, 876.90300,  5.30274, -4.14997, 11.78559
-7.73607, -0.97879, 873.84092,  5.83302, -4.14997, 11.55618
-7.73607, -0.26694, 873.84092,  5.83302, -4.14997, 11.55618
-7.73607, -0.26694, 873.84092,  5.83302, -3.68886, 11.55618
-7.73607, -0.26694, 873.84092,  6.36329, -3.68886, 11.55618
-7.73607, -0.26694, 873.84092,  6.36329, -3.68886, 11.55618
-7.03279, -0.97879, 876.90300,  5.83302, -3.68886, 11.55618
-7.73607, -0.97879, 873.84092,  5.83302, -3.68886, 11.55618
-8.43935, -0.97879, 873.84092,  5.83302, -3.22776, 11.55618
-7.73607, -1.69064, 876.90300,  5.83302, -3.22776, 11.78559
-7.73607, -1.69064, 876.90300,  6.36329, -3.22776, 11.55618
-7.73607, -0.97879, 876.90300,  5.83302, -2.76665, 11.55618
-7.73607, -0.97879, 873.84092,  5.83302, -2.76665, 11.78559
-8.43935, -0.97879, 876.90300,  5.83302, -2.76665, 11.78559
-8.43935, -0.97879, 876.90300,  5.83302, -2.76665, 11.78559
-8.43935, -0.97879, 873.84092,  5.83302, -2.76665, 11.78559
-7.73607, -0.97879, 873.84092,  5.83302, -2.76665, 11.78559
-8.43935, -1.69064, 873.84092,  6.36329, -2.30554, 11.55618
-8.43935, -0.97879, 876.90300,  6.36329, -2.30554, 11.78559
-8.43935, -0.97879, 873.84092,  6.36329, -2.76665, 11.78559
-8.43935, -1.69064, 876.90300,  5.83302, -2.76665, 11.55618
-8.43935, -1.69064, 873.84092,  5.83302, -2.76665, 11.55618
-8.43935, -1.69064, 876.90300,  6.36329, -2.30554, 11.55618
-7.73607, -0.97879, 876.90300,  5.83302, -2.30554, 11.78559
-8.43935, -0.97879, 876.90300,  6.36329, -2.76665, 11.78559
-7.73607, -0.97879, 876.90300,  5.83302, -2.76665, 11.78559
-7.73607, -1.69064, 873.84092,  5.83302, -2.76665, 11.78559
-7.73607, -0.97879, 876.90300,  5.30274, -2.76665, 11.78559
-7.73607, -1.69064, 873.84092,  5.83302, -2.76665, 11.78559
-7.73607, -0.97879, 876.90300,  5.83302, -2.76665, 11.55618
-7.03279, -1.69064, 876.90300,  6.36329, -2.76665, 11.78559
-7.73607, -1.69064, 876.90300,  5.83302, -3.22776, 11.78559
-7.73607, -1.69064, 873.84092,  6.36329, -2.76665, 11.55618
-7.73607, -0.97879, 873.84092,  5.83302, -2.76665, 11.55618
-7.03279, -1.69064, 873.84092,  6.36329, -3.22776, 11.55618
-7.03279, -1.69064, 873.84092,  6.36329, -2.76665, 11.55618
-7.73607, -1.69064, 873.84092,  6.36329, -2.76665, 11.55618
-7.73607, -1.69064, 876.90300,  6.36329, -2.76665, 11.55618
-7.73607, -1.69064, 876.90300,  6.36329, -2.76665, 11.32678
-7.73607, -1.69064, 876.90300,  6.89356, -2.30554, 11.78559
-7.03279, -0.97879, 873.84092,  6.36329, -2.76665, 11.55618
-7.73607, -1.69064, 876.90300,  6.36329, -2.30554, 11.78559
-7.73607, -0.97879, 876.90300,  6.89356, -2.30554, 11.78559
-7.73607, -0.97879, 876.90300,  6.89356, -2.30554, 11.78559
-7.73607, -0.97879, 876.90300,  6.89356, -2.30554, 11.78559
-8.43935, -0.26694, 876.90300,  6.89356, -1.84443, 11.55618
-7.73607, -0.97879, 873.84092,  6.89356, -1.84443, 11.78559
-7.73607, -0.26694, 873.84092,  7.42384, -1.84443, 11.78559
-8.43935, -0.97879, 873.84092,  6.89356, -2.30554, 11.78559
-8.43935, -0.97879, 876.90300,  6.36329, -1.84443, 11.78559
-7.73607, -1.69064, 876.90300,  6.89356, -1.84443, 11.55618
-7.73607, -2.40249, 876.90300,  6.36329, -1.84443, 11.55618
-7.73607, -1.69064, 876.90300,  6.36329, -1.84443, 11.55618
-8.43935, -1.69064, 876.90300,  6.89356, -1.84443, 11.78559
-8.43935, -0.97879, 876.90300,  6.89356, -1.84443, 11.78559
-7.73607, -0.97879, 873.84092,  6.89356, -1.84443, 11.55618
-7.73607, -0.97879, 873.84092,  6.89356, -1.84443, 11.55618
-7.73607, -1.69064, 873.84092,  6.89356, -1.84443, 11.78559
-7.73607, -0.97879, 876.90300,  6.36329, -1.84443, 11.55618
-7.73607, -1.69064, 873.84092,  6.89356, -1.84443, 11.78559
-7.03279, -1.69064, 876.90300,  6.36329, -2.30554, 11.78559
-7.03279, -1.69064, 873.84092,  6.89356, -2.30554, 11.55618
-7.73607, -1.69064, 873.84092,  6.89356, -1.84443, 11.78559
-7.03279, -1.69064, 876.90300,  6.89356, -2.30554, 11.55618
-7.03279, -1.69064, 876.90300,  6.89356, -2.30554, 11.78559
-7.03279, -0.97879, 873.84092,  6.89356, -2.30554, 11.78559
-7.03279, -1.69064, 873.84092,  6.89356, -2.76665, 11.78559
-7.73607, -1.69064, 873.84092,  6.89356, -2.30554, 11.78559
-7.73607, -1.69064, 876.90300,  6.89356, -2.30554, 11.55618
-7.73607, -1.69064, 876.90300,  6.89356, -2.30554, 11.55618
-7.03279, -0.97879, 876.90300,  6.89356, -2.30554, 11.55618
-7.03279, -1.69064, 876.90300,  6.89356, -2.30554, 11.78559
-7.03279, -1.69064, 876.90300,  6.89356, -1.84443, 11.55618
-7.73607, -1.69064, 876.90300,  6.89356, -1.84443, 11.78559
-7.73607, -0.97879, 873.84092,  6.89356, -1.84443, 11.78559
-7.73607, -0.97879, 876.90300,  7.42384, -1.38332, 11.78559
-7.73607, -0.26694, 876.90300,  7.42384, -1.38332, 11.78559
-7.73607, -0.97879, 873.84092,  7.42384, -1.38332, 11.78559
-7.73607, -1.69064, 873.84092,  7.42384, -1.38332, 11.78559
-7.73607, -1.69064, 876.90300,  6.89356, -0.92222, 11.55618
-7.73607, -1.69064, 873.84092,  6.89356, -0.92222, 11.78559
-7.73607, -2.40249, 879.96508,  7.42384, -0.92222, 11.55618
-8.43935, -1.69064, 879.96508,  7.42384, -0.92222, 11.78559
-7.73607, -0.97879, 879.96508,  7.42384, -0.92222, 11.78559
-7.73607, -0.97879, 876.90300,  7.95411, -0.46111, 11.78559
-7.73607, -0.97879, 873.84092,  7.42384, -0.92222, 11.78559
-7.73607, -0.26694, 876.90300,  7.42384, -0.46111, 11.78559
-7.73607, -0.97879, 876.90300,  7.42384, -0.92222, 11.78559
-7.73607, -0.97879, 876.90300,  6.89356, -0.46111, 11.78559
-7.03279, -0.97879, 876.90300,  7.42384, -0.46111, 11.78559
-7.03279, -0.97879, 876.90300,  7.42384, -0.46111, 11.78559
-7.03279, -1.69064, 873.84092,  7.42384, -0.46111, 11.55618
-7.73607, -1.69064, 876.90300,  6.89356, -0.46111, 11.78559
-7.73607, -1.69064, 876.90300,  6.89356, -0.46111, 11.55618
-7.03279, -1.69064, 876.90300,  6.89356, -0.46111, 11.78559
-7.03279, -1.69064, 876.90300,  7.42384, -0.46111, 11.55618
-7.73607, -1.69064, 876.90300,  6.89356,  0.00000, 11.78559
-7.73607, -1.69064, 876.90300,  7.42384,  0.00000, 11.55618
-7.73607, -1.69064, 876.90300,  7.42384, -0.46111, 11.78559
-7.73607, -1.69064, 876.90300,  7.42384, -0.46111, 11.78559
-7.73607, -1.69064, 873.84092,  7.42384,  0.00000, 11.55618
-7.73607, -1.69064, 876.90300,  7.42384, -0.46111, 11.78559
-8.43935, -1.69064, 876.90300,  7.42384,  0.00000, 11.78559
-7.73607, -1.69064, 879.96508,  7.42384,  0.00000, 11.78559
-7.73607, -1.69064, 876.90300,  7.42384,  0.00000, 11.78559
-7.73607, -0.97879, 876.90300,  6.89356,  0.46111, 11.78559
-7.73607, -0.97879, 876.90300,  6.89356,  0.46111, 11.78559
-7.73607, -0.97879, 876.90300,  6.89356,  0.46111, 11.78559
-7.03279, -1.69064, 876.90300,  6.89356,  0.46111, 11.55618
-7.73607, -0.97879, 876.90300,  6.36329,  0.00000, 11.55618
-7.73607, -1.69064, 876.90300,  6.89356,  0.46111, 11.32678
-7.73607, -1.69064, 876.90300,  6.89356,  0.46111, 11.55618
-7.73607, -1.69064, 876.90300,  6.89356,  0.46111, 11.32678
-7.73607, -2.40249, 879.96508,  6.89356,  0.00000, 11.55618
-7.73607, -1.69064, 879.96508,  6.89356,  0.46111, 11.55618
-7.73607, -1.69064, 876.90300,  6.89356,  0.46111, 11.78559
-7.73607, -2.40249, 873.84092,  6.36329,  0.92222, 11.78559
-7.73607, -1.69064, 873.84092,  6.89356,  0.92222, 11.78559
-7.73607, -2.40249, 873.84092,  6.89356,  0.46111, 11.78559
-7.73607, -2.40249, 873.84092,  6.89356,  0.92222, 11.78559
-7.73607, -2.40249, 873.84092,  6.89356,  0.92222, 11.78559
-8.43935, -2.40249, 876.90300,  6.89356,  0.92222, 12.01499
-8.43935, -2.40249, 876.90300,  6.89356,  1.38332, 11.78559
-9.14263, -2.40249, 879.96508,  6.89356,  1.38332, 11.78559
-9.14263, -2.40249, 873.84092,  7.42384,  1.38332, 12.01499
-9.14263, -2.40249, 873.84092,  7.42384,  1.84443, 11.78559
-9.14263, -1.69064, 876.90300,  7.42384,  1.84443, 12.01499
-9.14263, -1.69064, 873.84092,  7.42384,  1.84443, 11.78559
-9.14263, -1.69064, 876.90300,  7.42384,  1.84443, 11.78559
-9.14263, -1.69064, 873.84092,  7.95411,  1.84443, 11.55618
-9.14263, -1.69064, 876.90300,  7.95411,  1.84443, 11.78559
-9.14263, -0.97879, 876.90300,  7.95411,  1.84443, 11.78559
-9.14263, -1.69064, 876.90300,  7.95411,  1.38332, 11.55618
-9.14263, -1.69064, 873.84092,  8.48439,  1.38332, 11.55618
-8.43935, -1.69064, 873.84092,  8.48439,  0.92222, 11.55618
-9.14263, -0.97879, 876.90300,  7.95411,  0.92222, 11.55618
-9.14263, -1.69064, 873.84092,  8.48439,  0.92222, 11.78559
-9.14263, -1.69064, 873.84092,  8.48439,  0.46111, 11.78559
-9.14263, -1.69064, 873.84092,  8.48439,  0.92222, 11.78559
-8.43935, -1.69064, 876.90300,  8.48439,  0.46111, 11.78559
-8.43935, -1.69064, 876.90300,  8.48439,  0.00000, 11.55618
-7.73607, -1.69064, 876.90300,  9.01466,  0.00000, 11.78559
-7.73607, -1.69064, 876.90300,  9.01466,  0.00000, 11.78559
-7.73607, -1.69064, 876.90300,  9.01466,  0.00000, 11.78559
-7.73607, -1.69064, 876.90300,  9.01466, -0.46111, 11.78559
-7.73607, -1.69064, 876.90300,  9.54494, -0.46111, 12.01499
-7.73607, -1.69064, 876.90300,  9.54494, -0.92222, 11.78559
-7.03279, -1.69064, 876.90300,  9.54494, -0.92222, 11.78559
-7.03279, -0.97879, 876.90300,  9.54494, -0.92222, 11.78559
-7.03279, -0.97879, 876.90300, 10.07521, -0.92222, 11.78559
-7.73607, -0.26694, 876.90300, 10.07521, -0.92222, 12.01499
-7.73607, -0.26694, 876.90300, 10.60548, -1.38332, 11.78559
-7.03279, -0.97879, 876.90300, 10.60548, -1.38332, 11.78559
-7.03279, -0.26694, 879.96508, 10.60548, -1.38332, 11.78559
-7.03279, -0.26694, 879.96508, 10.60548, -1.38332, 11.78559
-7.03279, -0.26694, 876.90300, 10.60548, -1.38332, 12.01499
-7.73607, -0.26694, 876.90300, 10.60548, -1.38332, 11.78559
-7.03279, -0.26694, 876.90300, 11.13576, -1.38332, 11.78559
-7.03279, -0.97879, 876.90300, 11.13576, -1.38332, 11.78559
-7.03279, -0.26694, 873.84092, 11.13576, -1.38332, 11.55618
-7.03279, -0.26694, 873.84092, 11.13576, -1.38332, 11.78559
-7.03279, -0.26694, 876.90300, 10.60548, -1.38332, 11.55618
-7.03279, -0.97879, 876.90300, 10.60548, -1.38332, 11.55618
-7.03279, -1.69064, 879.96508, 10.60548, -1.38332, 11.78559
-7.03279, -0.97879, 876.90300, 11.13576, -1.38332, 11.78559
-7.03279, -0.97879, 876.90300, 11.13576, -1.38332, 11.78559
-7.03279, -0.97879, 876.90300, 11.13576, -1.38332, 11.55618
-7.73607, -0.26694, 876.90300, 11.13576, -1.38332, 11.55618
-7.03279, -0.26694, 876.90300, 11.13576, -1.38332, 12.01499
-7.03279, -0.26694, 876.90300, 10.60548, -1.38332, 11.78559
-7.03279, -0.26694, 879.96508, 10.60548, -1.38332, 11.78559
-7.03279, -0.26694, 876.90300, 10.60548, -1.38332, 11.78559
-7.03279, -0.26694, 876.90300, 10.60548, -0.92222, 11.78559
-7.03279, -0.26694, 876.90300, 10.60548, -0.92222, 11.78559
-7.03279, -0.97879, 876.90300, 10.07521, -0.92222, 11.78559
-7.03279, -0.26694, 876.90300, 10.07521, -0.92222, 11.78559
-7.03279, -0.97879, 879.96508, 10.07521, -0.92222, 11.55618
-7.03279, -0.97879, 879.96508, 10.07521, -0.46111, 11.78559
-7.03279, -0.26694, 876.90300, 10.07521, -0.46111, 11.55618
-7.03279, -0.26694, 876.90300, 10.07521, -0.46111, 11.55618
-7.73607, -0.97879, 876.90300,  9.54494, -0.46111, 11.78559
-7.03279, -0.97879, 876.90300,  9.54494, -0.46111, 11.78559
-7.03279, -1.69064, 876.90300,  9.54494,  0.00000, 11.78559
-7.03279, -1.69064, 876.90300,  9.01466,  0.00000, 11.78559
-7.03279, -2.40249, 879.96508,  9.01466,  0.00000, 11.78559
-7.73607, -0.97879, 876.90300,  7.95411,  0.00000, 11.55618
-7.73607, -1.69064, 876.90300,  7.95411,  0.46111, 11.78559
-7.03279, -1.69064, 876.90300,  7.95411,  0.46111, 11.78559
-7.73607, -2.40249, 876.90300,  7.42384,  0.46111, 11.78559
-7.03279, -2.40249, 876.90300,  7.42384,  0.92222, 11.55618
-7.73607, -3.11434, 876.90300,  7.95411,  0.92222, 11.78559
-7.73607, -2.40249, 876.90300,  7.95411,  1.38332, 11.55618
-7.03279, -2.40249, 879.96508,  7.42384,  1.38332, 11.55618
-7.73607, -2.40249, 879.96508,  7.42384,  1.38332, 11.78559
-7.73607, -2.40249, 876.90300,  7.42384,  1.84443, 11.78559
-8.43935, -2.40249, 879.96508,  7.42384,  1.84443, 11.78559
-8.43935, -1.69064, 876.90300,  7.42384,  2.30554, 11.78559
-8.43935, -1.69064, 876.90300,  7.95411,  2.30554, 11.78559
-8.43935, -1.69064, 876.90300,  7.95411,  2.76665, 11.55618
-9.14263, -1.69064, 876.90300,  7.42384,  2.76665, 11.78559
-9.14263, -2.40249, 879.96508,  7.42384,  2.76665, 11.78559
-9.14263, -2.40249, 876.90300,  6.89356,  2.76665, 11.78559
-9.14263, -2.40249, 876.90300,  7.42384,  2.30554, 11.78559
-9.14263, -1.69064, 879.96508,  7.42384,  2.30554, 11.78559
-8.43935, -1.69064, 876.90300,  7.42384,  2.30554, 11.78559
-8.43935, -1.69064, 876.90300,  7.95411,  2.30554, 11.78559
-8.43935, -0.97879, 876.90300,  7.42384,  2.30554, 11.78559
-8.43935, -1.69064, 876.90300,  7.42384,  2.30554, 11.78559
-8.43935, -1.69064, 876.90300,  7.42384,  1.84443, 11.78559
-8.43935, -0.97879, 876.90300,  7.95411,  1.84443, 11.55618
-7.73607, -1.69064, 876.90300,  7.42384,  1.84443, 11.78559
-7.73607, -1.69064, 879.96508,  7.42384,  1.38332, 11.78559
-7.03279, -1.69064, 876.90300,  7.95411,  1.38332, 11.78559
-8.43935, -1.69064, 876.90300,  7.95411,  0.92222, 11.55618
-7.73607, -1.69064, 879.96508,  7.95411,  1.38332, 11.55618
-7.73607, -1.69064, 876.90300,  7.95411,  0.92222, 11.78559
-7.03279, -1.69064, 879.96508,  7.95411,  0.92222, 11.55618
-7.73607, -1.69064, 876.90300,  7.42384,  0.46111, 11.78559
-7.73607, -1.69064, 876.90300,  7.95411,  0.92222, 11.78559
-7.73607, -1.69064, 876.90300,  7.95411,  0.46111, 11.78559
-7.03279, -0.97879, 879.96508,  7.95411,  0.46111, 11.78559
-7.73607, -1.69064, 876.90300,  7.95411,  0.46111, 11.78559
-7.73607, -1.69064, 876.90300,  7.95411,  0.46111, 11.78559
-8.43935, -1.69064, 876.90300,  7.95411,  0.46111, 11.78559
-7.73607, -1.69064, 876.90300,  7.95411,  0.00000, 11.78559
-7.73607, -0.97879, 876.90300,  7.95411,  0.00000, 11.78559
-7.73607, -1.69064, 876.90300,  7.95411,  0.00000, 11.78559
-7.73607, -0.97879, 876.90300,  7.95411, -0.46111, 11.78559
-7.73607, -1.69064, 876.90300,  7.95411, -0.46111, 11.78559
-8.43935, -0.97879, 876.90300,  7.95411, -0.46111, 11.78559
-7.73607, -1.69064, 876.90300,  7.95411, -0.46111, 12.01499
-7.73607, -1.69064, 879.96508,  7.42384, -0.46111, 11.78559
-8.43935, -1.69064, 879.96508,  7.42384, -0.46111, 11.78559
-7.73607, -1.69064, 879.96508,  7.95411, -0.92222, 11.78559
-7.73607, -0.97879, 876.90300,  7.42384, -0.46111, 11.78559
-7.73607, -0.97879, 873.84092,  7.95411, -0.46111, 11.78559
-7.73607, -0.97879, 873.84092,  7.95411, -0.92222, 11.78559
-7.73607, -0.97879, 873.84092,  7.95411, -0.92222, 11.78559
-7.73607, -0.26694, 876.90300,  7.95411, -0.92222, 11.78559
-7.03279, -1.69064, 876.90300,  7.42384, -0.92222, 12.01499
-7.03279, -1.69064, 876.90300,  7.42384, -0.92222, 11.78559
-7.73607, -1.69064, 876.90300,  7.42384, -0.92222, 11.55618
-7.73607, -1.69064, 876.90300,  7.42384, -0.92222, 11.55618
-7.73607, -1.69064, 876.90300,  7.42384, -0.92222, 11.55618
-7.03279, -1.69064, 876.90300,  7.42384, -0.92222, 11.55618
-7.73607, -1.69064, 876.90300,  7.42384, -0.92222, 11.55618
-7.03279, -0.97879, 876.90300,  6.89356, -1.38332, 11.55618
-7.73607, -1.69064, 876.90300,  6.89356, -0.92222, 11.55618
-7.73607, -0.97879, 876.90300,  7.42384, -0.92222, 11.55618
-7.03279, -0.97879, 876.90300,  6.36329, -0.92222, 11.55618
-7.73607, -0.97879, 876.90300,  6.36329, -0.92222, 11.55618
-7.73607, -1.69064, 876.90300,  6.89356, -0.92222, 11.55618
-7.73607, -1.69064, 876.90300,  6.36329, -0.46111, 11.55618
-8.43935, -1.69064, 876.90300,  5.83302, -0.92222, 11.78559
-8.43935, -2.40249, 879.96508,  6.36329, -0.92222, 11.78559
-7.73607, -2.40249, 879.96508,  5.83302, -1.38332, 11.78559
-7.73607, -2.40249, 876.90300,  5.83302, -1.38332, 11.78559
-7.73607, -1.69064, 876.90300,  5.83302, -1.38332, 11.78559
-7.73607, -1.69064, 876.90300,  5.30274, -1.38332, 11.78559
-8.43935, -1.69064, 876.90300,  5.30274, -1.38332, 11.78559
-8.43935, -2.40249, 876.90300,  4.77247, -1.38332, 11.78559
-8.43935, -3.11434, 876.90300,  4.77247, -1.38332, 11.78559
-7.73607, -2.40249, 876.90300,  4.24219, -1.38332, 11.78559
-7.73607, -3.82619, 876.90300,  4.24219, -1.84443, 11.78559
-7.73607, -3.11434, 876.90300,  4.24219, -1.84443, 11.55618
-7.73607, -3.11434, 876.90300,  4.24219, -2.30554, 11.78559
-7.73607, -3.11434, 876.90300,  4.24219, -2.30554, 11.78559
-7.03279, -2.40249, 876.90300,  4.24219, -2.30554, 11.78559
-7.73607, -2.40249, 876.90300,  4.24219, -2.30554, 11.78559
-7.73607, -3.11434, 876.90300,  4.24219, -2.30554, 11.78559
-7.03279, -2.40249, 879.96508,  4.24219, -2.76665, 11.78559
-7.03279, -2.40249, 876.90300,  4.24219, -2.76665, 11.55618
-7.03279, -2.40249, 876.90300,  4.77247, -2.76665, 11.78559
-7.03279, -2.40249, 876.90300,  4.77247, -2.76665, 11.78559
-7.73607, -2.40249, 873.84092,  5.30274, -3.22776, 11.78559
-7.03279, -2.40249, 876.90300,  4.77247, -3.22776, 11.55618
-7.03279, -2.40249, 876.90300,  5.30274, -3.22776, 11.78559
-7.03279, -2.40249, 876.90300,  4.77247, -3.22776, 11.78559
-7.03279, -2.40249, 876.90300,  5.30274, -3.22776, 11.78559
-7.03279, -2.40249, 876.90300,  5.30274, -3.22776, 11.78559
-7.03279, -1.69064, 876.90300,  5.83302, -3.22776, 11.78559
-6.32951, -1.69064, 873.84092,  5.83302, -3.22776, 11.78559
-6.32951, -1.69064, 876.90300,  5.83302, -3.22776, 11.78559
-7.03279, -1.69064, 873.84092,  6.36329, -3.22776, 11.55618
-7.03279, -1.69064, 876.90300,  5.83302, -3.68886, 11.78559
-7.03279, -1.69064, 876.90300,  6.36329, -3.22776, 11.55618
-7.03279, -0.97879, 876.90300,  6.89356, -3.68886, 11.55618
-7.03279, -0.97879, 876.90300,  6.89356, -3.68886, 11.55618
-6.32951, -0.26694, 876.90300,  7.42384, -3.68886, 11.55618
-6.32951, -0.97879, 876.90300,  7.42384, -3.68886, 11.55618
-7.03279, -0.97879, 876.90300,  7.42384, -3.22776, 11.55618
-7.03279, -0.97879, 876.90300,  7.95411, -3.22776, 11.55618
-7.03279, -0.97879, 876.90300,  7.42384, -3.68886, 11.55618
-6.32951, -0.97879, 876.90300,  7.42384, -3.68886, 11.55618
-7.03279, -0.97879, 876.90300,  7.42384, -3.22776, 11.55618
-7.03279, -0.97879, 873.84092,  7.95411, -3.22776, 11.55618
-7.03279, -0.97879, 876.90300,  7.42384, -3.22776, 11.55618
-6.32951, -0.97879, 876.90300,  7.42384, -2.76665, 11.78559
-6.32951, -0.97879, 879.96508,  7.42384, -3.22776, 11.55618
-7.03279, -0.97879, 876.90300,  7.42384, -2.76665, 11.55618
-7.03279, -0.97879, 876.90300,  7.42384, -2.30554, 11.55618
-7.03279, -0.97879, 876.90300,  6.89356, -2.30554, 11.55618
-7.73607, -1.69064, 876.90300,  7.42384, -2.30554, 11.55618
-7.03279, -1.69064, 876.90300,  6.89356, -2.30554, 11.55618
-7.73607, -1.69064, 876.90300,  6.89356, -2.30554, 11.78559
-7.73607, -1.69064, 876.90300,  7.42384, -1.84443, 11.78559
-7.73607, -0.97879, 876.90300,  6.89356, -1.84443, 11.78559
-7.73607, -1.69064, 876.90300,  6.89356, -1.84443, 11.78559
-7.73607, -0.97879, 876.90300,  6.89356, -1.84443, 11.78559
-7.73607, -1.69064, 876.90300,  6.89356, -1.38332, 11.78559
-7.73607, -0.97879, 879.96508,  6.89356, -0.92222, 11.78559
-7.73607, -0.97879, 876.90300,  6.89356, -0.92222, 11.78559
-7.73607, -1.69064, 876.90300,  6.89356, -1.38332, 11.78559
-7.73607, -0.97879, 873.84092,  6.89356, -0.92222, 11.78559
-7.73607, -0.97879, 876.90300,  6.36329, -0.46111, 11.78559
-7.03279, -1.69064, 876.90300,  6.89356, -0.46111, 11.78559
-7.73607, -1.69064, 876.90300,  6.36329, -0.46111, 11.78559
-7.73607, -1.69064, 876.90300,  6.36329,  0.00000, 11.78559
-7.73607, -1.69064, 876.90300,  6.36329,  0.00000, 11.78559
-7.73607, -1.69064, 876.90300,  5.83302,  0.00000, 11.78559
-7.73607, -1.69064, 876.90300,  6.36329,  0.46111, 11.78559
-7.73607, -0.97879, 876.90300,  6.36329,  0.00000, 11.78559
-7.73607, -1.69064, 873.84092,  6.36329,  0.46111, 11.78559
-7.73607, -0.97879, 876.90300,  6.36329,  0.00000, 11.55618
-7.73607, -0.97879, 876.90300,  5.83302,  0.46111, 11.78559
-7.73607, -1.69064, 876.90300,  5.83302,  0.92222, 11.78559
-7.73607, -1.69064, 876.90300,  5.83302,  0.92222, 11.55618
-7.73607, -2.40249, 876.90300,  5.83302,  1.38332, 11.78559
-8.43935, -1.69064, 876.90300,  5.83302,  1.38332, 11.55618
-7.73607, -1.69064, 876.90300,  5.83302,  1.38332, 11.55618
-7.73607, -1.69064, 873.84092,  5.83302,  1.38332, 11.55618
-7.73607, -2.40249, 876.90300,  5.83302,  1.38332, 11.78559
-7.73607, -2.40249, 876.90300,  5.30274,  1.84443, 11.78559
-7.73607, -2.40249, 876.90300,  5.30274,  2.30554, 11.78559
-7.73607, -2.40249, 876.90300,  5.83302,  1.84443, 11.55618
-7.73607, -2.40249, 879.96508,  5.30274,  1.84443, 11.55618
-8.43935, -2.40249, 876.90300,  5.83302,  2.30554, 11.55618
-8.43935, -2.40249, 876.90300,  5.30274,  2.76665, 11.55618
-8.43935, -1.69064, 873.84092,  5.83302,  2.30554, 11.55618
-7.73607, -1.69064, 876.90300,  5.83302,  2.76665, 11.55618
-8.43935, -1.69064, 876.90300,  5.83302,  2.76665, 11.78559
-8.43935, -2.40249, 879.96508,  5.83302,  2.76665, 11.55618
-7.73607, -1.69064, 876.90300,  5.83302,  3.22776, 11.55618
-8.43935, -2.40249, 876.90300,  5.83302,  3.22776, 11.78559
-8.43935, -2.40249, 876.90300,  5.83302,  3.22776, 11.78559
-8.43935, -2.40249, 876.90300,  5.83302,  3.68886, 11.78559
-8.43935, -2.40249, 876.90300,  5.83302,  3.22776, 11.78559
-8.43935, -2.40249, 876.90300,  6.36329,  3.22776, 11.78559
-8.43935, -2.40249, 876.90300,  5.83302,  3.22776, 11.78559
-8.43935, -1.69064, 876.90300,  6.36329,  3.68886, 11.78559
-7.73607, -1.69064, 876.90300,  6.36329,  3.68886, 11.78559
-8.43935, -1.69064, 876.90300,  6.36329,  3.22776, 11.78559
-8.43935, -2.40249, 876.90300,  6.89356,  3.68886, 11.78559
-8.43935, -2.40249, 876.90300,  6.36329,  3.68886, 11.55618
-8.43935, -1.69064, 876.90300,  6.89356,  3.68886, 11.78559
-8.43935, -1.69064, 876.90300,  6.89356,  3.68886, 11.78559
-8.43935, -1.69064, 873.84092,  6.89356,  3.68886, 11.78559
-8.43935, -1.69064, 873.84092,  6.89356,  3.68886, 11.78559
-8.43935, -1.69064, 876.90300,  7.42384,  4.14997, 11.78559
-8.43935, -2.40249, 876.90300,  6.89356,  4.14997, 11.78559
-8.43935, -2.40249, 879.96508,  6.89356,  4.14997, 11.78559
-7.73607, -1.69064, 876.90300,  6.89356,  3.68886, 11.78559
-7.73607, -1.69064, 876.90300,  7.42384,  3.68886, 11.78559
-7.73607, -1.69064, 876.90300,  7.42384,  3.68886, 11.55618
-8.43935, -1.69064, 876.90300,  7.95411,  3.68886, 11.78559
-8.43935, -1.69064, 876.90300,  7.95411,  4.14997, 11.55618
-8.43935, -2.40249, 873.84092,  7.95411,  4.14997, 11.55618
-8.43935, -1.69064, 873.84092,  7.95411,  4.14997, 11.55618
-8.43935, -1.69064, 876.90300,  7.95411,  4.14997, 11.55618
-8.43935, -1.69064, 873.84092,  7.95411,  3.68886, 11.55618
-8.43935, -1.69064, 873.84092,  7.95411,  4.14997, 11.55618
-8.43935, -1.69064, 876.90300,  7.95411,  4.14997, 11.55618
-8.43935, -2.40249, 879.96508,  7.95411,  4.14997, 11.55618
-8.43935, -2.40249, 876.90300,  7.95411,  4.14997, 11.78559
-8.43935, -2.40249, 879.96508,  7.95411,  4.14997, 11.78559
-8.43935, -1.69064, 876.90300,  7.95411,  4.14997, 11.78559
-8.43935, -2.40249, 876.90300,  8.48439,  4.14997, 11.78559
-8.43935, -1.69064, 876.90300,  8.48439,  4.14997, 11.78559
-7.73607, -0.97879, 876.90300,  8.48439,  4.14997, 11.78559
-7.73607, -0.97879, 876.90300,  9.01466,  4.14997, 11.78559
-7.73607, -0.97879, 876.90300,  9.01466,  4.14997, 11.78559
