
-6.06578,  1.42370, 805.32689,  1.39197, 22.59429, 11.55618
-6.06578,  1.42370, 805.32689,  1.39197, 22.59429, 11.78559
-5.36250,  0.71185, 808.38897,  1.39197, 22.59429, 11.55618
-5.36250,  0.71185, 805.32689,  1.39197, 22.13318, 11.32678
-4.65923,  0.00000, 808.38897,  1.39197, 21.67208, 11.32678
-3.95595,  0.00000, 805.32689,  1.92224, 21.21097, 11.32678
-3.25267,  0.71185, 808.38897,  1.39197, 20.28875, 11.32678
-3.25267,  0.71185, 805.32689,  1.39197, 19.82764, 11.32678
-1.84611,  1.42370, 805.32689,  1.92224, 19.82764, 11.32678
-1.84611,  2.13555, 808.38897,  1.92224, 19.36654, 11.32678
-1.84611,  1.42370, 808.38897,  2.45252, 19.36654, 11.32678
-1.84611,  1.42370, 808.38897,  1.92224, 19.36654, 11.55618
-1.84611,  0.71185, 808.38897,  1.92224, 19.36654, 11.32678
-1.84611,  0.71185, 808.38897,  1.39197, 19.36654, 11.55618
-2.54939,  0.00000, 808.38897,  1.92224, 19.82764, 11.55618
-3.25267,  0.71185, 808.38897,  1.39197, 20.74986, 11.55618
-3.95595,  0.00000, 808.38897,  1.39197, 21.21097, 11.78559
-4.65923,  0.71185, 808.38897,  0.86170, 22.13318, 11.78559
-5.36250,  0.71185, 808.38897,  0.86170, 22.59429, 12.01499
-6.06578,  0.00000, 808.38897,  0.86170, 23.51651, 11.78559
-6.06578,  0.71185, 805.32689,  0.86170, 23.97762, 12.01499
-6.06578,  0.00000, 805.32689,  0.86170, 23.51651, 11.78559
-5.36250,  0.71185, 805.32689,  0.33142, 23.97762, 11.78559
-5.36250,  0.00000, 805.32689, -0.19885, 23.51651, 11.78559
-5.36250, -0.71185, 805.32689, -0.19885, 23.51651, 11.55618
-5.36250, -0.71185, 808.38897, -0.72913, 23.51651, 11.78559
-4.65923, -0.71185, 808.38897, -0.72913, 23.05540, 11.78559
-4.65923, -0.71185, 808.38897, -0.72913, 22.59429, 11.78559
-3.25267, -0.71185, 808.38897, -0.19885, 22.13318, 11.55618
-3.25267, -0.71185, 805.32689, -0.72913, 21.67208, 11.55618
-2.54939,  0.00000, 805.32689, -0.19885, 21.21097, 11.55618
-2.54939, -0.71185, 805.32689, -0.72913, 20.74986, 11.78559
-2.54939,  0.00000, 805.32689, -0.72913, 20.74986, 11.55618
-2.54939, -0.71185, 805.32689, -0.72913, 20.28875, 11.78559
-2.54939,  0.00000, 805.32689, -0.72913, 20.74986, 11.55618
-3.25267,  0.00000, 808.38897, -0.72913, 20.28875, 11.78559
-3.25267, -0.71185, 805.32689, -0.72913, 21.21097, 11.78559
-3.95595,  0.00000, 805.32689, -0.72913, 21.21097, 11.78559
-3.95595, -0.71185, 805.32689, -0.72913, 21.67208, 11.78559
-4.65923,  0.00000, 805.32689, -0.72913, 22.13318, 11.78559
-4.65923,  0.00000, 805.32689, -0.72913, 22.59429, 11.78559
-4.65923,  0.00000, 805.32689, -1.25940, 22.13318, 11.78559
-5.36250,  0.00000, 805.32689, -1.78968, 22.13318, 11.78559
-4.65923, -0.71185, 805.32689, -1.78968, 22.13318, 11.55618
-4.65923, -0.71185, 805.32689, -2.31995, 21.67208, 11.55618
-3.95595, -0.71185, 805.32689, -2.31995, 21.67208, 11.55618
-4.65923, -1.42370, 808.38897, -2.31995, 21.21097, 11.55618
-3.95595, -0.71185, 808.38897, -2.85022, 20.74986, 11.32678
-3.25267, -1.42370, 808.38897, -3.38050, 20.74986, 11.55618
-3.25267, -1.42370, 805.32689, -3.38050, 20.74986, 11.55618
-3.25267, -1.42370, 808.38897, -3.38050, 20.28875, 11.32678
-3.25267, -1.42370, 808.38897, -3.38050, 20.28875, 11.78559
-3.25267, -0.71185, 808.38897, -3.38050, 20.28875, 11.55618
-3.25267, -0.71185, 808.38897, -3.91077, 20.28875, 11.78559
-3.25267, -0.71185, 805.32689, -3.91077, 20.28875, 11.55618
-2.54939, -0.71185, 808.38897, -3.91077, 20.28875, 11.55618
-2.54939, -0.71185, 805.32689, -3.91077, 20.28875, 11.78559
-3.25267, -1.42370, 805.32689, -3.91077, 20.28875, 11.55618
-3.25267, -1.42370, 805.32689, -3.91077, 20.28875, 11.78559
-3.25267, -1.42370, 805.32689, -4.44105, 20.28875, 11.78559
-3.25267, -1.42370, 805.32689, -4.44105, 20.74986, 11.78559
-3.95595, -1.42370, 805.32689, -3.91077, 20.74986, 11.78559
-3.95595, -1.42370, 805.32689, -3.91077, 21.21097, 11.78559
-3.95595, -1.42370, 805.32689, -3.91077, 21.21097, 11.78559
-3.95595, -1.42370, 805.32689, -3.91077, 21.21097, 11.78559
-3.95595, -1.42370, 808.38897, -3.91077, 20.74986, 11.78559
-3.95595, -1.42370, 805.32689, -3.38050, 21.21097, 11.78559
-3.95595, -1.42370, 808.38897, -3.91077, 20.74986, 11.78559
-3.95595, -0.71185, 805.32689, -2.85022, 21.21097, 11.78559
-4.65923, -0.71185, 805.32689, -3.38050, 20.74986, 11.78559
-4.65923, -0.71185, 805.32689, -2.85022, 21.21097, 11.78559
-4.65923,  0.00000, 805.32689, -2.85022, 21.21097, 11.78559
-4.65923, -0.71185, 805.32689, -2.31995, 21.67208, 11.78559
-4.65923, -0.71185, 805.32689, -2.85022, 21.21097, 11.78559
-3.95595,  0.00000, 805.32689, -2.85022, 21.21097, 11.55618
-3.95595,  0.00000, 805.32689, -2.31995, 21.67208, 11.78559
-4.65923,  0.71185, 805.32689, -2.85022, 21.67208, 11.78559
-4.65923,  0.71185, 808.38897, -2.31995, 21.67208, 11.55618
-4.65923,  0.71185, 808.38897, -2.85022, 21.21097, 11.55618
-4.65923,  0.00000, 805.32689, -2.85022, 21.21097, 11.55618
-3.95595,  0.71185, 805.32689, -3.38050, 21.21097, 11.32678
-4.65923,  0.71185, 805.32689, -3.38050, 21.21097, 11.55618
-4.65923,  0.71185, 805.32689, -3.38050, 21.21097, 11.55618
-4.65923,  0.71185, 805.32689, -3.38050, 21.21097, 11.55618
-4.65923,  0.00000, 805.32689, -3.38050, 21.21097, 11.32678
-4.65923,  0.71185, 805.32689, -3.91077, 20.74986, 11.55618
-4.65923,  0.00000, 805.32689, -3.91077, 20.74986, 11.55618
-3.95595, -0.71185, 805.32689, -4.44105, 20.74986, 11.55618
-3.95595, -1.42370, 802.26481, -4.44105, 20.28875, 11.55618
-3.95595, -0.71185, 805.32689, -4.44105, 20.28875, 11.55618
-3.25267, -1.42370, 802.26481, -4.97132, 19.82764, 11.55618
-3.25267, -1.42370, 805.32689, -4.97132, 19.82764, 11.55618
-3.25267, -1.42370, 805.32689, -5.50159, 19.36654, 11.32678
-3.25267, -1.42370, 805.32689, -4.97132, 18.90543, 11.32678
-2.54939, -1.42370, 805.32689, -5.50159, 18.44432, 11.32678
-2.54939, -2.13555, 805.32689, -6.03187, 18.44432, 11.32678
-1.84611, -2.13555, 805.32689, -6.03187, 18.44432, 11.32678
-2.54939, -1.42370, 805.32689, -6.03187, 18.44432, 11.55618
-2.54939, -1.42370, 805.32689, -6.56214, 18.44432, 11.78559
-3.25267, -1.42370, 808.38897, -6.03187, 18.90543, 11.55618
-2.54939, -0.71185, 808.38897, -6.03187, 18.90543, 11.55618
-2.54939, -0.71185, 805.32689, -6.56214, 18.90543, 11.78559
-3.25267, -0.71185, 808.38897, -6.56214, 19.82764, 11.78559
-3.95595, -0.71185, 808.38897, -6.03187, 19.82764, 11.78559
-3.95595, -0.71185, 805.32689, -6.56214, 20.28875, 11.78559
-3.25267, -1.42370, 805.32689, -6.56214, 20.28875, 11.78559
-3.95595, -0.71185, 805.32689, -6.03187, 20.28875, 11.78559
-3.95595, -0.71185, 805.32689, -6.56214, 20.74986, 11.78559
-3.95595, -1.42370, 808.38897, -6.03187, 20.74986, 11.55618
-4.65923, -0.71185, 805.32689, -6.03187, 20.74986, 11.55618
-3.95595, -0.71185, 805.32689, -6.03187, 20.28875, 11.32678
-3.95595, -0.71185, 805.32689, -5.50159, 20.28875, 11.32678
-3.25267, -0.71185, 805.32689, -6.03187, 19.82764, 11.32678
-3.25267, -0.71185, 805.32689, -6.03187, 19.82764, 11.55618
-3.25267, -0.71185, 805.32689, -5.50159, 19.36654, 11.55618
-3.25267, -0.71185, 805.32689, -5.50159, 19.82764, 11.55618
-3.25267, -0.71185, 805.32689, -5.50159, 19.36654, 11.55618
-3.25267, -0.71185, 808.38897, -5.50159, 19.36654, 11.55618
-2.54939, -0.71185, 808.38897, -6.03187, 18.90543, 11.78559
-3.25267, -0.71185, 805.32689, -6.03187, 18.90543, 11.78559
-3.25267,  0.00000, 808.38897, -6.03187, 18.90543, 11.55618
-2.54939,  0.71185, 805.32689, -5.50159, 18.44432, 11.55618
-2.54939,  0.00000, 808.38897, -5.50159, 18.44432, 11.78559
-2.54939,  0.00000, 805.32689, -5.50159, 18.44432, 11.78559
-2.54939,  0.71185, 805.32689, -5.50159, 18.44432, 11.55618
-1.84611,  0.71185, 805.32689, -5.50159, 18.44432, 11.78559
-1.84611,  0.00000, 805.32689, -5.50159, 18.44432, 11.78559
-1.84611,  0.00000, 808.38897, -5.50159, 18.44432, 11.78559
-1.14283, -0.71185, 805.32689, -5.50159, 18.44432, 11.55618
-1.84611, -0.71185, 808.38897, -6.03187, 18.44432, 11.78559
-1.84611, -0.71185, 808.38897, -6.03187, 18.44432, 11.78559
-1.84611, -0.71185, 805.32689, -6.03187, 19.36654, 11.55618
-2.54939, -0.71185, 808.38897, -6.56214, 20.28875, 11.55618
-3.25267, -0.71185, 808.38897, -6.56214, 21.21097, 11.78559
-3.25267, -0.71185, 808.38897, -6.56214, 21.67208, 11.78559
-4.65923, -0.71185, 808.38897, -6.56214, 22.59429, 11.78559
-5.36250, -0.71185, 808.38897, -6.56214, 23.97762, 11.55618
-6.06578, -0.71185, 808.38897, -6.56214, 24.43872, 11.78559
-6.06578,  0.00000, 805.32689, -6.56214, 24.89983, 11.78559
-6.06578,  0.00000, 805.32689, -6.03187, 24.89983, 11.55618
-6.06578,  0.00000, 805.32689, -7.09242, 24.89983, 11.32678
-5.36250, -0.71185, 805.32689, -6.56214, 24.43872, 11.55618
-4.65923, -0.71185, 808.38897, -6.56214, 24.43872, 11.32678
-4.65923, -0.71185, 808.38897, -7.09242, 24.43872, 11.32678
-5.36250, -0.71185, 808.38897, -7.09242, 24.43872, 11.32678
-4.65923, -0.71185, 808.38897, -7.09242, 24.43872, 11.32678
-4.65923, -0.71185, 808.38897, -7.09242, 23.97762, 11.32678
-3.95595, -0.71185, 808.38897, -7.09242, 23.97762, 11.55618
-3.95595, -0.71185, 808.38897, -7.62269, 23.51651, 11.32678
-3.25267, -1.42370, 805.32689, -7.62269, 23.51651, 11.55618
-3.95595, -0.71185, 808.38897, -7.09242, 23.51651, 11.55618
-3.95595, -0.71185, 808.38897, -7.62269, 23.05540, 11.55618
-3.25267, -0.71185, 805.32689, -7.62269, 22.59429, 11.55618
-3.25267, -0.71185, 805.32689, -7.62269, 22.59429, 11.55618
-3.25267, -0.71185, 805.32689, -8.15297, 22.13318, 11.78559
-3.25267, -0.71185, 808.38897, -8.15297, 22.59429, 11.55618
-3.95595, -0.71185, 808.38897, -8.15297, 22.59429, 11.55618
-3.95595, -0.71185, 808.38897, -8.15297, 22.59429, 11.55618
-3.25267, -0.71185, 805.32689, -8.15297, 22.59429, 11.55618
-3.25267,  0.00000, 808.38897, -8.15297, 23.05540, 11.55618
-3.25267, -0.71185, 805.32689, -8.68324, 23.05540, 11.55618
-3.25267, -0.71185, 808.38897, -8.15297, 23.05540, 11.55618
-3.25267,  0.00000, 808.38897, -8.15297, 23.05540, 11.55618
-3.25267, -0.71185, 805.32689, -8.68324, 23.05540, 11.55618
-3.95595, -0.71185, 805.32689, -8.15297, 23.51651, 11.78559
-3.95595, -0.71185, 808.38897, -8.68324, 23.51651, 11.55618
-3.95595, -0.71185, 808.38897, -8.68324, 23.97762, 11.55618
-3.95595, -0.71185, 808.38897, -8.68324, 23.97762, 11.55618
-3.95595, -0.71185, 808.38897, -9.21351, 24.43872, 11.78559
-4.65923, -0.71185, 808.38897, -9.21351, 23.97762, 11.78559
-4.65923, -0.71185, 808.38897, -9.21351, 23.97762, 11.55618
-3.95595, -0.71185, 805.32689, -9.21351, 23.97762, 11.55618
-3.95595,  0.00000, 805.32689, -9.74379, 23.97762, 11.55618
-3.95595, -0.71185, 808.38897, -9.74379, 23.97762, 11.55618
-3.95595, -0.71185, 805.32689, -9.74379, 23.97762, 11.55618
-3.95595, -1.42370, 805.32689, -9.74379, 24.43872, 11.55618
-4.65923, -2.13555, 808.38897, -9.74379, 23.97762, 11.55618
-4.65923, -1.42370, 808.38897, -9.21351, 24.43872, 11.55618
-4.65923, -1.42370, 808.38897, -9.74379, 24.43872, 11.55618
-4.65923, -1.42370, 808.38897, -9.74379, 24.43872, 11.55618
-4.65923, -0.71185, 805.32689, -9.74379, 24.43872, 11.55618
-3.95595, -0.71185, 808.38897, -9.74379, 24.43872, 11.78559
-4.65923, -0.71185, 805.32689, -9.21351, 24.43872, 11.55618
-4.65923, -0.71185, 808.38897, -9.21351, 23.97762, 11.55618
-4.65923, -0.71185, 805.32689, -9.21351, 24.43872, 11.78559
-5.36250, -1.42370, 808.38897, -9.74379, 23.97762, 11.55618
-5.36250, -0.71185, 808.38897, -9.74379, 23.97762, 11.55618
-4.65923, -1.42370, 808.38897, -9.74379, 23.97762, 11.55618
-4.65923, -2.13555, 808.38897, -10.27406, 23.97762, 11.55618
-4.65923, -1.42370, 808.38897, -10.27406, 23.51651, 11.32678
-4.65923, -2.13555, 805.32689, -10.27406, 23.51651, 11.55618
-4.65923, -1.42370, 805.32689, -10.27406, 23.51651, 11.55618
-3.95595, -1.42370, 805.32689, -10.80434, 23.05540, 11.32678
-4.65923, -2.13555, 808.38897, -10.80434, 23.05540, 11.55618
-3.95595, -2.13555, 805.32689, -10.80434, 23.05540, 11.32678
-3.95595, -2.13555, 805.32689, -10.80434, 22.59429, 11.32678
-3.95595, -2.13555, 808.38897, -10.80434, 22.59429, 11.32678
-3.95595, -2.13555, 808.38897, -10.80434, 22.59429, 11.55618
-3.25267, -1.42370, 808.38897, -11.33461, 22.13318, 11.32678
-3.25267, -1.42370, 808.38897, -10.80434, 21.67208, 11.32678
-2.54939, -1.42370, 808.38897, -11.33461, 21.21097, 11.32678
-2.54939, -1.42370, 805.32689, -11.33461, 21.21097, 11.32678
-2.54939, -1.42370, 808.38897, -10.80434, 21.21097, 11.32678
-2.54939, -1.42370, 805.32689, -11.33461, 20.28875, 11.32678
-2.54939, -2.13555, 808.38897, -10.27406, 20.28875, 11.32678
-1.84611, -1.42370, 808.38897, -10.80434, 20.28875, 11.32678
-2.54939, -2.13555, 808.38897, -10.27406, 20.28875, 11.32678
-2.54939, -1.42370, 808.38897, -10.27406, 20.28875, 11.55618
-2.54939, -2.13555, 808.38897, -10.27406, 20.28875, 11.32678
-3.25267, -1.42370, 808.38897, -10.27406, 20.28875, 11.55618
-2.54939, -1.42370, 808.38897, -10.27406, 20.28875, 11.55618
-2.54939, -1.42370, 805.32689, -10.27406, 20.74986, 11.55618
-3.25267, -0.71185, 808.38897, -9.74379, 21.21097, 11.55618
-3.25267,  0.00000, 808.38897, -9.74379, 21.21097, 11.78559
-3.25267, -0.71185, 808.38897, -9.21351, 20.74986, 11.55618
-3.25267, -0.71185, 808.38897, -9.21351, 21.21097, 11.78559
-3.95595, -0.71185, 805.32689, -9.21351, 21.21097, 11.78559
-3.25267,  0.00000, 808.38897, -9.21351, 21.21097, 11.55618
-3.95595,  0.00000, 808.38897, -9.21351, 21.67208, 11.55618
-3.25267, -0.71185, 808.38897, -8.68324, 21.21097, 11.55618
-3.25267, -0.71185, 808.38897, -8.68324, 21.21097, 11.78559
-3.25267, -0.71185, 808.38897, -8.68324, 21.67208, 11.78559
-3.25267, -1.42370, 808.38897, -8.68324, 21.67208, 11.78559
-3.25267, -0.71185, 808.38897, -8.68324, 21.67208, 11.55618
-3.25267,  0.00000, 805.32689, -8.68324, 21.67208, 11.55618
-3.25267,  0.00000, 808.38897, -8.68324, 21.67208, 11.55618
-3.25267, -0.71185, 808.38897, -8.68324, 21.67208, 11.78559
-2.54939, -1.42370, 808.38897, -8.68324, 21.21097, 11.55618
-3.25267, -1.42370, 808.38897, -8.68324, 21.67208, 11.78559
-3.25267, -0.71185, 808.38897, -8.68324, 22.13318, 11.78559
-3.25267, -1.42370, 808.38897, -8.68324, 22.13318, 11.55618
-3.25267, -0.71185, 808.38897, -8.15297, 22.13318, 11.55618
-3.25267, -0.71185, 808.38897, -8.68324, 22.59429, 11.55618
-3.25267, -0.71185, 808.38897, -8.15297, 22.13318, 11.55618
-3.25267, -0.71185, 808.38897, -8.15297, 22.59429, 11.55618
-3.95595,  0.00000, 808.38897, -8.15297, 22.59429, 11.32678
-3.95595, -0.71185, 808.38897, -7.62269, 23.05540, 11.55618
-3.95595,  0.00000, 808.38897, -7.62269, 23.05540, 11.55618
-3.95595,  0.00000, 808.38897, -7.62269, 23.51651, 11.55618
-4.65923,  0.00000, 808.38897, -7.09242, 23.51651, 11.55618
-4.65923, -0.71185, 808.38897, -7.09242, 23.51651, 11.55618
-4.65923,  0.00000, 808.38897, -7.09242, 23.97762, 11.55618
-4.65923,  0.00000, 808.38897, -7.09242, 23.97762, 11.55618
-5.36250,  0.00000, 808.38897, -7.62269, 23.97762, 11.55618
-4.65923,  0.00000, 811.45105, -7.09242, 23.97762, 11.55618
-4.65923, -0.71185, 808.38897, -7.62269, 23.97762, 11.55618
-4.65923, -0.71185, 808.38897, -7.62269, 24.43872, 11.32678
-4.65923, -0.71185, 811.45105, -7.62269, 24.43872, 11.55618
-4.65923, -0.71185, 808.38897, -8.15297, 24.43872, 11.55618
-4.65923, -0.71185, 811.45105, -7.09242, 24.43872, 11.55618
-4.65923, -0.71185, 808.38897, -7.62269, 24.43872, 11.55618
-4.65923, -0.71185, 808.38897, -7.09242, 24.43872, 11.55618
-3.95595, -0.71185, 808.38897, -7.09242, 24.43872, 11.55618
-3.95595, -0.71185, 811.45105, -7.62269, 23.97762, 11.55618
-3.95595, -0.71185, 808.38897, -7.62269, 23.97762, 11.55618
-3.95595, -0.71185, 808.38897, -7.62269, 23.97762, 11.32678
-3.95595, -0.71185, 808.38897, -7.09242, 23.97762, 11.32678
-3.95595, -0.71185, 808.38897, -7.09242, 23.97762, 11.32678
-3.95595, -0.71185, 808.38897, -7.09242, 23.51651, 11.32678
-3.95595,  0.00000, 808.38897, -7.09242, 23.51651, 11.55618
-3.95595,  0.00000, 808.38897, -7.09242, 23.05540, 11.55618
-3.95595, -0.71185, 811.45105, -7.09242, 23.05540, 11.55618
-3.25267, -0.71185, 808.38897, -7.09242, 23.05540, 11.78559
-3.25267,  0.00000, 811.45105, -6.56214, 23.51651, 11.55618
-3.95595,  0.00000, 811.45105, -7.09242, 23.05540, 11.55618
-3.25267,  0.00000, 811.45105, -7.09242, 23.05540, 11.55618
-3.25267,  0.00000, 811.45105, -6.56214, 23.05540, 11.55618
-3.25267,  0.00000, 811.45105, -6.56214, 22.59429, 11.78559
-3.25267,  0.00000, 811.45105, -6.56214, 22.59429, 11.78559
-2.54939,  0.71185, 811.45105, -7.09242, 22.13318, 11.55618
-2.54939,  0.71185, 808.38897, -7.09242, 22.13318, 11.55618
-2.54939,  0.00000, 808.38897, -7.09242, 22.13318, 11.55618
-2.54939, -0.71185, 808.38897, -7.62269, 21.67208, 11.55618
-2.54939,  0.00000, 808.38897, -7.62269, 21.67208, 11.78559
-2.54939, -0.71185, 811.45105, -7.62269, 21.67208, 11.78559
-2.54939, -0.71185, 808.38897, -8.15297, 21.67208, 11.55618
-2.54939,  0.00000, 811.45105, -7.62269, 21.67208, 11.55618
-2.54939, -0.71185, 808.38897, -8.15297, 22.13318, 11.55618
-3.25267, -0.71185, 811.45105, -7.62269, 21.67208, 11.55618
-3.25267, -0.71185, 808.38897, -8.15297, 22.13318, 11.55618
-3.25267, -0.71185, 811.45105, -8.15297, 22.13318, 11.55618
-3.95595, -0.71185, 811.45105, -8.15297, 23.05540, 11.78559
-3.95595,  0.00000, 808.38897, -8.15297, 23.05540, 11.78559
-3.95595,  0.00000, 811.45105, -8.15297, 23.51651, 11.78559
-3.95595, -0.71185, 808.38897, -8.68324, 23.51651, 11.55618
-3.95595, -0.71185, 811.45105, -8.68324, 23.05540, 11.78559
-3.95595,  0.00000, 811.45105, -8.68324, 23.51651, 11.55618
-3.95595, -0.71185, 811.45105, -8.68324, 23.05540, 11.55618
-3.95595, -0.71185, 811.45105, -8.68324, 23.05540, 11.55618
-3.95595, -0.71185, 808.38897, -8.68324, 23.05540, 11.55618
-3.25267, -1.42370, 808.38897, -9.21351, 22.59429, 11.55618
-3.25267, -0.71185, 808.38897, -9.74379, 22.59429, 11.55618
-2.54939, -0.71185, 808.38897, -9.74379, 22.59429, 11.55618
-3.25267, -1.42370, 808.38897, -9.74379, 22.13318, 11.32678
-3.25267, -1.42370, 808.38897, -9.74379, 22.13318, 11.55618
-2.54939, -1.42370, 808.38897, -9.74379, 22.13318, 11.32678
-2.54939, -1.42370, 808.38897, -10.27406, 22.13318, 11.32678
-2.54939, -2.13555, 808.38897, -10.27406, 21.67208, 11.55618
-2.54939, -1.42370, 808.38897, -9.74379, 21.67208, 11.55618
-1.84611, -0.71185, 811.45105, -10.27406, 21.67208, 11.55618
-1.84611, -1.42370, 808.38897, -10.27406, 21.21097, 11.55618
-1.84611, -1.42370, 811.45105, -10.27406, 20.74986, 11.55618
-1.84611, -0.71185, 808.38897, -10.27406, 20.74986, 11.55618
-1.84611, -0.71185, 811.45105, -10.27406, 21.21097, 11.55618
-2.54939, -0.71185, 811.45105, -9.74379, 21.21097, 11.55618
-2.54939, -0.71185, 808.38897, -10.27406, 21.21097, 11.55618
-2.54939, -0.71185, 808.38897, -10.27406, 21.67208, 11.55618
-3.25267, -0.71185, 811.45105, -10.27406, 22.13318, 11.55618
-3.95595, -0.71185, 811.45105, -10.27406, 22.59429, 11.55618
-3.95595, -1.42370, 811.45105, -10.27406, 23.05540, 11.55618
-3.95595, -0.71185, 811.45105, -10.80434, 23.05540, 11.78559
-3.95595, -1.42370, 811.45105, -10.80434, 23.05540, 11.78559
-3.95595, -1.42370, 808.38897, -10.80434, 23.51651, 11.55618
-3.95595, -1.42370, 808.38897, -11.33461, 23.51651, 11.55618
-3.25267, -1.42370, 808.38897, -11.33461, 23.51651, 11.55618
-3.95595, -2.13555, 808.38897, -11.33461, 23.51651, 11.55618
-3.25267, -2.13555, 808.38897, -11.33461, 23.05540, 11.55618
-3.95595, -2.13555, 808.38897, -11.33461, 23.05540, 11.32678
-3.25267, -2.13555, 811.45105, -11.86489, 23.05540, 11.32678
-3.25267, -2.13555, 811.45105, -11.86489, 22.59429, 11.55618
-3.25267, -2.13555, 811.45105, -11.86489, 22.59429, 11.55618
-3.25267, -2.13555, 814.51313, -11.33461, 22.59429, 11.55618
-3.25267, -2.13555, 808.38897, -11.86489, 22.13318, 11.55618
-3.25267, -1.42370, 811.45105, -11.33461, 22.13318, 11.55618
-3.25267, -2.13555, 808.38897, -11.33461, 22.13318, 11.55618
-3.25267, -0.71185, 808.38897, -10.80434, 22.13318, 11.55618
-3.25267, -0.71185, 808.38897, -10.80434, 22.13318, 11.55618
-3.25267,  0.00000, 808.38897, -10.80434, 22.59429, 11.55618
-3.25267, -0.71185, 808.38897, -10.80434, 22.59429, 11.55618
-3.25267, -0.71185, 811.45105, -10.80434, 22.13318, 11.55618
-3.25267,  0.00000, 811.45105, -10.80434, 22.59429, 11.55618
-3.25267,  0.00000, 811.45105, -10.27406, 22.59429, 11.32678
-3.25267, -0.71185, 811.45105, -10.27406, 22.59429, 11.32678
-3.25267,  0.00000, 811.45105, -10.27406, 22.59429, 11.32678
-3.95595, -0.71185, 811.45105, -10.27406, 23.05540, 11.55618
-3.95595,  0.00000, 811.45105, -10.80434, 23.05540, 11.32678
-3.25267, -0.71185, 808.38897, -10.80434, 23.05540, 11.32678
-3.25267,  0.00000, 808.38897, -10.27406, 23.05540, 11.55618
-3.95595,  0.00000, 808.38897, -10.27406, 23.05540, 11.32678
-3.25267, -0.71185, 808.38897, -10.80434, 23.05540, 11.32678
-3.25267, -0.71185, 811.45105, -11.33461, 23.05540, 11.55618
-3.25267, -0.71185, 808.38897, -10.80434, 22.59429, 11.55618
-3.25267, -0.71185, 811.45105, -11.33461, 23.05540, 11.32678
-3.25267, -1.42370, 808.38897, -11.33461, 23.05540, 11.32678
-3.25267, -0.71185, 808.38897, -11.33461, 23.05540, 11.55618
-3.25267, -0.71185, 808.38897, -11.33461, 23.05540, 11.55618
-3.25267, -1.42370, 808.38897, -11.33461, 23.05540, 11.55618
-3.25267, -1.42370, 808.38897, -11.33461, 23.05540, 11.55618
-3.25267, -1.42370, 808.38897, -11.86489, 23.05540, 11.55618
-3.25267, -0.71185, 808.38897, -11.86489, 23.51651, 11.78559
-3.25267, -1.42370, 811.45105, -11.86489, 23.51651, 11.78559
-3.95595, -0.71185, 808.38897, -11.86489, 23.51651, 11.78559
-3.95595, -1.42370, 808.38897, -12.39516, 23.51651, 11.55618
-3.25267, -2.13555, 811.45105, -12.39516, 23.51651, 11.78559
-3.95595, -1.42370, 808.38897, -12.92543, 23.97762, 11.55618
-3.95595, -1.42370, 808.38897, -12.39516, 23.51651, 11.55618
-3.95595, -1.42370, 808.38897, -12.39516, 23.97762, 11.55618
-4.65923, -1.42370, 808.38897, -12.39516, 23.97762, 11.32678
-3.95595, -1.42370, 808.38897, -12.39516, 23.97762, 11.32678
-3.95595, -0.71185, 811.45105, -12.39516, 23.97762, 11.32678
-3.95595, -0.71185, 808.38897, -11.86489, 24.43872, 11.32678
-3.95595, -0.71185, 808.38897, -12.39516, 23.97762, 11.32678
-3.95595, -0.71185, 808.38897, -12.39516, 24.43872, 11.32678
-3.95595, -0.71185, 808.38897, -12.39516, 24.89983, 11.32678
-3.95595, -0.71185, 808.38897, -12.39516, 24.89983, 11.32678
-3.95595, -0.71185, 811.45105, -12.39516, 24.89983, 11.32678
-3.25267, -0.71185, 811.45105, -12.39516, 24.89983, 11.32678
-3.95595, -0.71185, 808.38897, -11.86489, 25.36094, 11.32678
-3.95595, -0.71185, 808.38897, -11.86489, 25.36094, 11.32678
-3.95595, -0.71185, 808.38897, -12.39516, 25.82205, 11.09738
-3.95595, -0.71185, 808.38897, -12.39516, 25.36094, 11.32678
-3.95595, -0.71185, 808.38897, -11.86489, 25.36094, 11.55618
-3.95595, -0.71185, 808.38897, -11.86489, 25.82205, 11.32678
-4.65923, -1.42370, 808.38897, -12.39516, 26.28316, 11.55618
-4.65923, -0.71185, 808.38897, -12.39516, 25.82205, 11.32678
-4.65923, -1.42370, 811.45105, -12.39516, 26.28316, 11.55618
-4.65923, -1.42370, 811.45105, -12.39516, 26.74426, 11.32678
-6.06578, -1.42370, 808.38897, -12.92543, 27.20537, 11.32678
-6.06578, -0.71185, 808.38897, -12.39516, 27.66648, 11.32678
-6.06578, -0.71185, 808.38897, -12.92543, 27.66648, 11.32678
-6.06578, -0.71185, 808.38897, -12.92543, 27.66648, 11.32678
-6.06578, -0.71185, 808.38897, -12.92543, 28.12759, 11.32678
-6.06578, -0.71185, 808.38897, -13.45571, 27.66648, 11.32678
-6.06578, -1.42370, 808.38897, -12.92543, 27.66648, 11.32678
-6.06578, -1.42370, 808.38897, -13.45571, 27.66648, 11.32678
-6.06578, -2.13555, 811.45105, -13.98598, 27.66648, 11.32678
-5.36250, -2.13555, 808.38897, -13.98598, 27.20537, 11.32678
-5.36250, -2.13555, 808.38897, -13.98598, 26.74426, 11.55618
-4.65923, -2.13555, 808.38897, -13.98598, 26.74426, 11.32678
-4.65923, -1.42370, 808.38897, -14.51626, 26.28316, 11.32678
-4.65923, -2.13555, 808.38897, -13.98598, 25.82205, 11.32678
-3.95595, -2.13555, 808.38897, -13.45571, 25.36094, 11.55618
-3.95595, -2.13555, 808.38897, -13.45571, 24.89983, 11.32678
-3.95595, -2.84740, 808.38897, -13.98598, 24.89983, 11.32678
-3.95595, -2.84740, 808.38897, -13.98598, 24.43872, 11.55618
-3.25267, -2.13555, 808.38897, -13.45571, 24.43872, 11.55618
-3.25267, -2.13555, 808.38897, -12.92543, 23.97762, 11.32678
-2.54939, -2.13555, 808.38897, -12.92543, 23.51651, 11.32678
-2.54939, -2.13555, 811.45105, -12.92543, 23.51651, 11.32678
-2.54939, -1.42370, 811.45105, -12.39516, 23.51651, 11.55618
-2.54939, -0.71185, 811.45105, -12.39516, 23.51651, 11.32678
-2.54939, -0.71185, 808.38897, -11.86489, 23.51651, 11.32678
-3.25267,  0.00000, 808.38897, -10.80434, 23.51651, 11.32678
-3.25267,  0.00000, 808.38897, -10.80434, 23.51651, 11.32678
-3.25267,  0.00000, 808.38897, -10.80434, 23.97762, 11.32678
-3.25267,  0.00000, 811.45105, -10.27406, 23.97762, 11.55618
-2.54939,  0.00000, 808.38897, -10.27406, 23.97762, 11.55618
-2.54939,  0.00000, 808.38897, -10.27406, 23.51651, 11.55618
-3.95595,  0.00000, 808.38897, -10.27406, 23.97762, 11.32678
-3.95595,  0.00000, 808.38897, -10.27406, 23.97762, 11.55618
-3.25267,  0.71185, 808.38897, -10.27406, 23.97762, 11.32678
-3.25267,  0.71185, 811.45105, -10.27406, 23.97762, 11.55618
-3.25267,  0.71185, 808.38897, -10.27406, 23.97762, 11.55618
-3.95595,  0.00000, 808.38897, -10.27406, 23.97762, 11.55618
-3.25267,  0.00000, 808.38897, -10.27406, 23.97762, 11.55618
-3.25267,  0.00000, 808.38897, -10.27406, 23.97762, 11.32678
-3.25267,  0.00000, 808.38897, -10.27406, 24.43872, 11.55618
-3.95595,  0.71185, 811.45105, -10.27406, 24.43872, 11.55618
-3.95595, -0.71185, 808.38897, -10.80434, 23.97762, 11.55618
-3.95595, -0.71185, 811.45105, -10.80434, 24.43872, 11.55618
-3.95595,  0.00000, 808.38897, -10.80434, 24.43872, 11.55618
-3.95595,  0.00000, 808.38897, -10.80434, 24.43872, 11.32678
-3.95595, -0.71185, 811.45105, -10.80434, 24.43872, 11.32678
-3.95595, -0.71185, 808.38897, -10.80434, 24.89983, 11.55618
-3.95595, -0.71185, 808.38897, -11.33461, 24.89983, 11.55618
-3.95595, -0.71185, 808.38897, -11.33461, 24.43872, 11.32678
-3.25267, -1.42370, 805.32689, -11.33461, 24.43872, 11.55618
-3.25267, -2.13555, 808.38897, -11.86489, 24.43872, 11.32678
-3.95595, -2.13555, 808.38897, -11.86489, 24.43872, 11.55618
-3.25267, -2.13555, 808.38897, -12.39516, 24.43872, 11.55618
-3.95595, -2.84740, 808.38897, -12.92543, 24.43872, 11.55618
-3.95595, -2.13555, 808.38897, -12.39516, 24.43872, 11.55618
-3.95595, -1.42370, 808.38897, -12.39516, 24.43872, 11.32678
-3.95595, -1.42370, 808.38897, -12.39516, 24.43872, 11.55618
-3.95595, -1.42370, 808.38897, -11.86489, 24.89983, 11.55618
-3.95595, -1.42370, 808.38897, -11.86489, 24.43872, 11.32678
-3.95595, -0.71185, 808.38897, -12.39516, 24.89983, 11.32678
-3.95595, -1.42370, 811.45105, -12.39516, 25.36094, 11.32678
-4.65923, -1.42370, 808.38897, -12.39516, 24.89983, 11.32678
-4.65923, -2.13555, 808.38897, -11.86489, 24.89983, 11.55618
-4.65923, -1.42370, 805.32689, -12.39516, 24.89983, 11.32678
-3.95595, -1.42370, 808.38897, -11.86489, 24.89983, 11.32678
-4.65923, -1.42370, 808.38897, -11.86489, 24.89983, 11.32678
-4.65923, -1.42370, 808.38897, -11.33461, 24.89983, 11.32678
-3.95595, -1.42370, 808.38897, -11.86489, 24.89983, 11.32678
-4.65923, -1.42370, 808.38897, -11.86489, 24.89983, 11.32678
-4.65923, -2.13555, 808.38897, -11.86489, 24.89983, 11.32678
-3.95595, -2.13555, 808.38897, -11.86489, 24.43872, 11.32678
-3.95595, -1.42370, 808.38897, -11.86489, 24.89983, 11.55618
-4.65923, -2.13555, 811.45105, -11.86489, 24.89983, 11.32678
-4.65923, -0.71185, 808.38897, -11.86489, 24.89983, 11.32678
-4.65923, -2.13555, 808.38897, -11.33461, 24.43872, 11.32678
-3.95595, -1.42370, 808.38897, -11.33461, 24.43872, 11.32678
-3.95595, -1.42370, 808.38897, -11.33461, 24.89983, 11.55618
-4.65923, -2.13555, 808.38897, -11.33461, 24.89983, 11.55618
-3.95595, -1.42370, 811.45105, -11.86489, 24.89983, 11.55618
-3.95595, -1.42370, 808.38897, -10.80434, 24.89983, 11.55618
-4.65923, -1.42370, 808.38897, -11.33461, 24.89983, 11.32678
-4.65923, -1.42370, 805.32689, -10.80434, 24.89983, 11.55618
-4.65923, -0.71185, 808.38897, -10.27406, 24.43872, 11.32678
-3.95595, -0.71185, 808.38897, -10.27406, 24.43872, 11.55618
-4.65923, -1.42370, 808.38897, -10.27406, 24.43872, 11.32678
-4.65923, -0.71185, 808.38897, -10.27406, 24.43872, 11.32678
-3.95595, -1.42370, 808.38897, -10.27406, 24.43872, 11.32678
-4.65923, -1.42370, 808.38897, -10.27406, 23.97762, 11.55618
-3.95595, -1.42370, 811.45105, -10.27406, 23.97762, 11.32678
-4.65923, -1.42370, 808.38897, -9.74379, 23.97762, 11.55618
-3.95595, -2.13555, 808.38897, -9.74379, 23.51651, 11.55618
-3.95595, -1.42370, 808.38897, -9.21351, 23.51651, 11.78559
-3.95595, -1.42370, 808.38897, -9.21351, 23.51651, 11.78559
-3.95595, -1.42370, 808.38897, -9.21351, 23.51651, 11.55618
-3.25267, -0.71185, 808.38897, -9.21351, 23.05540, 11.55618
-3.95595, -0.71185, 805.32689, -9.21351, 23.05540, 11.55618
-3.25267, -0.71185, 805.32689, -8.68324, 22.59429, 11.55618
-3.25267, -0.71185, 808.38897, -8.68324, 22.13318, 11.55618
-2.54939, -1.42370, 808.38897, -8.68324, 22.13318, 11.32678
-3.25267, -0.71185, 808.38897, -8.68324, 21.67208, 11.55618
-2.54939, -0.71185, 808.38897, -8.68324, 21.67208, 11.55618
-2.54939, -0.71185, 808.38897, -8.15297, 22.13318, 11.32678
-3.25267, -0.71185, 808.38897, -8.15297, 21.67208, 11.32678
-3.25267, -0.71185, 808.38897, -8.15297, 22.13318, 11.55618
-3.25267, -0.71185, 808.38897, -8.15297, 22.13318, 11.55618
-3.95595, -0.71185, 808.38897, -8.15297, 22.13318, 11.78559
-3.95595, -0.71185, 808.38897, -7.62269, 22.59429, 11.32678
-3.95595, -0.71185, 808.38897, -7.62269, 22.59429, 11.55618
-3.25267, -0.71185, 811.45105, -7.62269, 22.13318, 11.55618
-3.95595, -0.71185, 808.38897, -7.09242, 22.59429, 11.55618
-3.25267, -0.71185, 808.38897, -7.62269, 22.59429, 11.55618
-3.25267, -0.71185, 808.38897, -7.09242, 22.13318, 11.55618
-3.25267,  0.00000, 808.38897, -6.56214, 21.67208, 11.55618
-3.25267,  0.00000, 808.38897, -6.56214, 21.67208, 11.55618
-2.54939,  0.00000, 808.38897, -6.03187, 21.67208, 11.55618
-2.54939,  0.00000, 808.38897, -6.56214, 21.67208, 11.78559
-3.25267,  0.71185, 808.38897, -6.03187, 21.21097, 11.55618
-3.25267,  0.71185, 805.32689, -6.03187, 22.13318, 11.55618
-3.25267,  1.42370, 808.38897, -5.50159, 22.13318, 11.55618
-3.95595,  0.71185, 805.32689, -6.03187, 22.59429, 11.78559
-3.95595,  0.71185, 808.38897, -6.03187, 23.51651, 11.78559
-4.65923,  0.00000, 808.38897, -6.03187, 23.51651, 11.78559
-4.65923,  0.00000, 805.32689, -6.03187, 23.97762, 11.78559
-4.65923,  0.00000, 811.45105, -6.03187, 23.97762, 11.78559
-4.65923,  0.00000, 808.38897, -6.03187, 23.97762, 11.55618
-4.65923,  0.00000, 808.38897, -6.03187, 23.97762, 11.55618
-4.65923,  0.00000, 811.45105, -6.03187, 23.97762, 11.78559
-4.65923,  0.00000, 808.38897, -6.03187, 23.97762, 11.55618
-4.65923,  0.00000, 808.38897, -6.56214, 23.51651, 11.55618
-3.95595,  0.00000, 808.38897, -6.56214, 23.97762, 11.78559
-3.95595, -0.71185, 805.32689, -6.56214, 23.97762, 11.55618
-3.25267, -0.71185, 808.38897, -7.09242, 23.51651, 11.55618
-3.95595, -0.71185, 808.38897, -7.62269, 23.51651, 11.32678
-3.95595, -0.71185, 811.45105, -7.09242, 23.51651, 11.55618
-3.25267, -1.42370, 808.38897, -7.62269, 23.97762, 11.32678
-3.25267, -0.71185, 808.38897, -7.62269, 23.51651, 11.32678
-3.25267, -1.42370, 808.38897, -8.15297, 23.97762, 11.32678
-3.95595, -1.42370, 808.38897, -8.15297, 24.43872, 11.55618
-3.95595, -1.42370, 808.38897, -8.15297, 24.89983, 11.55618
-4.65923, -1.42370, 808.38897, -8.15297, 24.89983, 11.55618
-5.36250, -1.42370, 811.45105, -8.15297, 25.36094, 11.55618
-5.36250, -1.42370, 808.38897, -7.62269, 25.82205, 11.55618
-5.36250, -0.71185, 808.38897, -7.62269, 25.82205, 11.55618
-5.36250, -0.71185, 808.38897, -7.62269, 25.82205, 11.55618
-5.36250,  0.00000, 808.38897, -8.15297, 25.82205, 11.78559
-4.65923, -1.42370, 808.38897, -7.62269, 26.28316, 11.55618
-4.65923, -0.71185, 811.45105, -8.15297, 25.82205, 11.32678
-4.65923, -0.71185, 808.38897, -8.15297, 25.82205, 11.55618
-4.65923, -0.71185, 808.38897, -8.15297, 25.36094, 11.55618
-3.95595, -0.71185, 808.38897, -8.15297, 25.36094, 11.55618
-4.65923, -0.71185, 805.32689, -7.62269, 24.89983, 11.55618
-3.95595, -0.71185, 805.32689, -8.15297, 24.89983, 11.78559
-3.95595, -0.71185, 808.38897, -8.15297, 24.89983, 11.55618
-3.25267, -0.71185, 808.38897, -8.15297, 24.89983, 11.55618
-3.95595, -1.42370, 808.38897, -8.68324, 24.43872, 11.55618
-3.95595, -1.42370, 808.38897, -8.15297, 24.43872, 11.78559
-3.95595, -1.42370, 808.38897, -8.68324, 24.43872, 11.55618
-3.25267, -1.42370, 808.38897, -8.68324, 24.43872, 11.55618
-3.95595, -1.42370, 811.45105, -9.21351, 24.43872, 11.55618
-3.25267, -1.42370, 811.45105, -8.68324, 23.97762, 11.78559
-3.25267, -0.71185, 808.38897, -8.15297, 23.97762, 11.55618
-3.25267, -0.71185, 808.38897, -8.68324, 24.43872, 11.55618
-3.95595, -0.71185, 808.38897, -8.15297, 23.97762, 11.55618
-3.25267, -0.71185, 808.38897, -8.15297, 23.97762, 11.55618
-3.25267, -0.71185, 808.38897, -8.15297, 23.97762, 11.55618
-3.95595, -0.71185, 808.38897, -8.68324, 23.97762, 11.32678
-3.25267, -0.71185, 808.38897, -8.68324, 24.43872, 11.55618
-3.25267, -0.71185, 808.38897, -8.68324, 24.43872, 11.55618
-3.25267, -0.71185, 808.38897, -8.68324, 24.43872, 11.32678
-3.25267,  0.00000, 808.38897, -8.68324, 24.43872, 11.32678
-3.25267,  0.00000, 808.38897, -8.68324, 24.43872, 11.55618
-3.25267,  0.00000, 808.38897, -8.68324, 24.43872, 11.55618
-3.25267, -0.71185, 808.38897, -8.68324, 24.43872, 11.55618
-3.25267, -0.71185, 808.38897, -8.68324, 24.89983, 11.55618
-3.25267, -0.71185, 808.38897, -8.68324, 24.89983, 11.55618
-3.25267, -1.42370, 808.38897, -9.21351, 24.89983, 11.32678
-3.95595, -0.71185, 808.38897, -9.74379, 25.36094, 11.55618
-3.95595, -1.42370, 808.38897, -9.74379, 25.36094, 11.55618
-3.95595, -1.42370, 808.38897, -9.74379, 25.82205, 11.32678
-3.95595, -1.42370, 808.38897, -9.74379, 25.82205, 11.55618
-4.65923, -0.71185, 808.38897, -9.74379, 25.82205, 11.55618
-4.65923, -0.71185, 805.32689, -9.74379, 25.82205, 11.55618
-4.65923, -0.71185, 805.32689, -10.27406, 25.82205, 11.55618
-4.65923, -1.42370, 805.32689, -10.27406, 25.82205, 11.55618
-4.65923, -2.13555, 805.32689, -10.27406, 25.82205, 11.32678
-4.65923, -1.42370, 808.38897, -10.27406, 25.82205, 11.55618
-3.95595, -2.13555, 808.38897, -10.27406, 25.82205, 11.55618
-4.65923, -1.42370, 808.38897, -10.27406, 26.28316, 11.55618
-5.36250, -2.13555, 805.32689, -10.27406, 26.28316, 11.55618
-5.36250, -1.42370, 808.38897, -9.74379, 25.82205, 11.55618
-4.65923, -1.42370, 808.38897, -10.27406, 26.28316, 11.55618
-4.65923, -2.13555, 808.38897, -10.27406, 25.82205, 11.55618
-5.36250, -1.42370, 808.38897, -9.74379, 26.28316, 11.78559
-5.36250, -0.71185, 808.38897, -9.21351, 25.82205, 11.55618
-5.36250, -0.71185, 805.32689, -9.21351, 25.82205, 11.55618
-4.65923, -0.71185, 805.32689, -9.21351, 25.82205, 11.55618
-4.65923, -0.71185, 805.32689, -9.21351, 25.36094, 11.55618
-3.95595, -0.71185, 808.38897, -9.21351, 25.36094, 11.78559
-3.95595, -1.42370, 808.38897, -9.21351, 25.36094, 11.55618
-3.95595, -1.42370, 808.38897, -9.74379, 24.43872, 11.55618
-3.95595, -1.42370, 808.38897, -9.21351, 24.43872, 11.78559
-3.95595, -1.42370, 805.32689, -9.21351, 24.89983, 11.55618
-3.95595, -1.42370, 808.38897, -9.21351, 24.89983, 11.55618
-3.95595, -0.71185, 808.38897, -8.68324, 24.89983, 11.55618
-4.65923, -0.71185, 808.38897, -8.68324, 24.89983, 11.55618
-3.95595, -0.71185, 808.38897, -8.68324, 24.89983, 11.32678
-4.65923, -0.71185, 805.32689, -8.68324, 24.89983, 11.55618
-4.65923, -0.71185, 805.32689, -9.21351, 24.89983, 11.55618
-4.65923, -0.71185, 805.32689, -8.68324, 25.36094, 11.55618
-4.65923, -0.71185, 808.38897, -8.68324, 25.36094, 11.55618
-5.36250,  0.00000, 808.38897, -8.68324, 25.36094, 11.32678
-5.36250, -0.71185, 808.38897, -8.68324, 25.82205, 11.55618
-5.36250, -0.71185, 805.32689, -8.68324, 25.82205, 11.55618
-5.36250,  0.00000, 805.32689, -8.15297, 25.36094, 11.55618
-4.65923,  0.00000, 805.32689, -8.15297, 25.82205, 11.32678
-5.36250,  0.00000, 805.32689, -8.68324, 25.36094, 11.32678
-5.36250,  0.00000, 808.38897, -8.15297, 25.82205, 11.55618
-5.36250, -0.71185, 805.32689, -8.68324, 25.82205, 11.55618
-5.36250, -0.71185, 808.38897, -8.15297, 25.36094, 11.55618
-4.65923, -0.71185, 808.38897, -8.68324, 25.82205, 11.55618
-5.36250, -0.71185, 808.38897, -8.68324, 25.36094, 11.55618
-4.65923,  0.00000, 808.38897, -8.15297, 25.82205, 11.55618
-5.36250,  0.00000, 808.38897, -8.15297, 25.82205, 11.55618
-4.65923,  0.00000, 805.32689, -8.68324, 25.82205, 11.55618
-5.36250,  0.00000, 808.38897, -8.68324, 25.36094, 11.78559
-5.36250,  0.00000, 805.32689, -9.21351, 25.36094, 11.55618
-5.36250,  0.00000, 805.32689, -8.68324, 25.36094, 11.78559
-5.36250, -0.71185, 805.32689, -9.21351, 25.36094, 11.78559
-5.36250, -0.71185, 808.38897, -9.21351, 25.36094, 11.78559
-5.36250, -0.71185, 808.38897, -9.21351, 25.36094, 11.78559
-5.36250, -0.71185, 805.32689, -9.74379, 25.36094, 11.78559
-5.36250, -0.71185, 808.38897, -9.21351, 24.89983, 11.78559
-4.65923, -1.42370, 808.38897, -9.21351, 25.36094, 11.55618
-5.36250, -1.42370, 805.32689, -9.74379, 25.36094, 11.55618
-4.65923, -0.71185, 808.38897, -9.74379, 25.36094, 11.55618
-5.36250, -0.71185, 805.32689, -9.21351, 24.89983, 11.55618
-4.65923, -1.42370, 808.38897, -10.27406, 24.89983, 11.55618
-4.65923, -1.42370, 808.38897, -9.74379, 25.36094, 11.32678
-4.65923, -1.42370, 808.38897, -9.74379, 25.36094, 11.55618
-5.36250, -1.42370, 805.32689, -10.27406, 25.36094, 11.55618
-5.36250, -1.42370, 805.32689, -10.27406, 25.36094, 11.32678
-4.65923, -1.42370, 808.38897, -10.27406, 25.36094, 11.32678
-4.65923, -1.42370, 805.32689, -10.80434, 24.89983, 11.55618
-5.36250, -1.42370, 808.38897, -10.27406, 25.36094, 11.55618
-5.36250, -2.13555, 808.38897, -10.27406, 24.89983, 11.32678
-4.65923, -1.42370, 808.38897, -10.27406, 24.89983, 11.55618
-4.65923, -2.13555, 805.32689, -10.80434, 24.89983, 11.55618
-4.65923, -2.13555, 805.32689, -10.27406, 24.89983, 11.32678
-4.65923, -2.13555, 802.26481, -10.80434, 24.43872, 11.32678
-4.65923, -2.13555, 805.32689, -10.80434, 24.43872, 11.32678
-4.65923, -2.13555, 808.38897, -10.27406, 24.43872, 11.32678
-4.65923, -2.13555, 808.38897, -10.27406, 24.43872, 11.55618
-3.95595, -1.42370, 808.38897, -10.27406, 23.97762, 11.55618
-4.65923, -1.42370, 808.38897, -10.80434, 23.97762, 11.55618
-4.65923, -1.42370, 805.32689, -10.27406, 23.97762, 11.55618
-3.95595, -1.42370, 805.32689, -10.27406, 23.51651, 11.55618
-4.65923, -1.42370, 805.32689, -10.27406, 23.97762, 11.55618
-4.65923, -1.42370, 808.38897, -10.80434, 23.97762, 11.55618
-4.65923, -1.42370, 808.38897, -10.27406, 23.51651, 11.55618
-4.65923, -1.42370, 808.38897, -10.80434, 23.97762, 11.55618
-3.95595, -1.42370, 808.38897, -10.27406, 23.97762, 11.55618
-3.95595, -1.42370, 808.38897, -9.74379, 23.51651, 11.55618
-4.65923, -0.71185, 808.38897, -10.27406, 23.97762, 11.55618
-4.65923,  0.00000, 808.38897, -9.21351, 23.51651, 11.55618
-3.95595,  0.00000, 808.38897, -9.21351, 23.97762, 11.55618
-3.95595,  0.00000, 808.38897, -9.74379, 23.51651, 11.55618
-3.95595,  0.00000, 808.38897, -9.74379, 23.51651, 11.55618
-3.95595,  0.00000, 808.38897, -9.21351, 23.05540, 11.55618
-3.95595,  0.00000, 808.38897, -9.21351, 23.05540, 11.55618
-3.95595, -0.71185, 808.38897, -9.74379, 23.05540, 11.55618
-3.95595, -0.71185, 808.38897, -9.74379, 23.05540, 11.55618
-3.95595, -1.42370, 808.38897, -9.74379, 23.05540, 11.55618
-3.25267, -1.42370, 808.38897, -9.74379, 23.05540, 11.55618
-3.25267, -2.13555, 808.38897, -9.74379, 23.05540, 11.55618
-3.95595, -1.42370, 808.38897, -9.74379, 23.05540, 11.55618
-3.95595, -1.42370, 811.45105, -9.74379, 23.51651, 11.78559
-3.25267, -1.42370, 808.38897, -9.74379, 23.51651, 11.55618
-3.95595, -1.42370, 808.38897, -9.74379, 23.51651, 11.78559
-3.95595, -0.71185, 808.38897, -9.74379, 23.51651, 11.78559
-4.65923,  0.00000, 808.38897, -8.68324, 23.51651, 11.55618
-3.95595, -1.42370, 805.32689, -9.21351, 23.51651, 11.78559
-3.95595, -0.71185, 805.32689, -9.21351, 23.51651, 11.55618
-4.65923, -1.42370, 808.38897, -9.21351, 23.97762, 11.55618
-3.95595, -1.42370, 808.38897, -9.21351, 23.51651, 11.32678
-4.65923, -1.42370, 808.38897, -9.21351, 23.51651, 11.55618
-3.95595, -1.42370, 808.38897, -9.21351, 23.51651, 11.55618
-3.95595, -1.42370, 811.45105, -8.68324, 23.97762, 11.55618
-3.95595, -1.42370, 808.38897, -8.68324, 23.51651, 11.55618
-4.65923, -1.42370, 808.38897, -8.68324, 23.51651, 11.32678
-3.95595, -0.71185, 808.38897, -8.15297, 23.51651, 11.32678
-3.95595, -1.42370, 808.38897, -8.15297, 23.05540, 11.55618
-3.95595, -0.71185, 808.38897, -7.62269, 23.05540, 11.32678
-3.95595, -0.71185, 808.38897, -7.62269, 23.05540, 11.55618
-3.95595, -0.71185, 808.38897, -7.62269, 23.05540, 11.55618
-3.95595,  0.00000, 808.38897, -7.62269, 22.59429, 11.55618
-3.95595,  0.00000, 805.32689, -7.62269, 23.05540, 11.55618
-3.95595,  0.00000, 808.38897, -7.09242, 23.51651, 11.55618
-3.95595,  0.00000, 808.38897, -7.09242, 23.05540, 11.78559
-3.95595,  0.00000, 808.38897, -7.09242, 23.05540, 11.55618
-3.95595,  0.00000, 808.38897, -7.09242, 23.05540, 11.55618
-3.95595,  0.71185, 808.38897, -7.09242, 23.05540, 11.55618
-3.95595,  0.00000, 808.38897, -7.09242, 23.05540, 11.55618
-3.95595,  0.71185, 805.32689, -7.09242, 23.51651, 11.32678
-3.95595,  0.00000, 808.38897, -7.62269, 23.97762, 11.55618
-4.65923,  0.00000, 808.38897, -7.09242, 23.51651, 11.32678
-4.65923,  0.00000, 808.38897, -7.09242, 23.51651, 11.55618
-4.65923,  0.00000, 808.38897, -7.62269, 23.97762, 11.55618
-3.95595, -0.71185, 808.38897, -7.62269, 23.97762, 11.55618
-4.65923, -0.71185, 808.38897, -7.62269, 24.43872, 11.55618
-3.95595,  0.00000, 808.38897, -8.15297, 24.43872, 11.55618
-4.65923,  0.00000, 805.32689, -7.62269, 24.43872, 11.55618
-4.65923, -0.71185, 805.32689, -8.15297, 24.43872, 11.55618
-4.65923, -0.71185, 808.38897, -8.15297, 23.97762, 11.55618
-3.95595, -0.71185, 808.38897, -8.15297, 23.97762, 11.55618
-4.65923, -1.42370, 808.38897, -8.68324, 24.43872, 11.78559
-4.65923, -1.42370, 808.38897, -8.15297, 24.43872, 11.55618
-4.65923, -1.42370, 808.38897, -8.68324, 24.43872, 11.55618
-4.65923, -1.42370, 808.38897, -8.68324, 24.43872, 11.78559
-3.95595, -1.42370, 808.38897, -8.68324, 23.97762, 11.78559
-3.95595, -0.71185, 808.38897, -8.15297, 24.43872, 11.78559
-3.95595, -0.71185, 808.38897, -9.21351, 24.43872, 11.55618
-4.65923, -1.42370, 808.38897, -9.21351, 23.97762, 11.78559
-3.95595, -1.42370, 808.38897, -8.68324, 24.43872, 11.78559
-3.95595, -0.71185, 808.38897, -9.21351, 23.97762, 11.78559
-3.95595, -0.71185, 808.38897, -9.21351, 24.43872, 11.78559
-3.95595, -0.71185, 808.38897, -9.21351, 24.43872, 11.55618
-4.65923, -0.71185, 808.38897, -9.21351, 24.89983, 11.55618
-4.65923, -1.42370, 808.38897, -9.21351, 24.89983, 11.55618
-4.65923, -1.42370, 808.38897, -9.74379, 24.89983, 11.78559
-4.65923, -1.42370, 808.38897, -9.74379, 25.36094, 11.55618
-4.65923, -2.13555, 808.38897, -9.74379, 25.36094, 11.55618
-5.36250, -1.42370, 808.38897, -9.74379, 25.82205, 11.55618
-4.65923, -2.13555, 808.38897, -9.74379, 25.82205, 11.78559
-5.36250, -2.13555, 808.38897, -10.27406, 25.82205, 11.78559
-4.65923, -2.13555, 808.38897, -9.74379, 25.36094, 11.78559
-5.36250, -2.13555, 805.32689, -10.27406, 25.82205, 11.55618
-5.36250, -2.84740, 805.32689, -10.27406, 25.36094, 11.55618
-5.36250, -2.84740, 808.38897, -9.74379, 25.36094, 11.32678
-4.65923, -2.13555, 805.32689, -10.27406, 24.89983, 11.32678
-5.36250, -2.84740, 808.38897, -10.27406, 25.36094, 11.55618
-5.36250, -2.84740, 805.32689, -9.74379, 25.36094, 11.32678
-5.36250, -1.42370, 808.38897, -9.74379, 25.36094, 11.32678
-4.65923, -0.71185, 808.38897, -8.68324, 25.36094, 11.32678
-4.65923, -0.71185, 808.38897, -8.15297, 25.36094, 11.32678
-4.65923, -0.71185, 805.32689, -8.15297, 25.36094, 11.32678
-5.36250, -0.71185, 808.38897, -8.15297, 25.36094, 11.32678
-5.36250, -0.71185, 805.32689, -8.68324, 24.89983, 11.32678
-3.95595, -1.42370, 808.38897, -8.15297, 24.43872, 11.55618
-3.95595, -1.42370, 808.38897, -8.68324, 24.89983, 11.55618
-3.95595, -2.13555, 808.38897, -8.15297, 24.89983, 11.78559
-3.95595, -1.42370, 808.38897, -8.68324, 24.43872, 11.55618
-3.25267, -1.42370, 808.38897, -8.15297, 23.97762, 11.55618
-3.25267, -0.71185, 808.38897, -7.62269, 23.51651, 11.55618
-3.25267, -0.71185, 808.38897, -7.62269, 23.51651, 11.55618
-3.95595, -0.71185, 808.38897, -7.62269, 23.51651, 11.55618
-3.95595,  0.00000, 808.38897, -7.62269, 23.51651, 11.55618
-3.95595, -0.71185, 808.38897, -7.09242, 23.05540, 11.55618
-3.95595, -0.71185, 805.32689, -7.62269, 23.51651, 11.55618
-3.25267, -1.42370, 808.38897, -7.62269, 23.05540, 11.55618
-3.25267, -0.71185, 808.38897, -7.09242, 23.05540, 11.78559
-3.25267, -0.71185, 808.38897, -7.09242, 23.05540, 11.55618
-3.25267, -0.71185, 811.45105, -7.09242, 23.05540, 11.78559
-3.95595, -0.71185, 808.38897, -6.56214, 23.05540, 11.78559
-3.95595,  0.00000, 808.38897, -6.56214, 22.59429, 11.55618
-3.25267,  0.00000, 808.38897, -6.56214, 22.59429, 11.78559
-3.25267,  0.00000, 808.38897, -6.56214, 22.59429, 11.78559
-3.25267,  0.00000, 808.38897, -6.56214, 22.59429, 11.78559
-3.25267,  0.00000, 808.38897, -6.56214, 22.59429, 11.78559
-3.95595,  0.00000, 808.38897, -6.56214, 23.05540, 11.78559
-3.95595,  0.00000, 808.38897, -6.56214, 23.05540, 11.78559
-4.65923, -0.71185, 808.38897, -6.56214, 23.51651, 11.78559
-5.36250,  0.00000, 808.38897, -6.56214, 24.43872, 11.78559
-5.36250, -0.71185, 808.38897, -6.56214, 24.43872, 12.01499
-5.36250, -0.71185, 805.32689, -6.56214, 24.89983, 12.01499
-5.36250, -0.71185, 808.38897, -7.09242, 24.89983, 11.78559
-5.36250, -0.71185, 805.32689, -7.09242, 24.89983, 11.78559
-5.36250, -0.71185, 805.32689, -7.09242, 24.89983, 11.78559
-4.65923, -1.42370, 808.38897, -7.09242, 24.89983, 11.55618
-4.65923, -1.42370, 808.38897, -7.09242, 24.43872, 11.55618
-3.95595, -2.13555, 808.38897, -7.62269, 23.97762, 11.55618
-4.65923, -2.13555, 808.38897, -8.15297, 23.97762, 11.55618
-3.95595, -2.13555, 808.38897, -7.62269, 23.97762, 11.55618
-3.95595, -2.84740, 808.38897, -7.62269, 23.51651, 11.55618
-3.95595, -2.13555, 808.38897, -7.62269, 23.05540, 11.55618
-3.95595, -2.13555, 808.38897, -7.62269, 23.05540, 11.55618
-3.95595, -1.42370, 808.38897, -7.09242, 22.59429, 11.55618
-3.25267, -1.42370, 808.38897, -7.09242, 22.59429, 11.55618
-3.25267, -1.42370, 805.32689, -6.56214, 23.05540, 11.55618
-3.95595, -0.71185, 808.38897, -6.56214, 23.05540, 11.55618
-3.95595,  0.00000, 808.38897, -6.56214, 23.05540, 11.55618
-3.95595, -0.71185, 805.32689, -6.03187, 23.51651, 11.55618
-3.95595,  0.00000, 808.38897, -5.50159, 23.97762, 11.55618
-3.95595,  0.00000, 808.38897, -5.50159, 23.97762, 11.55618
-4.65923,  0.71185, 808.38897, -5.50159, 23.97762, 11.55618
-4.65923,  0.71185, 808.38897, -4.97132, 24.43872, 11.78559
-4.65923,  0.00000, 808.38897, -4.97132, 24.89983, 11.55618
-4.65923,  0.00000, 808.38897, -4.44105, 24.89983, 11.55618
-4.65923,  0.00000, 808.38897, -4.44105, 24.89983, 11.55618
-4.65923,  0.00000, 808.38897, -4.97132, 24.43872, 11.78559
-4.65923, -0.71185, 808.38897, -4.97132, 24.89983, 11.55618
-4.65923,  0.00000, 808.38897, -4.44105, 24.89983, 11.55618
-4.65923,  0.00000, 808.38897, -4.44105, 24.89983, 11.78559
-4.65923, -0.71185, 808.38897, -4.44105, 24.89983, 11.55618
-3.95595,  0.00000, 808.38897, -4.97132, 24.89983, 11.78559
-3.95595,  0.00000, 808.38897, -4.97132, 24.89983, 11.78559
-3.95595,  0.00000, 805.32689, -4.97132, 24.89983, 11.78559
-4.65923,  0.00000, 808.38897, -4.44105, 24.89983, 11.78559
-5.36250,  0.00000, 808.38897, -4.97132, 25.36094, 11.78559
-4.65923,  0.71185, 808.38897, -4.97132, 25.36094, 11.78559
-5.36250,  0.00000, 808.38897, -4.97132, 25.36094, 11.78559
-4.65923,  0.71185, 808.38897, -5.50159, 25.36094, 11.78559
-5.36250,  0.71185, 808.38897, -5.50159, 25.36094, 11.78559
-4.65923,  0.00000, 808.38897, -5.50159, 25.36094, 12.01499
-5.36250,  0.00000, 808.38897, -5.50159, 25.36094, 11.78559
-4.65923,  0.00000, 811.45105, -5.50159, 25.82205, 11.78559
-5.36250,  0.00000, 808.38897, -5.50159, 26.28316, 11.78559
-5.36250,  0.00000, 808.38897, -6.03187, 25.82205, 11.78559
-4.65923,  0.00000, 808.38897, -5.50159, 26.28316, 11.78559
-5.36250,  0.00000, 808.38897, -6.03187, 26.28316, 11.78559
-6.06578,  0.00000, 808.38897, -6.03187, 25.82205, 11.55618
-5.36250,  0.00000, 808.38897, -6.56214, 25.82205, 11.55618
-5.36250, -0.71185, 808.38897, -7.09242, 25.82205, 11.55618
-5.36250, -0.71185, 808.38897, -7.62269, 25.82205, 11.32678
-4.65923, -1.42370, 811.45105, -8.15297, 25.82205, 11.55618
-5.36250, -2.13555, 808.38897, -8.68324, 25.82205, 11.55618
-4.65923, -2.13555, 808.38897, -9.21351, 25.36094, 11.55618
-4.65923, -2.84740, 808.38897, -9.74379, 24.89983, 11.32678
-4.65923, -2.84740, 808.38897, -9.21351, 24.89983, 11.55618
-4.65923, -2.84740, 808.38897, -9.74379, 24.89983, 11.32678
-4.65923, -2.84740, 808.38897, -10.27406, 24.89983, 11.55618
-4.65923, -2.84740, 808.38897, -10.27406, 24.89983, 11.55618
-4.65923, -2.84740, 808.38897, -10.27406, 24.43872, 11.55618
-4.65923, -2.84740, 805.32689, -10.27406, 24.43872, 11.55618
-4.65923, -2.84740, 805.32689, -10.80434, 24.43872, 11.78559
-3.95595, -2.84740, 808.38897, -10.80434, 24.43872, 11.55618
-4.65923, -2.84740, 808.38897, -10.80434, 24.43872, 11.55618
-4.65923, -3.55925, 805.32689, -10.27406, 24.43872, 11.78559
-4.65923, -2.84740, 805.32689, -10.27406, 24.43872, 11.55618
-5.36250, -2.84740, 808.38897, -10.27406, 24.43872, 11.78559
-5.36250, -2.13555, 805.32689, -9.74379, 24.43872, 11.55618
-4.65923, -2.13555, 805.32689, -9.74379, 24.43872, 11.78559
-5.36250, -2.13555, 808.38897, -9.74379, 24.43872, 11.78559
-5.36250, -1.42370, 808.38897, -9.21351, 24.43872, 11.55618
-4.65923, -2.13555, 805.32689, -9.21351, 24.43872, 11.78559
-5.36250, -1.42370, 805.32689, -8.68324, 23.97762, 11.78559
-5.36250, -0.71185, 808.38897, -8.68324, 23.97762, 11.78559
-4.65923, -0.71185, 808.38897, -8.15297, 23.97762, 11.78559
-4.65923, -1.42370, 805.32689, -8.15297, 23.97762, 11.78559
-4.65923, -0.71185, 805.32689, -8.15297, 23.97762, 11.78559
-5.36250, -0.71185, 805.32689, -7.62269, 23.97762, 11.78559
-5.36250, -0.71185, 805.32689, -7.62269, 23.97762, 11.55618
-5.36250, -0.71185, 805.32689, -8.15297, 24.43872, 11.78559
-5.36250,  0.00000, 808.38897, -8.15297, 23.97762, 11.78559
-5.36250, -0.71185, 805.32689, -8.15297, 24.43872, 11.78559
-5.36250, -0.71185, 805.32689, -8.15297, 23.97762, 11.78559
-5.36250, -1.42370, 805.32689, -8.68324, 23.97762, 11.78559
-5.36250, -1.42370, 805.32689, -8.68324, 24.43872, 11.78559
-5.36250, -2.13555, 808.38897, -8.68324, 23.97762, 11.55618
-6.06578, -1.42370, 808.38897, -8.68324, 24.43872, 11.78559
-6.06578, -1.42370, 808.38897, -8.68324, 23.97762, 11.55618
-5.36250, -1.42370, 808.38897, -8.68324, 23.97762, 11.55618
-6.06578, -1.42370, 805.32689, -8.68324, 24.43872, 11.78559
-6.06578, -1.42370, 808.38897, -8.68324, 24.43872, 11.78559
-6.06578, -1.42370, 805.32689, -8.68324, 24.43872, 11.78559
-6.06578, -0.71185, 805.32689, -8.15297, 24.43872, 11.55618
-5.36250, -1.42370, 805.32689, -8.15297, 24.43872, 11.78559
-6.06578, -1.42370, 808.38897, -8.68324, 24.43872, 11.55618
-6.06578, -1.42370, 808.38897, -8.15297, 24.89983, 11.55618
-6.06578, -1.42370, 808.38897, -8.15297, 24.89983, 11.55618
-6.06578, -1.42370, 808.38897, -8.15297, 24.43872, 11.55618
-6.06578, -1.42370, 805.32689, -8.15297, 24.43872, 11.55618
-6.06578, -1.42370, 805.32689, -8.15297, 24.43872, 11.55618
-6.06578, -2.13555, 805.32689, -8.15297, 23.97762, 11.55618
-6.06578, -2.13555, 805.32689, -8.68324, 23.97762, 11.55618
-5.36250, -1.42370, 808.38897, -8.15297, 23.51651, 11.55618
-5.36250, -1.42370, 808.38897, -8.68324, 23.51651, 11.55618
-4.65923, -1.42370, 808.38897, -8.15297, 23.51651, 11.55618
-4.65923, -1.42370, 805.32689, -8.15297, 23.51651, 11.78559
-5.36250, -1.42370, 805.32689, -8.15297, 23.51651, 11.55618
-5.36250, -0.71185, 808.38897, -8.15297, 23.05540, 11.78559
-5.36250, -1.42370, 805.32689, -8.15297, 23.51651, 11.55618
-6.06578, -0.71185, 805.32689, -7.62269, 23.51651, 11.55618
-5.36250, -0.71185, 805.32689, -7.62269, 23.97762, 11.78559
-5.36250, -0.71185, 808.38897, -7.62269, 23.97762, 11.55618
-5.36250, -0.71185, 808.38897, -8.15297, 23.51651, 11.78559
-6.06578, -0.71185, 808.38897, -8.15297, 23.97762, 11.78559
-5.36250, -0.71185, 808.38897, -8.15297, 23.51651, 11.78559
-5.36250, -1.42370, 805.32689, -8.15297, 23.51651, 11.55618
-5.36250, -1.42370, 805.32689, -8.15297, 23.97762, 11.78559
-5.36250, -1.42370, 805.32689, -8.68324, 23.51651, 11.78559
-5.36250, -1.42370, 808.38897, -7.62269, 23.05540, 11.78559
-5.36250, -2.13555, 808.38897, -7.62269, 23.51651, 11.78559
-5.36250, -1.42370, 808.38897, -7.62269, 23.05540, 11.78559
-5.36250, -0.71185, 805.32689, -7.62269, 23.51651, 11.55618
-5.36250, -0.71185, 808.38897, -7.62269, 23.05540, 11.78559
-4.65923, -0.71185, 808.38897, -7.09242, 23.51651, 11.55618
-5.36250,  0.00000, 808.38897, -7.09242, 23.05540, 11.78559
-5.36250, -0.71185, 808.38897, -7.62269, 23.05540, 11.55618
-4.65923, -0.71185, 808.38897, -7.62269, 22.59429, 11.78559
-4.65923, -0.71185, 811.45105, -7.62269, 23.05540, 11.78559
-3.95595, -1.42370, 808.38897, -7.62269, 22.59429, 11.78559
-4.65923, -1.42370, 808.38897, -7.62269, 22.59429, 11.78559
-4.65923, -1.42370, 805.32689, -7.09242, 22.59429, 11.55618
-3.95595, -1.42370, 805.32689, -7.09242, 22.13318, 11.78559
-4.65923, -1.42370, 805.32689, -7.09242, 22.13318, 11.55618
-3.95595, -0.71185, 805.32689, -7.62269, 22.13318, 11.55618
-4.65923, -1.42370, 805.32689, -7.09242, 22.59429, 11.78559
-4.65923, -1.42370, 808.38897, -7.09242, 22.13318, 11.55618
-3.95595, -1.42370, 808.38897, -6.56214, 22.59429, 11.55618
-3.95595, -0.71185, 811.45105, -6.56214, 22.59429, 11.78559
-3.95595, -1.42370, 808.38897, -7.09242, 22.13318, 11.55618
-3.25267, -1.42370, 808.38897, -6.56214, 22.59429, 11.55618
-3.95595, -0.71185, 808.38897, -6.03187, 22.13318, 11.55618
-3.25267, -0.71185, 808.38897, -6.56214, 22.13318, 11.55618
-3.95595, -0.71185, 808.38897, -6.56214, 22.59429, 11.55618
-3.95595, -0.71185, 808.38897, -6.03187, 22.59429, 11.55618
-4.65923, -0.71185, 808.38897, -6.03187, 22.59429, 11.78559
-3.95595, -0.71185, 808.38897, -6.03187, 22.59429, 11.55618
-4.65923, -0.71185, 808.38897, -5.50159, 22.59429, 11.78559
-3.95595, -0.71185, 808.38897, -6.03187, 22.59429, 11.78559
-4.65923,  0.00000, 808.38897, -5.50159, 23.05540, 11.55618
-4.65923, -0.71185, 808.38897, -5.50159, 23.05540, 11.78559
-4.65923,  0.00000, 808.38897, -5.50159, 23.05540, 11.78559
-4.65923, -0.71185, 808.38897, -6.03187, 23.05540, 11.55618
-4.65923, -0.71185, 808.38897, -5.50159, 23.51651, 11.78559
-4.65923,  0.00000, 808.38897, -5.50159, 23.51651, 11.78559
-4.65923,  0.00000, 808.38897, -5.50159, 23.51651, 11.78559
-4.65923, -0.71185, 808.38897, -6.03187, 23.97762, 11.78559
-4.65923, -0.71185, 808.38897, -6.03187, 23.51651, 11.78559
-4.65923, -0.71185, 808.38897, -6.03187, 23.51651, 11.78559
-4.65923, -0.71185, 808.38897, -6.03187, 23.51651, 11.55618
-4.65923, -1.42370, 808.38897, -6.56214, 23.51651, 11.78559
-4.65923, -0.71185, 808.38897, -6.56214, 23.51651, 11.55618
-4.65923, -1.42370, 808.38897, -6.56214, 23.51651, 11.55618
-4.65923, -0.71185, 808.38897, -7.09242, 23.97762, 11.55618
-4.65923, -0.71185, 808.38897, -6.56214, 23.51651, 11.55618
-4.65923, -0.71185, 808.38897, -6.56214, 23.51651, 11.55618
-3.95595, -0.71185, 805.32689, -7.09242, 23.05540, 11.78559
-3.95595, -1.42370, 808.38897, -6.56214, 23.51651, 11.78559
-3.95595, -1.42370, 808.38897, -6.56214, 23.51651, 11.78559
-4.65923, -1.42370, 808.38897, -6.56214, 23.97762, 11.78559
-3.95595, -1.42370, 811.45105, -7.09242, 23.51651, 11.78559
-3.95595, -1.42370, 808.38897, -6.56214, 23.97762, 11.78559
-4.65923, -1.42370, 808.38897, -6.56214, 24.43872, 11.78559
-4.65923, -0.71185, 808.38897, -6.56214, 24.43872, 11.78559
-4.65923, -0.71185, 808.38897, -6.56214, 24.43872, 11.78559
-4.65923, -0.71185, 808.38897, -6.56214, 24.43872, 11.78559
-5.36250, -0.71185, 805.32689, -6.56214, 24.89983, 11.78559
-5.36250, -0.71185, 808.38897, -6.56214, 24.89983, 11.78559
-6.06578, -0.71185, 808.38897, -6.56214, 24.89983, 11.78559
-5.36250, -0.71185, 808.38897, -6.56214, 24.89983, 11.55618
-5.36250, -1.42370, 808.38897, -7.09242, 25.36094, 11.78559
-4.65923, -1.42370, 808.38897, -6.56214, 24.89983, 11.55618
-5.36250, -1.42370, 808.38897, -7.09242, 24.89983, 11.55618
-5.36250, -0.71185, 808.38897, -7.09242, 25.36094, 11.78559
-5.36250, -0.71185, 808.38897, -7.09242, 24.89983, 11.78559
-6.06578, -0.71185, 808.38897, -7.09242, 24.89983, 11.78559
-5.36250, -0.71185, 808.38897, -7.09242, 24.89983, 11.78559
-5.36250, -0.71185, 808.38897, -7.09242, 24.89983, 11.55618
-5.36250, -1.42370, 808.38897, -7.09242, 24.89983, 11.78559
-5.36250, -0.71185, 808.38897, -7.62269, 24.89983, 11.55618
-6.06578, -1.42370, 808.38897, -7.09242, 25.36094, 11.78559
-5.36250, -1.42370, 811.45105, -7.62269, 24.89983, 11.78559
-5.36250, -0.71185, 808.38897, -7.62269, 24.89983, 11.78559
-5.36250, -1.42370, 808.38897, -8.15297, 24.43872, 11.78559
-6.06578, -0.71185, 808.38897, -8.15297, 24.89983, 11.78559
-5.36250, -1.42370, 808.38897, -8.68324, 24.43872, 11.55618
-5.36250, -0.71185, 808.38897, -8.68324, 24.89983, 11.78559
-5.36250, -1.42370, 808.38897, -8.68324, 24.43872, 11.78559
-5.36250, -2.13555, 808.38897, -8.68324, 24.43872, 11.78559
-5.36250, -1.42370, 808.38897, -9.21351, 24.43872, 11.78559
-5.36250, -2.13555, 805.32689, -9.21351, 24.43872, 11.55618
-5.36250, -2.13555, 808.38897, -9.74379, 24.43872, 11.78559
-5.36250, -2.13555, 808.38897, -9.21351, 24.43872, 11.78559
-5.36250, -2.13555, 808.38897, -9.74379, 24.43872, 11.78559
-5.36250, -2.13555, 808.38897, -9.74379, 24.43872, 11.78559
-5.36250, -2.13555, 808.38897, -10.27406, 24.43872, 11.78559
-5.36250, -2.13555, 808.38897, -10.27406, 23.97762, 11.55618
-5.36250, -2.13555, 808.38897, -10.27406, 23.97762, 11.55618
-4.65923, -2.13555, 805.32689, -10.27406, 23.97762, 11.55618
-5.36250, -2.13555, 808.38897, -9.74379, 23.97762, 11.55618
-5.36250, -2.13555, 805.32689, -10.27406, 24.43872, 11.78559
-5.36250, -2.13555, 805.32689, -10.27406, 23.97762, 11.55618
-5.36250, -2.13555, 808.38897, -10.27406, 23.97762, 11.55618
-5.36250, -2.13555, 808.38897, -9.74379, 24.43872, 11.55618
-4.65923, -2.13555, 808.38897, -10.27406, 23.51651, 11.78559
-5.36250, -2.13555, 808.38897, -9.74379, 23.97762, 11.55618
-5.36250, -2.13555, 808.38897, -9.74379, 24.43872, 11.78559
-6.06578, -1.42370, 808.38897, -9.74379, 23.97762, 11.55618
-5.36250, -2.13555, 805.32689, -8.68324, 23.97762, 11.55618
-5.36250, -1.42370, 808.38897, -9.21351, 23.97762, 11.55618
-6.06578, -1.42370, 808.38897, -8.68324, 24.43872, 11.55618
-5.36250, -1.42370, 808.38897, -9.21351, 23.97762, 11.78559
-5.36250, -0.71185, 808.38897, -8.68324, 23.97762, 11.78559
-5.36250, -1.42370, 811.45105, -8.15297, 24.43872, 11.78559
-5.36250, -1.42370, 808.38897, -8.15297, 24.43872, 11.78559
-5.36250, -0.71185, 808.38897, -8.68324, 24.43872, 11.55618
-4.65923,  0.00000, 808.38897, -8.15297, 24.43872, 11.78559
-5.36250, -1.42370, 805.32689, -8.15297, 24.43872, 11.78559
-5.36250, -0.71185, 805.32689, -8.15297, 24.43872, 11.55618
-5.36250, -0.71185, 808.38897, -8.15297, 24.43872, 11.55618
-4.65923,  0.00000, 805.32689, -8.15297, 24.43872, 11.55618
-4.65923, -0.71185, 808.38897, -8.15297, 24.43872, 11.78559
-5.36250, -0.71185, 808.38897, -8.15297, 24.43872, 11.55618
-5.36250, -1.42370, 808.38897, -8.68324, 24.43872, 11.78559
-4.65923, -1.42370, 808.38897, -8.68324, 23.97762, 11.78559
-4.65923, -0.71185, 808.38897, -8.68324, 23.97762, 11.78559
-4.65923, -0.71185, 808.38897, -8.68324, 24.43872, 11.78559
-4.65923, -0.71185, 808.38897, -9.21351, 24.43872, 11.78559
-4.65923, -0.71185, 808.38897, -8.68324, 23.97762, 11.78559
-5.36250, -0.71185, 808.38897, -8.68324, 23.97762, 11.78559
-4.65923, -1.42370, 808.38897, -9.21351, 24.43872, 11.78559
-4.65923, -0.71185, 808.38897, -9.21351, 24.43872, 11.55618
-4.65923, -1.42370, 808.38897, -9.21351, 24.43872, 11.55618
-4.65923, -1.42370, 808.38897, -9.21351, 24.43872, 11.55618
-4.65923, -1.42370, 808.38897, -9.74379, 23.97762, 11.55618
-4.65923, -1.42370, 808.38897, -9.74379, 24.43872, 11.55618
-4.65923, -1.42370, 808.38897, -10.27406, 23.97762, 11.55618
-4.65923, -2.13555, 808.38897, -10.27406, 23.97762, 11.55618
-4.65923, -1.42370, 811.45105, -9.74379, 23.97762, 11.55618
-4.65923, -1.42370, 808.38897, -10.27406, 23.97762, 11.55618
-4.65923, -2.13555, 808.38897, -9.74379, 23.97762, 11.55618
-4.65923, -1.42370, 808.38897, -9.74379, 24.43872, 11.55618
-5.36250, -1.42370, 808.38897, -9.74379, 24.43872, 11.78559
-4.65923, -1.42370, 808.38897, -9.21351, 24.43872, 11.55618
-4.65923, -1.42370, 808.38897, -9.74379, 24.43872, 11.55618
-5.36250, -1.42370, 808.38897, -9.21351, 24.43872, 11.78559
-4.65923, -1.42370, 811.45105, -9.21351, 24.43872, 11.78559
-4.65923, -1.42370, 811.45105, -9.74379, 24.43872, 11.78559
-4.65923, -2.13555, 808.38897, -9.74379, 24.43872, 11.55618
-4.65923, -2.13555, 808.38897, -9.74379, 24.43872, 11.78559
-5.36250, -1.42370, 808.38897, -9.74379, 24.43872, 11.55618
-4.65923, -1.42370, 808.38897, -9.21351, 24.43872, 11.78559
-4.65923, -1.42370, 808.38897, -9.21351, 24.43872, 11.78559
-4.65923, -1.42370, 805.32689, -9.21351, 24.43872, 11.55618
-5.36250, -2.13555, 808.38897, -8.68324, 24.43872, 11.78559
-4.65923, -1.42370, 808.38897, -9.21351, 24.43872, 11.78559
-4.65923, -1.42370, 808.38897, -9.21351, 24.43872, 11.78559
-4.65923, -2.13555, 808.38897, -9.21351, 24.43872, 11.55618
-4.65923, -1.42370, 808.38897, -9.21351, 24.89983, 11.78559
-4.65923, -1.42370, 808.38897, -8.68324, 24.43872, 11.78559
-4.65923, -1.42370, 808.38897, -8.68324, 24.43872, 11.78559
-4.65923, -0.71185, 808.38897, -9.21351, 24.43872, 11.78559
-4.65923, -1.42370, 808.38897, -8.68324, 24.43872, 11.78559
-4.65923, -0.71185, 808.38897, -9.21351, 24.89983, 11.78559
-3.95595, -1.42370, 808.38897, -9.21351, 24.43872, 11.78559
-3.95595, -1.42370, 808.38897, -9.21351, 24.89983, 11.78559
-3.95595, -1.42370, 808.38897, -8.68324, 24.89983, 11.55618
-4.65923, -1.42370, 805.32689, -8.68324, 24.89983, 11.78559
-4.65923, -1.42370, 811.45105, -9.21351, 24.89983, 11.78559
-4.65923, -0.71185, 808.38897, -9.21351, 25.36094, 11.78559
-3.95595, -1.42370, 808.38897, -8.68324, 25.36094, 11.78559
-3.95595, -0.71185, 808.38897, -8.68324, 25.36094, 11.55618
-4.65923, -0.71185, 808.38897, -8.68324, 25.82205, 11.55618
-4.65923, -1.42370, 808.38897, -8.68324, 25.82205, 11.55618
-4.65923, -1.42370, 808.38897, -8.68324, 25.36094, 11.55618
-4.65923, -1.42370, 808.38897, -8.68324, 25.82205, 11.55618
-4.65923, -1.42370, 808.38897, -9.21351, 25.36094, 11.55618
-5.36250, -1.42370, 808.38897, -9.21351, 25.82205, 11.55618
-4.65923, -1.42370, 808.38897, -8.68324, 25.82205, 11.55618
-4.65923, -0.71185, 808.38897, -9.21351, 26.28316, 11.55618
-4.65923, -1.42370, 811.45105, -9.21351, 26.28316, 11.55618
-4.65923, -0.71185, 808.38897, -9.21351, 26.28316, 11.55618
-4.65923, -1.42370, 808.38897, -9.21351, 25.82205, 11.55618
-5.36250, -1.42370, 808.38897, -9.21351, 26.28316, 11.55618
-5.36250, -1.42370, 808.38897, -9.74379, 26.28316, 11.78559
-4.65923, -1.42370, 808.38897, -9.21351, 26.28316, 11.55618
-5.36250, -1.42370, 808.38897, -9.74379, 26.28316, 11.55618
-5.36250, -1.42370, 808.38897, -9.74379, 26.28316, 11.55618
-4.65923, -2.13555, 808.38897, -9.74379, 26.28316, 11.55618
-4.65923, -2.13555, 811.45105, -9.74379, 26.74426, 11.78559
-4.65923, -2.13555, 808.38897, -10.27406, 26.28316, 11.55618
-5.36250, -2.84740, 808.38897, -10.27406, 26.28316, 11.78559
-5.36250, -2.13555, 808.38897, -10.27406, 26.28316, 11.78559
-4.65923, -2.13555, 808.38897, -10.27406, 26.28316, 11.55618
-4.65923, -2.13555, 808.38897, -9.74379, 26.28316, 11.55618
-4.65923, -2.13555, 805.32689, -9.74379, 26.28316, 11.55618
-4.65923, -2.13555, 808.38897, -9.74379, 26.74426, 11.55618
-5.36250, -2.13555, 808.38897, -9.74379, 26.74426, 11.78559
-5.36250, -2.13555, 808.38897, -9.74379, 26.74426, 11.55618
-5.36250, -2.13555, 808.38897, -9.21351, 26.74426, 11.55618
-4.65923, -1.42370, 808.38897, -9.74379, 26.74426, 11.55618
-5.36250, -1.42370, 808.38897, -9.21351, 26.74426, 11.78559
-5.36250, -1.42370, 808.38897, -8.68324, 26.74426, 11.55618
-5.36250, -1.42370, 808.38897, -8.68324, 27.20537, 11.78559
-5.36250, -1.42370, 808.38897, -8.68324, 26.74426, 11.55618
-5.36250, -1.42370, 808.38897, -8.68324, 27.20537, 11.55618
-6.06578, -1.42370, 811.45105, -8.15297, 26.74426, 11.55618
-5.36250, -1.42370, 811.45105, -7.62269, 27.20537, 11.55618
-6.06578, -1.42370, 808.38897, -8.15297, 27.20537, 11.55618
-6.06578, -0.71185, 808.38897, -8.15297, 26.74426, 11.55618
-6.06578, -0.71185, 808.38897, -7.62269, 27.20537, 11.55618
-5.36250, -0.71185, 808.38897, -8.15297, 26.74426, 11.78559
-5.36250, -0.71185, 808.38897, -7.09242, 26.74426, 11.78559
-6.06578, -0.71185, 808.38897, -7.09242, 27.20537, 11.78559
-5.36250, -0.71185, 808.38897, -7.09242, 26.74426, 11.78559
-5.36250, -0.71185, 808.38897, -7.09242, 26.74426, 11.55618
-6.06578,  0.00000, 808.38897, -7.09242, 26.74426, 11.78559
-5.36250, -0.71185, 805.32689, -6.56214, 26.74426, 11.55618
-5.36250,  0.00000, 805.32689, -6.56214, 26.28316, 11.78559
-5.36250,  0.00000, 808.38897, -6.56214, 26.74426, 11.78559
-5.36250,  0.00000, 805.32689, -6.03187, 26.28316, 11.55618
-5.36250,  0.00000, 808.38897, -6.03187, 26.74426, 11.78559
-4.65923,  0.00000, 808.38897, -6.56214, 26.28316, 11.78559
-5.36250,  0.00000, 805.32689, -6.56214, 26.28316, 11.78559
-5.36250, -0.71185, 808.38897, -6.56214, 26.74426, 11.78559
-5.36250, -0.71185, 808.38897, -6.56214, 26.74426, 11.78559
-5.36250, -0.71185, 805.32689, -6.56214, 26.74426, 11.78559
-5.36250, -0.71185, 808.38897, -6.56214, 26.74426, 11.78559
-5.36250, -0.71185, 808.38897, -6.56214, 26.28316, 11.78559
-5.36250, -0.71185, 805.32689, -7.09242, 26.28316, 11.78559
-4.65923, -0.71185, 808.38897, -7.09242, 26.74426, 11.55618
-5.36250, -0.71185, 805.32689, -7.09242, 26.28316, 11.78559
-5.36250, -0.71185, 805.32689, -7.62269, 26.74426, 11.78559
-6.06578, -1.42370, 808.38897, -7.09242, 26.28316, 11.78559
-5.36250, -1.42370, 808.38897, -7.62269, 26.28316, 11.55618
-5.36250, -1.42370, 805.32689, -7.62269, 26.74426, 11.55618
-5.36250, -0.71185, 808.38897, -7.62269, 26.28316, 11.78559
-5.36250, -0.71185, 805.32689, -8.15297, 26.28316, 11.55618
-5.36250, -1.42370, 808.38897, -7.62269, 26.28316, 11.78559
-5.36250, -1.42370, 808.38897, -8.15297, 26.28316, 11.55618
-5.36250, -1.42370, 805.32689, -8.15297, 26.28316, 11.78559
-5.36250, -1.42370, 808.38897, -8.15297, 26.28316, 11.78559
-5.36250, -1.42370, 805.32689, -8.15297, 26.28316, 11.78559
-5.36250, -1.42370, 805.32689, -8.15297, 25.82205, 11.78559
-6.06578, -1.42370, 808.38897, -8.68324, 25.82205, 11.78559
-5.36250, -2.13555, 811.45105, -8.68324, 25.82205, 11.78559
-5.36250, -2.13555, 808.38897, -8.68324, 25.82205, 11.78559
-5.36250, -2.13555, 808.38897, -8.68324, 25.82205, 11.78559
-5.36250, -2.13555, 808.38897, -8.15297, 25.82205, 11.55618
-6.06578, -2.13555, 805.32689, -8.15297, 25.82205, 11.78559
-5.36250, -1.42370, 805.32689, -8.68324, 25.82205, 11.78559
-5.36250, -1.42370, 808.38897, -8.15297, 25.82205, 11.78559
-5.36250, -1.42370, 808.38897, -8.15297, 25.82205, 11.78559
-5.36250, -1.42370, 808.38897, -8.15297, 25.82205, 11.78559
-5.36250, -0.71185, 808.38897, -8.68324, 25.82205, 11.55618
-5.36250, -0.71185, 808.38897, -8.15297, 25.82205, 11.78559
-5.36250, -0.71185, 808.38897, -8.15297, 25.82205, 11.78559
-5.36250, -0.71185, 808.38897, -8.15297, 25.82205, 11.78559
-6.06578, -0.71185, 808.38897, -8.15297, 25.82205, 11.78559
-5.36250, -0.71185, 805.32689, -8.15297, 25.82205, 11.55618
-5.36250, -1.42370, 808.38897, -8.15297, 25.82205, 11.55618
-5.36250, -1.42370, 805.32689, -8.68324, 25.82205, 11.78559
-5.36250, -0.71185, 808.38897, -8.68324, 25.82205, 11.55618
-5.36250, -1.42370, 808.38897, -8.68324, 25.82205, 11.78559
-5.36250, -2.13555, 805.32689, -8.68324, 25.36094, 11.78559
-5.36250, -1.42370, 808.38897, -8.68324, 25.82205, 11.55618
-5.36250, -2.13555, 808.38897, -8.68324, 25.36094, 11.55618
-5.36250, -2.13555, 808.38897, -9.21351, 25.36094, 11.55618
-5.36250, -2.13555, 808.38897, -9.21351, 25.36094, 11.55618
-5.36250, -1.42370, 805.32689, -9.21351, 25.36094, 11.55618
-5.36250, -2.13555, 808.38897, -8.15297, 25.36094, 11.55618
-5.36250, -1.42370, 805.32689, -8.68324, 25.36094, 11.55618
-5.36250, -1.42370, 808.38897, -8.15297, 24.89983, 11.78559
-5.36250, -1.42370, 808.38897, -8.68324, 24.89983, 11.55618
-5.36250, -1.42370, 808.38897, -8.15297, 24.89983, 11.55618
-3.95595, -1.42370, 808.38897, -7.62269, 24.89983, 11.55618
-4.65923, -1.42370, 808.38897, -8.15297, 25.36094, 11.78559
-4.65923, -0.71185, 808.38897, -7.09242, 24.89983, 11.55618
-4.65923, -0.71185, 808.38897, -7.62269, 24.89983, 11.55618
-3.95595, -0.71185, 808.38897, -7.62269, 24.89983, 11.55618
-4.65923, -0.71185, 808.38897, -7.62269, 24.89983, 11.55618
-4.65923, -0.71185, 808.38897, -7.62269, 24.43872, 11.55618
-4.65923, -0.71185, 808.38897, -7.09242, 24.43872, 11.55618
-5.36250, -0.71185, 808.38897, -7.09242, 24.89983, 11.55618
-4.65923, -0.71185, 808.38897, -7.62269, 24.43872, 11.78559
-4.65923, -0.71185, 808.38897, -7.09242, 24.43872, 11.55618
-4.65923, -1.42370, 808.38897, -7.09242, 24.43872, 11.78559
-3.95595, -0.71185, 808.38897, -7.09242, 24.43872, 11.78559
-3.95595, -0.71185, 808.38897, -7.09242, 24.89983, 11.55618
-4.65923, -0.71185, 808.38897, -7.09242, 24.89983, 11.78559
-4.65923, -0.71185, 808.38897, -7.09242, 24.43872, 11.78559
-4.65923, -0.71185, 808.38897, -6.56214, 24.43872, 11.78559
-3.95595, -0.71185, 805.32689, -7.09242, 24.43872, 11.78559
-3.95595, -0.71185, 808.38897, -7.09242, 24.43872, 11.78559
-3.95595, -0.71185, 808.38897, -7.09242, 24.43872, 11.55618
-3.95595,  0.00000, 808.38897, -7.09242, 24.43872, 11.78559
-4.65923,  0.00000, 805.32689, -7.09242, 24.43872, 11.78559
-4.65923, -0.71185, 808.38897, -7.09242, 24.89983, 11.55618
-4.65923, -0.71185, 808.38897, -7.09242, 24.89983, 11.78559
-4.65923, -0.71185, 808.38897, -7.09242, 24.89983, 11.55618
-4.65923, -0.71185, 808.38897, -7.09242, 24.89983, 11.78559
-4.65923, -0.71185, 808.38897, -7.09242, 24.89983, 11.78559
-4.65923,  0.00000, 805.32689, -7.09242, 24.89983, 11.55618
-4.65923, -0.71185, 808.38897, -7.62269, 25.36094, 11.55618
-5.36250,  0.00000, 808.38897, -7.09242, 24.89983, 11.78559
-4.65923, -0.71185, 805.32689, -7.09242, 24.89983, 11.78559
-5.36250, -0.71185, 808.38897, -7.62269, 24.89983, 11.78559
-4.65923, -0.71185, 808.38897, -8.15297, 24.89983, 11.55618
-4.65923, -0.71185, 808.38897, -8.15297, 24.89983, 11.55618
-4.65923, -0.71185, 808.38897, -8.15297, 24.89983, 11.55618
-4.65923, -1.42370, 808.38897, -8.15297, 25.36094, 11.55618
-4.65923, -1.42370, 808.38897, -8.15297, 25.36094, 11.55618
-4.65923, -1.42370, 805.32689, -8.68324, 24.89983, 11.55618
-5.36250, -1.42370, 805.32689, -8.68324, 25.36094, 11.55618
-4.65923, -1.42370, 802.26481, -8.68324, 24.89983, 11.55618
-5.36250, -1.42370, 805.32689, -8.68324, 24.89983, 11.55618
-5.36250, -1.42370, 808.38897, -9.21351, 24.89983, 11.55618
-5.36250, -1.42370, 808.38897, -9.21351, 24.89983, 11.55618
-4.65923, -2.13555, 808.38897, -9.21351, 24.89983, 11.78559
-4.65923, -1.42370, 805.32689, -9.21351, 24.89983, 11.78559
-5.36250, -2.13555, 808.38897, -9.21351, 24.89983, 11.78559
-4.65923, -2.13555, 808.38897, -9.21351, 25.36094, 11.78559
-4.65923, -1.42370, 808.38897, -9.21351, 24.89983, 11.55618
-5.36250, -1.42370, 808.38897, -9.21351, 24.89983, 11.78559
-4.65923, -1.42370, 805.32689, -8.68324, 24.89983, 11.55618
-5.36250, -1.42370, 805.32689, -9.21351, 24.89983, 11.55618
-5.36250, -1.42370, 805.32689, -9.21351, 24.89983, 11.55618
-5.36250, -0.71185, 805.32689, -9.21351, 24.89983, 11.55618
-4.65923, -1.42370, 805.32689, -9.21351, 24.89983, 11.55618
-5.36250, -1.42370, 805.32689, -9.74379, 24.89983, 11.55618
-5.36250, -0.71185, 808.38897, -9.74379, 25.36094, 11.55618
-5.36250, -1.42370, 805.32689, -9.74379, 24.89983, 11.55618
-4.65923, -1.42370, 805.32689, -9.74379, 24.89983, 11.55618
-5.36250, -1.42370, 805.32689, -9.21351, 24.89983, 11.55618
-5.36250, -1.42370, 805.32689, -9.74379, 25.36094, 11.78559
-5.36250, -0.71185, 805.32689, -9.74379, 25.36094, 11.55618
-5.36250, -1.42370, 805.32689, -9.21351, 25.36094, 11.55618
-5.36250, -0.71185, 805.32689, -9.21351, 25.36094, 11.55618
-5.36250, -1.42370, 808.38897, -9.21351, 25.36094, 11.55618
-5.36250, -1.42370, 805.32689, -9.74379, 25.36094, 11.55618
-5.36250, -0.71185, 805.32689, -9.21351, 25.36094, 11.55618
-5.36250, -1.42370, 805.32689, -9.21351, 25.36094, 11.55618
-5.36250, -1.42370, 805.32689, -9.21351, 25.36094, 11.55618
-6.06578, -1.42370, 805.32689, -9.74379, 25.36094, 11.78559
-5.36250, -1.42370, 805.32689, -9.21351, 25.36094, 11.55618
-6.06578, -1.42370, 808.38897, -9.74379, 25.36094, 11.78559
-6.06578, -1.42370, 805.32689, -9.21351, 25.36094, 11.55618
-5.36250, -0.71185, 805.32689, -9.74379, 25.36094, 11.55618
-5.36250, -1.42370, 802.26481, -9.21351, 25.36094, 11.55618
-6.06578, -1.42370, 805.32689, -9.74379, 25.36094, 11.55618
-6.06578, -1.42370, 805.32689, -9.74379, 25.36094, 11.55618
-5.36250, -1.42370, 805.32689, -9.74379, 24.89983, 11.55618
-6.06578, -2.13555, 805.32689, -9.74379, 25.36094, 11.55618
-5.36250, -1.42370, 805.32689, -9.21351, 25.36094, 11.55618
-5.36250, -1.42370, 805.32689, -9.74379, 25.36094, 11.55618
-5.36250, -0.71185, 808.38897, -9.21351, 25.36094, 11.78559
-5.36250, -0.71185, 805.32689, -9.21351, 25.36094, 11.55618
-4.65923, -0.71185, 805.32689, -9.21351, 25.36094, 11.55618
-5.36250, -1.42370, 802.26481, -9.74379, 25.36094, 11.55618
-6.06578, -1.42370, 805.32689, -9.74379, 25.36094, 11.78559
-5.36250, -0.71185, 805.32689, -9.21351, 25.36094, 11.55618
-6.06578, -1.42370, 802.26481, -9.21351, 25.36094, 11.55618
-6.06578, -1.42370, 805.32689, -10.27406, 25.36094, 11.55618
-5.36250, -0.71185, 805.32689, -9.74379, 24.89983, 11.55618
-5.36250, -1.42370, 805.32689, -9.21351, 25.36094, 11.55618
-5.36250, -1.42370, 805.32689, -9.74379, 25.36094, 11.55618
-6.06578, -0.71185, 805.32689, -9.74379, 25.36094, 11.55618
-5.36250, -1.42370, 805.32689, -9.74379, 25.36094, 11.55618
-5.36250, -1.42370, 805.32689, -9.74379, 25.82205, 11.55618
-6.06578, -1.42370, 805.32689, -9.74379, 25.36094, 11.78559
-6.06578, -1.42370, 805.32689, -9.74379, 25.36094, 11.55618
-6.06578, -1.42370, 805.32689, -9.74379, 25.82205, 11.55618
-6.06578, -1.42370, 802.26481, -9.74379, 25.36094, 11.55618
-6.06578, -0.71185, 805.32689, -9.21351, 25.36094, 11.55618
-6.06578, -1.42370, 805.32689, -9.21351, 25.36094, 11.55618
-6.06578, -0.71185, 802.26481, -9.74379, 25.36094, 11.55618
-6.06578, -1.42370, 805.32689, -9.74379, 25.36094, 11.55618
-6.06578, -2.13555, 805.32689, -9.74379, 25.82205, 11.55618
-6.06578, -2.13555, 802.26481, -10.27406, 25.82205, 11.55618
-6.06578, -2.13555, 802.26481, -9.74379, 25.36094, 11.55618
-6.06578, -2.13555, 802.26481, -9.74379, 25.82205, 11.55618
-5.36250, -2.13555, 802.26481, -9.74379, 25.36094, 11.55618
-6.06578, -2.13555, 805.32689, -9.74379, 25.36094, 11.55618
-6.06578, -1.42370, 805.32689, -9.21351, 25.36094, 11.55618
-5.36250, -2.13555, 805.32689, -9.21351, 25.36094, 11.55618
-5.36250, -1.42370, 802.26481, -9.21351, 25.36094, 11.55618
-6.06578, -1.42370, 805.32689, -8.68324, 25.36094, 11.55618
-6.06578, -1.42370, 805.32689, -8.68324, 25.36094, 11.55618
-6.06578, -0.71185, 802.26481, -8.68324, 25.36094, 11.55618
-5.36250, -0.71185, 805.32689, -8.15297, 24.89983, 11.55618
-5.36250, -0.71185, 805.32689, -8.15297, 25.36094, 11.55618
-5.36250,  0.00000, 808.38897, -8.15297, 25.36094, 11.55618
-5.36250,  0.71185, 805.32689, -7.62269, 24.89983, 11.55618
-5.36250,  0.00000, 805.32689, -8.15297, 24.89983, 11.55618
-5.36250,  0.00000, 805.32689, -8.15297, 24.89983, 11.55618
-4.65923, -0.71185, 805.32689, -8.15297, 24.89983, 11.55618
-5.36250,  0.00000, 808.38897, -8.15297, 24.89983, 11.55618
-5.36250,  0.00000, 805.32689, -8.68324, 24.89983, 11.55618
-5.36250, -0.71185, 808.38897, -8.15297, 24.89983, 11.55618
-4.65923, -0.71185, 805.32689, -8.15297, 24.89983, 11.55618
-5.36250,  0.00000, 805.32689, -8.15297, 24.89983, 11.55618
-5.36250,  0.00000, 805.32689, -8.68324, 24.89983, 11.55618
-5.36250,  0.00000, 805.32689, -8.15297, 24.89983, 11.55618
-5.36250, -0.71185, 805.32689, -8.68324, 24.89983, 11.55618
-5.36250, -0.71185, 805.32689, -8.15297, 24.89983, 11.55618
-5.36250, -0.71185, 805.32689, -8.68324, 24.89983, 11.78559
-4.65923, -0.71185, 808.38897, -8.68324, 24.89983, 11.55618
-4.65923, -0.71185, 805.32689, -8.15297, 24.89983, 11.78559
-4.65923, -0.71185, 808.38897, -8.68324, 24.89983, 11.78559
-5.36250, -0.71185, 805.32689, -9.21351, 24.89983, 11.78559
-4.65923, -0.71185, 805.32689, -8.68324, 24.89983, 11.78559
-4.65923, -0.71185, 805.32689, -8.68324, 24.89983, 11.78559
-4.65923, -0.71185, 805.32689, -8.68324, 24.89983, 11.55618
-5.36250, -0.71185, 805.32689, -8.68324, 24.89983, 11.55618
-4.65923, -1.42370, 805.32689, -9.21351, 25.36094, 11.55618
-5.36250, -1.42370, 805.32689, -9.21351, 24.89983, 11.55618
-4.65923, -1.42370, 805.32689, -9.21351, 25.36094, 11.55618
-4.65923, -1.42370, 805.32689, -9.74379, 25.36094, 11.55618
-4.65923, -1.42370, 805.32689, -9.74379, 25.36094, 11.78559
-5.36250, -1.42370, 805.32689, -9.21351, 25.36094, 11.55618
-5.36250, -1.42370, 805.32689, -9.21351, 25.36094, 11.55618
-5.36250, -1.42370, 805.32689, -9.21351, 25.36094, 11.55618
-4.65923, -1.42370, 802.26481, -8.68324, 25.36094, 11.55618
-5.36250, -0.71185, 805.32689, -8.68324, 26.28316, 11.55618
-5.36250, -0.71185, 805.32689, -9.21351, 25.82205, 11.55618
-5.36250, -0.71185, 805.32689, -9.21351, 25.82205, 11.55618
-5.36250, -0.71185, 805.32689, -9.21351, 26.28316, 11.55618
-5.36250, -0.71185, 805.32689, -8.68324, 25.82205, 11.55618
-5.36250, -0.71185, 805.32689, -8.68324, 25.82205, 11.55618
-5.36250, -0.71185, 805.32689, -8.68324, 26.28316, 11.55618
-5.36250, -0.71185, 805.32689, -8.15297, 26.28316, 11.32678
-5.36250, -0.71185, 805.32689, -8.68324, 26.28316, 11.55618
-5.36250, -0.71185, 805.32689, -8.68324, 26.28316, 11.55618
-5.36250, -0.71185, 805.32689, -8.15297, 26.28316, 11.55618
-5.36250, -0.71185, 805.32689, -8.68324, 26.28316, 11.55618
-5.36250, -0.71185, 805.32689, -8.68324, 26.74426, 11.55618
-5.36250, -0.71185, 808.38897, -8.68324, 26.28316, 11.55618
-5.36250, -0.71185, 805.32689, -8.68324, 26.74426, 11.78559
-6.06578, -0.71185, 808.38897, -9.21351, 26.28316, 11.55618
-5.36250, -0.71185, 805.32689, -9.21351, 26.74426, 11.78559
-5.36250, -0.71185, 808.38897, -9.21351, 26.74426, 11.78559
-5.36250, -1.42370, 802.26481, -9.74379, 26.74426, 11.55618
-5.36250, -1.42370, 805.32689, -9.74379, 26.28316, 11.55618
-5.36250, -1.42370, 805.32689, -9.74379, 26.28316, 11.78559
-5.36250, -1.42370, 808.38897, -9.74379, 26.28316, 11.78559
-5.36250, -1.42370, 805.32689, -10.27406, 26.28316, 11.55618
-4.65923, -2.13555, 805.32689, -10.27406, 26.28316, 11.55618
-4.65923, -1.42370, 805.32689, -10.27406, 26.28316, 11.78559
-5.36250, -1.42370, 808.38897, -10.27406, 26.28316, 11.55618
-5.36250, -1.42370, 808.38897, -10.27406, 25.82205, 11.55618
-5.36250, -1.42370, 805.32689, -10.27406, 26.28316, 11.78559
-5.36250, -1.42370, 805.32689, -10.27406, 26.28316, 11.78559
-5.36250, -1.42370, 805.32689, -10.27406, 26.28316, 11.55618
-5.36250, -1.42370, 805.32689, -10.27406, 26.74426, 11.55618
-5.36250, -1.42370, 805.32689, -10.27406, 26.74426, 11.78559
-5.36250, -1.42370, 805.32689, -10.80434, 26.74426, 11.55618
-5.36250, -0.71185, 805.32689, -10.80434, 26.74426, 11.55618
-6.06578, -1.42370, 805.32689, -10.27406, 26.74426, 11.55618
-5.36250, -1.42370, 805.32689, -10.80434, 27.20537, 11.55618
-6.06578, -1.42370, 808.38897, -10.80434, 27.20537, 11.55618
-6.06578, -1.42370, 805.32689, -10.27406, 26.74426, 11.55618
-6.06578, -1.42370, 805.32689, -10.27406, 27.20537, 11.55618
-6.06578, -1.42370, 805.32689, -10.80434, 27.20537, 11.55618
-5.36250, -1.42370, 805.32689, -10.27406, 26.74426, 11.55618
-5.36250, -1.42370, 805.32689, -10.27406, 26.74426, 11.32678
-5.36250, -1.42370, 805.32689, -10.27406, 27.20537, 11.32678
-5.36250, -1.42370, 805.32689, -9.74379, 26.74426, 11.55618
-6.06578, -0.71185, 805.32689, -9.74379, 26.74426, 11.55618
-5.36250, -1.42370, 805.32689, -10.27406, 26.74426, 11.55618
-5.36250, -1.42370, 805.32689, -9.74379, 26.74426, 11.55618
-5.36250, -0.71185, 805.32689, -9.74379, 27.20537, 11.32678
-5.36250, -0.71185, 805.32689, -9.74379, 26.28316, 11.55618
-5.36250, -0.71185, 805.32689, -9.74379, 26.74426, 11.55618
-5.36250, -0.71185, 805.32689, -9.74379, 26.28316, 11.55618
-5.36250, -0.71185, 805.32689, -9.74379, 26.28316, 11.55618
-5.36250, -0.71185, 805.32689, -9.74379, 26.28316, 11.55618
-5.36250, -0.71185, 805.32689, -9.74379, 26.28316, 11.55618
-5.36250, -1.42370, 808.38897, -9.74379, 26.28316, 11.78559
-5.36250, -1.42370, 805.32689, -9.74379, 26.28316, 11.78559
-5.36250, -1.42370, 805.32689, -10.27406, 26.28316, 11.78559
-4.65923, -1.42370, 805.32689, -9.74379, 25.82205, 11.55618
-5.36250, -1.42370, 805.32689, -9.74379, 25.82205, 11.55618
-5.36250, -1.42370, 805.32689, -9.74379, 25.36094, 11.55618
-5.36250, -1.42370, 805.32689, -10.27406, 25.36094, 11.55618
-5.36250, -1.42370, 805.32689, -10.27406, 25.82205, 11.55618
-4.65923, -1.42370, 805.32689, -10.27406, 25.36094, 11.55618
-5.36250, -1.42370, 805.32689, -10.27406, 25.36094, 11.78559
-4.65923, -2.13555, 805.32689, -10.27406, 25.36094, 11.55618
-5.36250, -2.13555, 805.32689, -10.27406, 25.36094, 11.55618
-5.36250, -1.42370, 805.32689, -10.80434, 24.89983, 11.55618
-5.36250, -1.42370, 805.32689, -10.27406, 24.89983, 11.55618
-4.65923, -1.42370, 805.32689, -10.80434, 24.89983, 11.78559
-4.65923, -1.42370, 805.32689, -10.80434, 24.89983, 11.55618
-5.36250, -1.42370, 808.38897, -10.80434, 24.89983, 11.55618
-5.36250, -1.42370, 805.32689, -10.80434, 24.89983, 11.55618
-5.36250, -1.42370, 805.32689, -10.27406, 24.89983, 11.55618
-4.65923, -1.42370, 805.32689, -10.27406, 24.89983, 11.55618
-5.36250, -0.71185, 805.32689, -10.27406, 24.89983, 11.55618
-5.36250, -0.71185, 808.38897, -10.80434, 24.89983, 11.55618
-4.65923, -1.42370, 808.38897, -10.27406, 24.43872, 11.55618
-5.36250, -1.42370, 808.38897, -10.27406, 24.43872, 11.55618
-5.36250, -1.42370, 808.38897, -10.27406, 24.43872, 11.55618
-5.36250, -1.42370, 805.32689, -10.27406, 24.43872, 11.55618
-4.65923, -1.42370, 805.32689, -10.27406, 23.97762, 11.55618
-4.65923, -2.13555, 805.32689, -10.27406, 23.97762, 11.55618
-4.65923, -2.13555, 805.32689, -10.27406, 23.97762, 11.78559
-5.36250, -2.13555, 805.32689, -10.80434, 23.97762, 11.78559
-4.65923, -2.84740, 805.32689, -10.80434, 23.97762, 11.55618
-4.65923, -2.13555, 802.26481, -10.80434, 23.51651, 11.78559
-4.65923, -2.84740, 808.38897, -10.27406, 23.97762, 11.55618
-4.65923, -2.84740, 808.38897, -10.27406, 23.97762, 11.55618
-4.65923, -2.13555, 805.32689, -10.27406, 24.43872, 11.32678
-5.36250, -2.13555, 805.32689, -9.74379, 24.43872, 11.55618
-4.65923, -1.42370, 805.32689, -9.21351, 24.43872, 11.32678
-5.36250, -0.71185, 805.32689, -9.21351, 23.97762, 11.32678
-4.65923, -0.71185, 805.32689, -8.68324, 23.97762, 11.55618
-5.36250,  0.00000, 805.32689, -8.68324, 23.97762, 11.55618
-4.65923,  0.00000, 805.32689, -8.15297, 24.43872, 11.55618
-5.36250,  0.00000, 805.32689, -8.15297, 24.43872, 11.55618
-5.36250, -0.71185, 805.32689, -8.15297, 24.43872, 11.55618
-5.36250,  0.00000, 808.38897, -8.15297, 24.43872, 11.55618
-4.65923,  0.00000, 805.32689, -8.15297, 24.43872, 11.55618
-5.36250, -0.71185, 805.32689, -8.15297, 24.43872, 11.55618
-5.36250,  0.00000, 808.38897, -7.62269, 24.43872, 11.78559
-5.36250, -0.71185, 805.32689, -7.62269, 24.43872, 11.55618
-5.36250,  0.00000, 805.32689, -7.62269, 24.43872, 11.55618
-5.36250,  0.00000, 808.38897, -8.15297, 24.43872, 11.55618
-5.36250,  0.00000, 808.38897, -7.62269, 24.43872, 11.55618
-5.36250,  0.00000, 805.32689, -7.62269, 24.43872, 11.55618
-5.36250,  0.00000, 805.32689, -8.15297, 24.43872, 11.55618
-5.36250,  0.00000, 808.38897, -8.15297, 24.43872, 11.55618
-5.36250, -0.71185, 805.32689, -7.62269, 24.43872, 11.78559
-5.36250, -0.71185, 805.32689, -7.62269, 24.43872, 11.55618
-5.36250,  0.00000, 808.38897, -8.15297, 23.97762, 11.55618
-5.36250, -0.71185, 805.32689, -8.15297, 23.97762, 11.78559
-5.36250, -0.71185, 805.32689, -8.15297, 24.43872, 11.55618
-5.36250, -0.71185, 805.32689, -8.68324, 24.43872, 11.78559
-5.36250,  0.00000, 805.32689, -8.68324, 23.97762, 11.55618
-5.36250, -0.71185, 805.32689, -8.68324, 23.51651, 11.55618
-5.36250, -1.42370, 805.32689, -8.68324, 23.97762, 11.55618
-4.65923, -1.42370, 805.32689, -9.21351, 23.97762, 11.78559
-4.65923, -1.42370, 808.38897, -9.21351, 23.51651, 11.78559
-4.65923, -1.42370, 805.32689, -9.21351, 23.51651, 11.78559
-4.65923, -1.42370, 805.32689, -9.21351, 23.51651, 11.55618
-4.65923, -1.42370, 805.32689, -9.21351, 23.51651, 11.78559
-5.36250, -1.42370, 805.32689, -9.74379, 23.51651, 11.55618
-4.65923, -0.71185, 808.38897, -9.74379, 23.51651, 11.55618
-4.65923, -0.71185, 805.32689, -9.74379, 23.51651, 11.78559
-4.65923, -1.42370, 805.32689, -9.74379, 23.51651, 11.55618
-4.65923, -1.42370, 805.32689, -9.74379, 23.51651, 11.55618
-4.65923, -1.42370, 808.38897, -10.27406, 23.05540, 11.55618
-5.36250, -1.42370, 808.38897, -10.27406, 23.51651, 11.55618
-4.65923, -1.42370, 805.32689, -9.74379, 23.51651, 11.55618
-4.65923, -1.42370, 808.38897, -10.27406, 23.51651, 11.55618
-5.36250, -1.42370, 805.32689, -10.27406, 23.51651, 11.55618
-4.65923, -0.71185, 805.32689, -10.27406, 23.51651, 11.55618
-5.36250, -1.42370, 805.32689, -9.74379, 23.51651, 11.55618
-4.65923, -1.42370, 805.32689, -10.80434, 23.51651, 11.55618
-4.65923, -1.42370, 805.32689, -10.27406, 23.51651, 11.55618
-5.36250, -1.42370, 805.32689, -10.27406, 23.97762, 11.55618
-5.36250, -1.42370, 805.32689, -10.27406, 23.97762, 11.55618
-5.36250, -1.42370, 805.32689, -10.27406, 23.97762, 11.55618
-4.65923, -2.13555, 805.32689, -10.27406, 23.97762, 11.55618
-4.65923, -2.13555, 805.32689, -10.80434, 23.97762, 11.78559
-4.65923, -1.42370, 805.32689, -10.80434, 23.97762, 11.55618
-4.65923, -1.42370, 805.32689, -10.80434, 23.97762, 11.55618
-5.36250, -2.13555, 805.32689, -10.80434, 23.97762, 11.55618
-4.65923, -1.42370, 805.32689, -10.80434, 23.51651, 11.78559
-4.65923, -1.42370, 805.32689, -10.80434, 23.51651, 11.55618
-4.65923, -1.42370, 808.38897, -10.80434, 23.97762, 11.55618
-4.65923, -2.13555, 805.32689, -10.27406, 24.43872, 11.55618
-4.65923, -1.42370, 808.38897, -10.27406, 23.97762, 11.55618
-5.36250, -1.42370, 805.32689, -10.27406, 24.43872, 11.55618
-5.36250, -0.71185, 805.32689, -10.80434, 23.97762, 11.78559
-4.65923, -2.13555, 805.32689, -10.27406, 24.43872, 11.55618
-6.06578, -1.42370, 808.38897, -10.27406, 24.43872, 11.55618
-5.36250,  0.00000, 808.38897, -9.74379, 24.43872, 11.55618
-5.36250, -0.71185, 808.38897, -10.27406, 23.97762, 11.55618
-4.65923, -0.71185, 805.32689, -10.27406, 24.43872, 11.32678
-5.36250, -0.71185, 805.32689, -10.27406, 23.97762, 11.55618
-4.65923, -1.42370, 805.32689, -10.27406, 24.43872, 11.55618
-5.36250, -1.42370, 808.38897, -10.27406, 24.43872, 11.55618
-5.36250, -1.42370, 808.38897, -10.27406, 24.43872, 11.55618
-5.36250, -1.42370, 805.32689, -10.27406, 24.43872, 11.55618
-4.65923, -1.42370, 808.38897, -10.80434, 24.43872, 11.55618
-4.65923, -1.42370, 808.38897, -10.27406, 24.43872, 11.55618
-4.65923, -1.42370, 808.38897, -10.27406, 24.43872, 11.55618
-4.65923, -1.42370, 805.32689, -10.27406, 24.43872, 11.78559
-5.36250, -1.42370, 808.38897, -10.80434, 24.43872, 11.55618
-5.36250, -1.42370, 805.32689, -10.27406, 24.43872, 11.55618
-5.36250, -1.42370, 805.32689, -10.80434, 24.43872, 11.55618
-5.36250, -1.42370, 808.38897, -10.80434, 24.43872, 11.55618
-4.65923, -1.42370, 805.32689, -10.80434, 24.43872, 11.55618
-4.65923, -0.71185, 805.32689, -10.80434, 24.43872, 11.55618
-4.65923, -1.42370, 805.32689, -10.27406, 24.43872, 11.55618
-4.65923, -1.42370, 805.32689, -10.80434, 24.43872, 11.32678
-4.65923, -1.42370, 808.38897, -10.80434, 24.43872, 11.55618
-4.65923, -1.42370, 805.32689, -10.80434, 23.97762, 11.55618
-4.65923, -1.42370, 805.32689, -10.80434, 23.97762, 11.55618
-4.65923, -1.42370, 805.32689, -10.80434, 24.43872, 11.55618
-4.65923, -1.42370, 805.32689, -10.80434, 24.43872, 11.55618
-4.65923, -1.42370, 805.32689, -10.80434, 24.43872, 11.55618
-4.65923, -2.13555, 805.32689, -10.80434, 24.43872, 11.55618
-4.65923, -1.42370, 808.38897, -10.80434, 23.97762, 11.55618
-5.36250, -2.13555, 808.38897, -10.80434, 24.43872, 11.55618
-4.65923, -1.42370, 805.32689, -10.80434, 24.43872, 11.55618
-5.36250, -1.42370, 805.32689, -10.80434, 24.43872, 11.55618
-4.65923, -0.71185, 808.38897, -10.80434, 24.43872, 11.55618
-4.65923, -0.71185, 808.38897, -10.27406, 24.89983, 11.55618
-4.65923, -0.71185, 808.38897, -10.27406, 24.89983, 11.55618
-5.36250, -0.71185, 808.38897, -10.27406, 24.89983, 11.55618
-5.36250, -0.71185, 805.32689, -10.80434, 24.89983, 11.55618
-4.65923, -1.42370, 805.32689, -10.27406, 24.89983, 11.55618
-5.36250, -0.71185, 808.38897, -10.80434, 25.36094, 11.55618
-5.36250, -1.42370, 808.38897, -10.80434, 24.89983, 11.78559
-5.36250, -1.42370, 808.38897, -10.27406, 25.36094, 11.55618
-5.36250, -1.42370, 808.38897, -10.80434, 25.36094, 11.55618
-5.36250, -1.42370, 805.32689, -10.27406, 24.89983, 11.55618
-5.36250, -0.71185, 805.32689, -10.80434, 25.36094, 11.55618
-5.36250, -1.42370, 808.38897, -10.80434, 25.36094, 11.55618
-5.36250, -1.42370, 808.38897, -10.27406, 25.36094, 11.55618
-6.06578, -1.42370, 805.32689, -10.27406, 25.36094, 11.78559
-5.36250, -1.42370, 808.38897, -10.27406, 25.82205, 11.55618
-5.36250, -0.71185, 805.32689, -10.80434, 25.82205, 11.55618
-6.06578, -0.71185, 805.32689, -10.27406, 25.82205, 11.78559
-5.36250, -0.71185, 808.38897, -10.27406, 25.36094, 11.55618
-5.36250, -0.71185, 808.38897, -10.80434, 25.82205, 11.55618
-5.36250, -0.71185, 805.32689, -10.80434, 25.36094, 11.55618
-5.36250, -1.42370, 808.38897, -10.80434, 25.36094, 11.55618
-5.36250, -0.71185, 805.32689, -10.80434, 25.36094, 11.55618
-6.06578, -0.71185, 805.32689, -10.27406, 25.36094, 11.55618
-5.36250, -1.42370, 805.32689, -10.80434, 24.89983, 11.55618
-6.06578, -1.42370, 808.38897, -10.80434, 24.89983, 11.55618
-6.06578, -2.13555, 805.32689, -10.80434, 24.89983, 11.78559
-6.06578, -2.13555, 805.32689, -10.80434, 25.36094, 11.78559
-6.06578, -2.13555, 805.32689, -10.80434, 24.89983, 11.78559
-6.06578, -1.42370, 808.38897, -11.33461, 25.36094, 11.55618
-6.06578, -1.42370, 805.32689, -10.80434, 24.89983, 11.78559
-5.36250, -1.42370, 808.38897, -10.80434, 24.89983, 11.78559
-6.06578, -0.71185, 805.32689, -10.80434, 24.89983, 11.78559
-5.36250, -0.71185, 805.32689, -10.80434, 25.36094, 11.78559
-6.06578, -0.71185, 808.38897, -10.80434, 24.89983, 11.55618
