
-6.76906, -2.84740, 731.83698, 81.13195, -20.28875, 11.92896
-6.06578, -2.84740, 731.83698, 80.60168, -20.28875, 11.92896
-6.06578, -3.55925, 731.83698, 80.60168, -20.28875, 11.69956
-5.36250, -4.27110, 731.83698, 79.54113, -20.74986, 11.69956
-5.36250, -4.98295, 731.83698, 79.01086, -20.74986, 11.69956
-4.65923, -4.98295, 728.77490, 79.01086, -20.74986, 11.69956
-4.65923, -4.98295, 728.77490, 79.01086, -20.74986, 12.15837
-4.65923, -4.27110, 728.77490, 79.01086, -20.74986, 11.92896
-5.36250, -3.55925, 728.77490, 79.54113, -20.28875, 11.92896
-6.06578, -3.55925, 728.77490, 79.54113, -20.28875, 11.92896
-6.76906, -2.84740, 728.77490, 79.54113, -20.28875, 11.69956
-6.06578, -2.84740, 728.77490, 79.54113, -20.74986, 11.69956
-4.65923, -2.84740, 728.77490, 79.01086, -21.21097, 11.92896
-4.65923, -3.55925, 728.77490, 78.48058, -21.67208, 11.92896
-5.36250, -4.27110, 734.89906, 79.01086, -21.67208, 11.92896
-5.36250, -4.27110, 734.89906, 79.54113, -22.13318, 11.69956
-4.65923, -3.55925, 731.83698, 79.01086, -21.67208, 11.69956
-3.95595, -2.84740, 731.83698, 78.48058, -22.13318, 11.92896
-4.65923, -2.84740, 728.77490, 78.48058, -22.13318, 11.47016
-5.36250, -3.55925, 728.77490, 79.54113, -21.67208, 11.24075
-5.36250, -3.55925, 728.77490, 80.07140, -22.13318, 11.24075
-4.65923, -3.55925, 728.77490, 79.54113, -21.67208, 11.24075
-3.95595, -2.84740, 731.83698, 79.01086, -22.59429, 11.47016
-3.95595, -2.84740, 728.77490, 79.01086, -23.05540, 11.47016
-3.95595, -2.84740, 728.77490, 78.48058, -22.59429, 11.24075
-4.65923, -3.55925, 731.83698, 77.42003, -22.59429, 11.24075
-5.36250, -4.27110, 731.83698, 77.42003, -22.59429, 11.47016
-4.65923, -4.27110, 731.83698, 77.95031, -22.13318, 11.47016
-3.95595, -4.27110, 731.83698, 77.42003, -22.59429, 11.69956
-4.65923, -4.27110, 731.83698, 77.42003, -22.59429, 11.47016
-4.65923, -4.27110, 728.77490, 77.42003, -22.59429, 11.47016
-4.65923, -4.27110, 728.77490, 77.42003, -22.59429, 11.24075
-5.36250, -4.27110, 731.83698, 77.95031, -22.13318, 11.47016
-5.36250, -4.27110, 731.83698, 78.48058, -21.67208, 11.24075
-5.36250, -4.27110, 731.83698, 79.01086, -22.13318, 11.24075
-3.95595, -4.27110, 728.77490, 79.01086, -22.59429, 11.01135
-4.65923, -3.55925, 728.77490, 78.48058, -22.59429, 11.47016
-5.36250, -3.55925, 728.77490, 78.48058, -22.13318, 11.47016
-6.06578, -3.55925, 731.83698, 79.01086, -22.13318, 11.47016
-4.65923, -3.55925, 728.77490, 78.48058, -22.59429, 11.47016
-3.95595, -4.27110, 728.77490, 78.48058, -22.59429, 11.47016
-4.65923, -3.55925, 731.83698, 78.48058, -22.13318, 11.47016
-6.06578, -2.84740, 728.77490, 79.01086, -22.13318, 11.47016
-4.65923, -3.55925, 728.77490, 77.95031, -22.13318, 11.47016
-3.95595, -4.27110, 731.83698, 79.01086, -22.59429, 11.69956
-4.65923, -3.55925, 731.83698, 79.01086, -22.59429, 11.69956
-4.65923, -2.84740, 731.83698, 79.01086, -22.59429, 11.69956
-5.36250, -3.55925, 731.83698, 79.01086, -22.13318, 11.92896
-6.06578, -2.84740, 731.83698, 79.01086, -22.13318, 11.69956
-6.06578, -2.84740, 728.77490, 79.01086, -22.13318, 11.92896
-6.06578, -2.13555, 728.77490, 79.01086, -22.13318, 11.69956
-6.06578, -2.84740, 731.83698, 80.07140, -21.67208, 11.69956
-5.36250, -2.84740, 728.77490, 80.07140, -22.13318, 11.69956
-3.95595, -2.84740, 728.77490, 79.54113, -22.59429, 11.69956
-4.65923, -2.84740, 728.77490, 80.07140, -22.59429, 11.69956
-4.65923, -3.55925, 731.83698, 79.54113, -22.13318, 11.47016
-5.36250, -4.27110, 731.83698, 79.01086, -22.59429, 11.47016
-4.65923, -4.27110, 731.83698, 79.54113, -22.59429, 11.69956
-4.65923, -3.55925, 728.77490, 79.54113, -22.13318, 11.69956
-6.06578, -3.55925, 731.83698, 80.07140, -22.13318, 11.92896
-6.06578, -3.55925, 731.83698, 80.07140, -22.13318, 11.69956
-6.06578, -3.55925, 728.77490, 80.07140, -22.13318, 11.92896
-6.06578, -2.13555, 728.77490, 80.60168, -22.13318, 11.92896
-6.76906, -2.13555, 731.83698, 80.60168, -22.13318, 11.92896
-7.47234, -2.13555, 731.83698, 81.13195, -22.13318, 11.92896
-6.76906, -2.13555, 728.77490, 81.13195, -21.67208, 11.69956
-6.76906, -2.13555, 728.77490, 81.13195, -22.13318, 11.69956
-5.36250, -2.84740, 728.77490, 81.13195, -22.59429, 11.47016
-5.36250, -2.84740, 731.83698, 81.13195, -22.59429, 11.24075
-5.36250, -2.84740, 731.83698, 81.13195, -23.05540, 11.24075
-5.36250, -2.13555, 728.77490, 82.19250, -23.51651, 11.01135
-6.06578, -2.13555, 728.77490, 81.66223, -23.05540, 11.01135
-5.36250, -2.84740, 731.83698, 81.66223, -23.51651, 11.24075
-5.36250, -3.55925, 731.83698, 81.13195, -24.43872, 11.24075
-5.36250, -2.84740, 731.83698, 80.60168, -24.43872, 11.24075
-4.65923, -3.55925, 728.77490, 79.54113, -24.89983, 11.24075
-3.25267, -3.55925, 728.77490, 79.01086, -24.89983, 11.47016
-3.25267, -3.55925, 728.77490, 79.01086, -24.89983, 11.47016
-2.54939, -4.27110, 728.77490, 79.01086, -24.89983, 11.47016
-3.25267, -4.27110, 731.83698, 79.01086, -25.36094, 11.47016
-4.65923, -4.27110, 731.83698, 79.01086, -24.89983, 11.24075
-5.36250, -4.27110, 728.77490, 79.54113, -24.89983, 11.24075
-6.06578, -2.84740, 728.77490, 79.01086, -24.43872, 11.24075
-6.76906, -2.84740, 725.71282, 79.54113, -23.97762, 11.24075
-6.06578, -3.55925, 725.71282, 79.01086, -23.97762, 11.24075
-5.36250, -3.55925, 728.77490, 79.54113, -24.43872, 11.24075
-3.95595, -3.55925, 728.77490, 79.01086, -24.43872, 11.47016
-3.25267, -3.55925, 728.77490, 78.48058, -25.36094, 11.69956
-3.95595, -4.27110, 731.83698, 78.48058, -25.36094, 11.69956
-3.95595, -4.27110, 728.77490, 78.48058, -25.36094, 11.47016
-3.95595, -4.98295, 728.77490, 77.95031, -24.89983, 11.69956
-3.95595, -4.27110, 728.77490, 77.95031, -25.36094, 11.47016
-3.95595, -4.27110, 728.77490, 79.01086, -25.82205, 11.47016
-3.25267, -2.84740, 728.77490, 79.01086, -25.36094, 11.69956
-4.65923, -2.84740, 728.77490, 79.54113, -25.82205, 11.69956
-6.06578, -2.84740, 728.77490, 80.07140, -25.36094, 11.47016
-5.36250, -2.84740, 728.77490, 80.07140, -25.36094, 11.69956
-4.65923, -2.84740, 731.83698, 79.54113, -25.36094, 11.47016
-3.95595, -3.55925, 728.77490, 80.07140, -25.82205, 11.24075
-3.25267, -2.84740, 728.77490, 80.07140, -25.82205, 11.47016
-3.25267, -2.84740, 731.83698, 80.07140, -25.82205, 11.47016
-4.65923, -2.84740, 728.77490, 80.07140, -25.36094, 11.47016
-4.65923, -3.55925, 728.77490, 80.07140, -25.36094, 11.47016
-4.65923, -2.84740, 728.77490, 80.07140, -24.89983, 11.24075
-4.65923, -2.84740, 728.77490, 80.07140, -24.89983, 11.47016
-3.95595, -2.84740, 728.77490, 80.60168, -24.89983, 11.47016
-4.65923, -2.84740, 728.77490, 81.13195, -24.89983, 11.69956
-3.95595, -2.84740, 728.77490, 80.07140, -24.43872, 11.47016
-4.65923, -3.55925, 728.77490, 80.07140, -24.43872, 11.24075
-5.36250, -2.84740, 728.77490, 80.07140, -24.43872, 11.24075
-5.36250, -3.55925, 728.77490, 80.07140, -23.97762, 11.24075
-4.65923, -3.55925, 728.77490, 79.54113, -24.43872, 11.24075
-3.95595, -3.55925, 731.83698, 79.54113, -24.89983, 11.24075
-3.95595, -3.55925, 731.83698, 79.54113, -24.43872, 11.24075
-4.65923, -3.55925, 731.83698, 79.01086, -23.97762, 11.24075
-4.65923, -3.55925, 731.83698, 79.54113, -24.43872, 11.24075
-4.65923, -4.27110, 734.89906, 79.54113, -24.43872, 11.24075
-5.36250, -3.55925, 731.83698, 79.54113, -23.97762, 11.47016
-4.65923, -3.55925, 728.77490, 79.01086, -23.97762, 11.47016
-4.65923, -2.84740, 725.71282, 79.54113, -23.51651, 11.47016
-3.25267, -4.98295, 728.77490, 79.54113, -23.97762, 11.24075
-3.95595, -4.98295, 728.77490, 80.07140, -23.51651, 11.24075
-3.95595, -4.27110, 728.77490, 80.07140, -23.97762, 11.47016
-5.36250, -3.55925, 728.77490, 80.07140, -23.05540, 11.92896
-4.65923, -3.55925, 728.77490, 80.60168, -23.51651, 11.69956
-3.95595, -3.55925, 728.77490, 80.60168, -23.51651, 11.69956
-3.95595, -3.55925, 728.77490, 80.60168, -23.05540, 11.69956
-3.95595, -2.84740, 728.77490, 81.66223, -23.05540, 11.47016
-4.65923, -2.13555, 731.83698, 82.19250, -23.05540, 11.47016
-5.36250, -2.13555, 728.77490, 82.19250, -22.59429, 11.24075
-5.36250, -1.42370, 728.77490, 82.19250, -22.13318, 11.69956
-5.36250, -2.13555, 731.83698, 81.66223, -22.13318, 11.69956
-4.65923, -2.13555, 728.77490, 82.19250, -22.13318, 11.47016
-3.95595, -1.42370, 728.77490, 82.19250, -22.13318, 11.47016
-3.95595, -2.13555, 728.77490, 81.13195, -21.67208, 11.69956
-4.65923, -2.13555, 728.77490, 80.60168, -21.21097, 11.69956
-5.36250, -2.84740, 728.77490, 81.13195, -20.74986, 11.69956
-5.36250, -2.84740, 731.83698, 80.60168, -20.74986, 11.69956
-3.95595, -3.55925, 728.77490, 80.60168, -20.74986, 11.47016
-3.25267, -4.27110, 731.83698, 80.60168, -20.28875, 11.24075
-3.95595, -4.27110, 728.77490, 80.60168, -19.36654, 11.47016
-3.25267, -4.27110, 725.71282, 80.60168, -19.36654, 11.69956
-3.95595, -4.27110, 728.77490, 80.60168, -18.90543, 11.47016
-4.65923, -3.55925, 731.83698, 81.13195, -18.44432, 11.47016
-6.06578, -2.84740, 728.77490, 81.66223, -17.98321, 11.47016
-7.47234, -2.84740, 725.71282, 81.66223, -17.52210, 11.92896
-8.17562, -2.84740, 728.77490, 81.66223, -16.59989, 11.92896
-7.47234, -2.84740, 725.71282, 81.13195, -16.59989, 11.69956
-6.06578, -2.84740, 728.77490, 80.07140, -17.06100, 11.69956
-6.06578, -3.55925, 731.83698, 80.60168, -17.06100, 11.47016
-6.06578, -3.55925, 731.83698, 80.07140, -16.59989, 11.47016
-5.36250, -4.27110, 731.83698, 79.54113, -16.13878, 11.47016
-6.06578, -3.55925, 731.83698, 79.54113, -16.13878, 11.47016
-6.76906, -3.55925, 728.77490, 79.54113, -15.21656, 11.47016
-7.47234, -2.84740, 725.71282, 80.07140, -14.75546, 11.69956
-8.17562, -2.84740, 725.71282, 80.60168, -14.29435, 11.69956
-8.17562, -3.55925, 728.77490, 80.60168, -14.29435, 11.69956
-6.76906, -3.55925, 728.77490, 80.60168, -14.29435, 11.47016
-6.76906, -3.55925, 731.83698, 80.60168, -14.29435, 11.69956
-6.76906, -3.55925, 731.83698, 80.60168, -14.29435, 11.69956
-6.76906, -2.84740, 731.83698, 81.13195, -14.29435, 11.69956
-6.76906, -2.13555, 731.83698, 81.13195, -14.29435, 11.69956
-6.76906, -2.13555, 728.77490, 81.13195, -14.29435, 11.47016
-7.47234, -2.84740, 728.77490, 81.13195, -13.83324, 11.69956
-7.47234, -2.84740, 728.77490, 81.66223, -13.83324, 11.69956
-8.17562, -2.84740, 725.71282, 81.13195, -13.83324, 11.69956
-7.47234, -2.84740, 725.71282, 79.54113, -13.83324, 11.47016
-6.76906, -3.55925, 728.77490, 79.01086, -14.29435, 11.47016
-6.06578, -4.27110, 728.77490, 79.01086, -14.29435, 11.69956
-6.06578, -4.98295, 728.77490, 78.48058, -14.75546, 11.69956
-6.06578, -5.69480, 731.83698, 77.95031, -14.75546, 11.47016
-5.36250, -5.69480, 734.89906, 77.95031, -15.21656, 11.47016
-6.06578, -5.69480, 731.83698, 76.88976, -15.21656, 11.47016
-6.06578, -6.40665, 728.77490, 76.88976, -15.21656, 11.47016
-6.06578, -6.40665, 728.77490, 77.42003, -15.21656, 11.24075
-6.76906, -6.40665, 731.83698, 77.95031, -15.21656, 11.24075
-7.47234, -6.40665, 728.77490, 78.48058, -14.75546, 11.24075
-7.47234, -4.98295, 725.71282, 79.01086, -14.75546, 11.01135
-5.36250, -4.27110, 722.65075, 79.54113, -15.21656, 11.24075
-4.65923, -4.27110, 728.77490, 79.54113, -15.67767, 11.24075
-5.36250, -4.98295, 728.77490, 79.54113, -15.67767, 11.24075
-6.06578, -4.27110, 728.77490, 80.60168, -15.67767, 11.01135
-5.36250, -3.55925, 728.77490, 80.60168, -15.67767, 11.01135
-4.65923, -2.84740, 731.83698, 80.07140, -15.67767, 11.01135
-4.65923, -3.55925, 728.77490, 80.60168, -15.67767, 11.01135
-5.36250, -2.84740, 728.77490, 81.13195, -15.67767, 11.24075
-6.06578, -2.13555, 728.77490, 81.66223, -15.67767, 11.69956
-5.36250, -2.13555, 731.83698, 81.66223, -15.67767, 11.69956
-5.36250, -2.84740, 731.83698, 81.66223, -15.67767, 11.47016
-6.06578, -2.13555, 725.71282, 82.19250, -15.21656, 11.47016
-6.06578, -2.13555, 728.77490, 82.19250, -14.75546, 11.69956
-6.06578, -2.13555, 728.77490, 82.72278, -14.75546, 11.92896
-6.06578, -2.13555, 728.77490, 82.72278, -14.75546, 11.92896
-6.06578, -2.13555, 728.77490, 82.72278, -15.21656, 11.69956
-5.36250, -2.84740, 731.83698, 82.72278, -15.21656, 11.69956
-5.36250, -2.84740, 734.89906, 82.19250, -14.75546, 11.92896
-6.06578, -2.84740, 728.77490, 82.19250, -14.29435, 11.92896
-6.76906, -2.13555, 728.77490, 82.72278, -13.83324, 11.92896
-6.76906, -2.13555, 728.77490, 81.66223, -14.29435, 11.92896
-6.06578, -3.55925, 728.77490, 81.66223, -15.21656, 11.69956
-5.36250, -4.27110, 731.83698, 80.60168, -15.67767, 11.69956
-6.76906, -4.27110, 728.77490, 80.60168, -15.21656, 11.92896
-6.06578, -3.55925, 731.83698, 80.07140, -15.67767, 11.92896
-5.36250, -3.55925, 728.77490, 80.07140, -16.59989, 11.92896
-4.65923, -3.55925, 728.77490, 80.60168, -17.06100, 11.69956
-5.36250, -4.27110, 728.77490, 81.13195, -17.06100, 11.47016
-4.65923, -4.27110, 728.77490, 81.13195, -17.52210, 11.24075
-3.95595, -3.55925, 731.83698, 82.19250, -18.44432, 11.24075
-2.54939, -2.84740, 731.83698, 83.25305, -18.90543, 11.01135
-3.25267, -2.84740, 731.83698, 83.25305, -18.90543, 10.78195
-4.65923, -2.84740, 731.83698, 83.78332, -18.90543, 10.78195
-5.36250, -2.84740, 731.83698, 84.84387, -18.44432, 11.01135
-5.36250, -2.13555, 731.83698, 84.84387, -18.90543, 10.78195
-3.95595, -2.13555, 725.71282, 84.31360, -18.90543, 10.78195
-3.95595, -1.42370, 725.71282, 84.31360, -19.36654, 11.01135
-3.95595, -2.13555, 728.77490, 84.84387, -19.36654, 11.01135
-4.65923, -2.13555, 728.77490, 84.84387, -19.36654, 11.01135
-5.36250, -1.42370, 728.77490, 84.84387, -18.90543, 11.24075
-4.65923, -2.13555, 728.77490, 84.84387, -18.90543, 11.47016
-4.65923, -1.42370, 728.77490, 84.31360, -19.36654, 11.47016
-4.65923, -1.42370, 731.83698, 83.78332, -19.36654, 11.47016
-5.36250, -1.42370, 731.83698, 83.78332, -19.36654, 11.69956
-6.06578, -1.42370, 731.83698, 83.25305, -19.82764, 11.69956
-4.65923, -2.84740, 728.77490, 82.19250, -20.28875, 11.24075
-3.25267, -2.84740, 725.71282, 81.66223, -20.74986, 11.24075
-3.25267, -3.55925, 728.77490, 81.13195, -21.21097, 11.01135
-2.54939, -4.27110, 728.77490, 80.07140, -21.67208, 11.01135
-2.54939, -4.98295, 728.77490, 79.54113, -21.67208, 11.01135
-1.84611, -6.40665, 731.83698, 78.48058, -22.13318, 11.01135
-1.84611, -7.11850, 731.83698, 78.48058, -22.59429, 11.01135
-2.54939, -6.40665, 728.77490, 78.48058, -22.59429, 10.78195
-1.84611, -5.69480, 728.77490, 78.48058, -22.13318, 11.01135
-1.84611, -4.98295, 728.77490, 79.54113, -22.13318, 11.24075
-2.54939, -4.98295, 728.77490, 79.54113, -22.13318, 11.01135
-1.84611, -4.98295, 731.83698, 80.60168, -22.13318, 11.24075
-2.54939, -4.27110, 728.77490, 81.66223, -22.13318, 11.24075
-3.95595, -3.55925, 728.77490, 81.66223, -21.67208, 11.01135
-3.95595, -2.84740, 728.77490, 82.72278, -21.67208, 11.01135
-2.54939, -2.13555, 728.77490, 83.25305, -22.13318, 11.01135
-3.25267, -2.13555, 731.83698, 84.31360, -22.13318, 11.24075
-3.95595, -1.42370, 731.83698, 85.37415, -21.67208, 11.24075
-4.65923, -1.42370, 734.89906, 86.43469, -20.74986, 11.24075
-4.65923, -0.71185, 731.83698, 86.96497, -20.74986, 11.24075
-4.65923,  0.00000, 728.77490, 87.49524, -20.28875, 11.47016
-5.36250,  0.00000, 725.71282, 86.96497, -20.28875, 11.47016
-5.36250, -0.71185, 728.77490, 85.90442, -20.28875, 11.69956
-4.65923, -1.42370, 725.71282, 85.37415, -20.28875, 11.69956
-4.65923, -2.13555, 728.77490, 84.31360, -20.28875, 11.69956
-3.95595, -2.84740, 728.77490, 83.78332, -19.82764, 11.24075
-3.95595, -3.55925, 728.77490, 83.25305, -19.82764, 11.47016
-3.95595, -4.27110, 728.77490, 82.72278, -19.82764, 11.47016
-3.95595, -4.27110, 731.83698, 81.66223, -19.82764, 11.24075
-3.95595, -4.27110, 731.83698, 81.66223, -19.82764, 11.01135
-3.95595, -3.55925, 731.83698, 81.66223, -19.82764, 11.01135
-3.95595, -3.55925, 731.83698, 82.19250, -19.82764, 11.01135
-3.95595, -3.55925, 728.77490, 82.19250, -19.82764, 11.01135
-3.95595, -4.27110, 731.83698, 81.66223, -19.82764, 11.01135
-4.65923, -2.84740, 728.77490, 81.13195, -19.82764, 10.78195
-3.95595, -2.84740, 725.71282, 81.66223, -19.82764, 10.55254
-3.25267, -3.55925, 728.77490, 81.66223, -19.82764, 10.78195
-3.25267, -3.55925, 728.77490, 82.19250, -19.82764, 11.01135
-3.25267, -3.55925, 731.83698, 81.66223, -19.82764, 11.01135
-3.25267, -4.27110, 731.83698, 80.60168, -19.36654, 11.24075
-3.25267, -4.27110, 731.83698, 80.07140, -18.90543, 11.24075
-3.95595, -4.98295, 728.77490, 80.60168, -18.90543, 11.24075
-3.95595, -4.98295, 734.89906, 80.60168, -18.90543, 11.69956
-4.65923, -4.98295, 731.83698, 81.13195, -18.44432, 11.69956
-5.36250, -3.55925, 728.77490, 81.66223, -17.52210, 11.92896
-6.06578, -3.55925, 728.77490, 82.19250, -17.52210, 11.47016
-6.76906, -2.84740, 731.83698, 83.78332, -17.06100, 11.47016
-6.76906, -2.13555, 728.77490, 84.84387, -17.06100, 11.69956
-6.06578, -1.42370, 725.71282, 84.84387, -16.59989, 11.69956
-6.06578, -1.42370, 725.71282, 84.31360, -16.59989, 11.92896
-5.36250, -1.42370, 728.77490, 83.78332, -17.06100, 11.92896
-5.36250, -2.13555, 728.77490, 83.25305, -17.52210, 11.69956
-5.36250, -2.84740, 728.77490, 83.25305, -17.06100, 11.92896
-5.36250, -2.13555, 728.77490, 83.25305, -17.06100, 11.92896
-5.36250, -2.13555, 731.83698, 83.78332, -17.52210, 11.69956
-4.65923, -1.42370, 731.83698, 83.25305, -17.52210, 11.47016
-4.65923, -2.13555, 728.77490, 82.72278, -17.52210, 11.47016
-5.36250, -2.84740, 734.89906, 82.72278, -17.52210, 11.47016
-5.36250, -2.13555, 728.77490, 83.25305, -17.06100, 11.47016
-5.36250, -2.13555, 731.83698, 83.25305, -17.52210, 11.69956
-5.36250, -1.42370, 731.83698, 83.25305, -17.52210, 11.47016
-6.06578, -1.42370, 728.77490, 83.25305, -17.98321, 11.24075
-5.36250, -2.84740, 731.83698, 82.72278, -17.52210, 11.24075
-5.36250, -2.84740, 728.77490, 82.19250, -17.98321, 11.24075
-5.36250, -2.84740, 731.83698, 81.66223, -17.98321, 11.24075
-5.36250, -3.55925, 728.77490, 81.13195, -17.98321, 11.01135
-3.95595, -4.27110, 728.77490, 80.60168, -18.44432, 11.01135
-3.95595, -4.98295, 731.83698, 80.07140, -18.90543, 11.01135
-5.36250, -4.98295, 728.77490, 79.54113, -17.98321, 11.24075
-6.06578, -4.98295, 728.77490, 79.01086, -17.52210, 11.24075
-6.06578, -4.27110, 725.71282, 79.54113, -17.52210, 11.47016
-4.65923, -4.98295, 728.77490, 79.01086, -17.98321, 11.24075
-3.95595, -6.40665, 731.83698, 79.01086, -17.98321, 11.24075
-4.65923, -5.69480, 728.77490, 79.01086, -17.52210, 11.24075
-5.36250, -5.69480, 731.83698, 79.01086, -17.98321, 11.47016
-5.36250, -5.69480, 731.83698, 79.01086, -17.52210, 11.24075
-4.65923, -4.27110, 728.77490, 79.54113, -17.06100, 11.24075
-4.65923, -4.27110, 728.77490, 80.60168, -17.52210, 11.01135
-6.06578, -4.27110, 728.77490, 80.60168, -17.06100, 11.24075
-6.76906, -3.55925, 728.77490, 81.66223, -17.06100, 11.47016
-6.06578, -2.84740, 728.77490, 82.19250, -17.06100, 11.01135
-5.36250, -2.13555, 728.77490, 81.66223, -17.52210, 11.24075
-4.65923, -2.84740, 731.83698, 82.19250, -17.98321, 11.24075
-6.06578, -3.55925, 731.83698, 81.66223, -17.98321, 11.24075
-6.06578, -3.55925, 731.83698, 81.66223, -18.44432, 11.24075
-5.36250, -3.55925, 728.77490, 81.13195, -18.44432, 11.24075
-3.95595, -4.27110, 728.77490, 79.54113, -18.90543, 11.24075
-3.25267, -4.98295, 728.77490, 79.54113, -19.82764, 11.24075
-3.95595, -6.40665, 728.77490, 79.01086, -19.82764, 11.24075
-4.65923, -5.69480, 728.77490, 79.01086, -19.36654, 11.47016
-4.65923, -5.69480, 728.77490, 79.54113, -19.82764, 11.69956
-4.65923, -4.98295, 728.77490, 80.60168, -19.36654, 11.92896
-3.95595, -4.98295, 728.77490, 81.66223, -18.90543, 11.69956
-4.65923, -4.27110, 728.77490, 82.72278, -19.36654, 11.69956
-5.36250, -2.84740, 728.77490, 83.25305, -18.90543, 11.92896
-6.06578, -1.42370, 728.77490, 84.31360, -18.90543, 11.69956
-6.76906, -0.71185, 728.77490, 84.84387, -18.90543, 11.92896
-6.06578, -0.71185, 731.83698, 85.37415, -18.90543, 11.47016
-6.06578, -0.71185, 731.83698, 86.43469, -18.90543, 11.47016
-6.76906,  0.00000, 731.83698, 86.96497, -18.90543, 11.69956
-6.06578,  0.71185, 728.77490, 86.43469, -18.90543, 11.69956
-5.36250,  1.42370, 728.77490, 85.90442, -19.36654, 11.47016
-5.36250,  0.00000, 728.77490, 85.37415, -18.90543, 11.24075
-5.36250, -0.71185, 728.77490, 84.84387, -19.36654, 11.24075
-5.36250, -1.42370, 728.77490, 84.84387, -19.82764, 11.24075
-4.65923, -1.42370, 731.83698, 84.31360, -19.82764, 11.47016
-4.65923, -2.13555, 731.83698, 83.78332, -20.28875, 11.24075
-4.65923, -2.13555, 728.77490, 82.72278, -20.74986, 11.24075
-3.95595, -3.55925, 728.77490, 82.19250, -21.21097, 11.01135
-3.95595, -4.27110, 728.77490, 81.66223, -21.67208, 11.24075
-3.95595, -4.27110, 728.77490, 81.13195, -22.13318, 11.47016
-3.25267, -4.27110, 731.83698, 80.60168, -22.13318, 11.24075
-3.25267, -4.98295, 731.83698, 80.07140, -22.13318, 11.24075
-2.54939, -5.69480, 725.71282, 79.54113, -22.13318, 11.01135
-3.25267, -6.40665, 725.71282, 79.54113, -22.13318, 11.01135
-3.25267, -6.40665, 728.77490, 79.54113, -22.13318, 11.24075
-3.95595, -5.69480, 728.77490, 79.54113, -22.13318, 11.47016
-4.65923, -4.98295, 731.83698, 80.60168, -22.13318, 11.24075
-5.36250, -4.98295, 728.77490, 80.60168, -21.67208, 11.24075
-4.65923, -4.98295, 728.77490, 80.60168, -21.67208, 11.01135
-3.95595, -4.98295, 728.77490, 81.13195, -21.67208, 11.01135
-3.95595, -4.98295, 728.77490, 81.66223, -21.67208, 11.24075
-4.65923, -4.27110, 728.77490, 81.66223, -21.67208, 11.24075
-5.36250, -3.55925, 728.77490, 82.19250, -21.67208, 11.01135
-5.36250, -3.55925, 731.83698, 82.72278, -21.67208, 11.24075
-4.65923, -3.55925, 731.83698, 82.72278, -21.21097, 11.24075
-3.95595, -2.84740, 728.77490, 83.25305, -21.67208, 11.24075
-5.36250, -2.84740, 728.77490, 83.78332, -21.67208, 11.24075
-5.36250, -2.84740, 728.77490, 84.31360, -21.67208, 11.47016
-4.65923, -2.84740, 728.77490, 84.31360, -21.67208, 11.47016
-4.65923, -2.13555, 728.77490, 83.78332, -21.67208, 11.47016
-4.65923, -2.13555, 731.83698, 84.84387, -21.67208, 11.47016
-5.36250, -2.13555, 731.83698, 84.84387, -21.67208, 11.47016
-5.36250, -2.13555, 731.83698, 84.84387, -22.13318, 11.69956
-5.36250, -1.42370, 728.77490, 84.84387, -21.67208, 11.69956
-6.06578, -0.71185, 725.71282, 84.84387, -21.21097, 11.47016
-4.65923, -2.13555, 725.71282, 84.84387, -21.67208, 11.47016
-3.95595, -2.13555, 728.77490, 84.84387, -22.13318, 11.47016
-4.65923, -2.84740, 731.83698, 85.37415, -22.13318, 11.24075
-4.65923, -1.42370, 728.77490, 84.84387, -22.13318, 11.47016
-4.65923, -2.13555, 731.83698, 84.84387, -21.67208, 11.47016
-4.65923, -2.13555, 731.83698, 84.84387, -22.13318, 11.24075
-4.65923, -2.13555, 728.77490, 84.31360, -22.13318, 11.24075
-5.36250, -2.13555, 731.83698, 84.84387, -21.67208, 11.47016
-5.36250, -2.13555, 728.77490, 84.31360, -21.67208, 11.47016
-5.36250, -2.84740, 728.77490, 84.84387, -21.67208, 11.47016
-5.36250, -2.84740, 728.77490, 84.84387, -21.21097, 11.47016
-5.36250, -2.13555, 728.77490, 84.84387, -21.67208, 11.24075
-5.36250, -2.84740, 728.77490, 84.84387, -22.13318, 11.47016
-6.06578, -2.84740, 728.77490, 84.31360, -22.13318, 11.69956
-6.06578, -2.84740, 728.77490, 84.31360, -22.13318, 11.69956
-5.36250, -3.55925, 728.77490, 83.78332, -22.13318, 11.47016
-5.36250, -3.55925, 728.77490, 83.78332, -22.59429, 11.01135
-5.36250, -4.27110, 728.77490, 83.25305, -23.05540, 11.24075
-6.06578, -3.55925, 728.77490, 82.72278, -22.59429, 11.69956
-7.47234, -4.27110, 725.71282, 81.66223, -22.13318, 12.15837
-6.06578, -4.27110, 725.71282, 81.13195, -23.05540, 11.92896
-4.65923, -5.69480, 728.77490, 80.60168, -23.97762, 11.92896
-1.14283, -6.40665, 731.83698, 81.13195, -25.82205, 11.47016
 1.67029, -5.69480, 728.77490, 81.13195, -26.74426, 11.01135
 1.67029, -4.98295, 728.77490, 81.13195, -26.74426, 11.01135
-1.14283, -4.27110, 731.83698, 82.72278, -26.74426, 11.01135
-2.54939, -2.84740, 728.77490, 84.31360, -25.82205, 11.01135
-2.54939, -2.13555, 725.71282, 83.78332, -25.82205, 11.01135
-1.84611, -2.13555, 728.77490, 84.31360, -25.82205, 10.78195
-1.84611, -2.84740, 728.77490, 84.31360, -25.82205, 11.01135
-1.84611, -2.84740, 731.83698, 84.84387, -25.36094, 11.01135
-2.54939, -2.13555, 728.77490, 85.37415, -24.89983, 10.78195
-2.54939, -2.84740, 728.77490, 85.90442, -24.89983, 10.78195
-1.84611, -2.13555, 728.77490, 85.37415, -24.43872, 10.78195
-2.54939, -2.13555, 728.77490, 85.37415, -24.43872, 10.78195
-3.25267, -2.13555, 728.77490, 85.37415, -23.97762, 10.78195
-3.25267, -2.13555, 728.77490, 85.37415, -23.51651, 11.01135
-3.95595, -2.13555, 731.83698, 85.37415, -23.51651, 11.01135
-3.25267, -2.84740, 728.77490, 84.31360, -23.05540, 11.01135
-3.25267, -3.55925, 728.77490, 84.84387, -22.59429, 11.01135
-4.65923, -3.55925, 728.77490, 84.84387, -21.67208, 11.24075
-4.65923, -2.84740, 725.71282, 84.31360, -21.67208, 11.69956
-4.65923, -2.84740, 728.77490, 83.78332, -21.21097, 11.69956
-5.36250, -3.55925, 728.77490, 83.78332, -20.74986, 11.69956
-5.36250, -4.27110, 728.77490, 83.25305, -20.28875, 11.69956
-6.06578, -4.27110, 728.77490, 83.25305, -19.36654, 11.69956
-6.76906, -4.27110, 728.77490, 83.25305, -18.90543, 11.69956
-6.06578, -4.27110, 728.77490, 83.25305, -18.90543, 11.92896
-5.36250, -4.27110, 728.77490, 83.78332, -18.90543, 11.69956
-4.65923, -3.55925, 728.77490, 83.78332, -19.36654, 11.24075
-3.95595, -3.55925, 728.77490, 84.31360, -19.82764, 11.24075
-3.95595, -2.84740, 728.77490, 84.84387, -19.36654, 11.01135
-4.65923, -2.84740, 725.71282, 84.84387, -18.90543, 11.24075
-6.06578, -3.55925, 725.71282, 84.31360, -18.44432, 11.47016
-6.76906, -4.27110, 725.71282, 83.78332, -17.52210, 11.47016
-7.47234, -3.55925, 728.77490, 83.78332, -17.06100, 11.47016
-7.47234, -3.55925, 725.71282, 83.25305, -17.06100, 11.69956
-7.47234, -3.55925, 728.77490, 83.25305, -16.59989, 11.92896
-7.47234, -2.84740, 731.83698, 83.78332, -16.59989, 12.15837
-7.47234, -3.55925, 728.77490, 83.78332, -16.13878, 12.15837
-7.47234, -3.55925, 731.83698, 83.78332, -16.13878, 12.15837
-6.76906, -2.13555, 731.83698, 84.31360, -16.13878, 11.92896
-7.47234, -1.42370, 731.83698, 84.84387, -16.13878, 11.92896
-7.47234, -1.42370, 731.83698, 85.37415, -16.13878, 11.92896
-6.06578, -1.42370, 731.83698, 85.37415, -16.59989, 11.47016
-6.06578, -2.13555, 731.83698, 85.37415, -16.59989, 11.24075
-6.06578, -2.13555, 728.77490, 85.37415, -16.59989, 11.24075
-6.76906, -1.42370, 728.77490, 85.90442, -16.13878, 11.47016
-7.47234, -1.42370, 725.71282, 84.84387, -16.13878, 11.24075
-6.76906, -2.84740, 728.77490, 84.84387, -16.59989, 11.24075
-5.36250, -3.55925, 728.77490, 84.84387, -16.59989, 11.24075
-5.36250, -3.55925, 728.77490, 84.31360, -16.59989, 11.24075
-6.06578, -3.55925, 728.77490, 83.78332, -17.06100, 11.24075
-6.76906, -3.55925, 725.71282, 83.78332, -16.59989, 11.47016
-6.06578, -4.27110, 725.71282, 83.25305, -16.59989, 11.47016
-4.65923, -4.27110, 728.77490, 83.25305, -17.52210, 11.24075
-4.65923, -4.98295, 731.83698, 83.25305, -17.52210, 11.24075
-5.36250, -4.98295, 728.77490, 82.72278, -17.52210, 11.24075
-5.36250, -4.27110, 725.71282, 82.72278, -17.52210, 11.47016
-4.65923, -3.55925, 725.71282, 82.72278, -17.98321, 11.24075
-3.95595, -4.27110, 725.71282, 82.72278, -18.44432, 11.01135
-3.25267, -4.98295, 725.71282, 82.19250, -18.90543, 11.01135
-2.54939, -5.69480, 728.77490, 82.72278, -19.36654, 10.78195
-2.54939, -4.98295, 731.83698, 83.25305, -19.36654, 10.78195
-2.54939, -4.98295, 731.83698, 83.25305, -19.36654, 11.01135
-3.25267, -4.98295, 731.83698, 83.25305, -19.82764, 10.78195
-3.25267, -4.98295, 731.83698, 83.78332, -19.36654, 11.24075
-5.36250, -3.55925, 731.83698, 84.84387, -18.90543, 11.69956
-5.36250, -2.13555, 731.83698, 85.37415, -18.44432, 11.92896
-6.06578, -1.42370, 731.83698, 85.37415, -17.98321, 11.92896
-6.06578, -2.13555, 728.77490, 85.90442, -18.44432, 11.69956
-5.36250, -2.13555, 728.77490, 85.90442, -17.98321, 11.47016
-4.65923, -2.84740, 728.77490, 86.96497, -17.98321, 11.69956
-4.65923, -2.13555, 728.77490, 86.43469, -18.44432, 11.47016
-4.65923, -2.13555, 728.77490, 86.43469, -17.98321, 11.47016
-5.36250, -2.13555, 728.77490, 85.90442, -18.44432, 11.47016
-4.65923, -2.13555, 725.71282, 86.43469, -17.98321, 11.47016
-4.65923, -2.13555, 728.77490, 86.96497, -18.44432, 11.24075
-5.36250, -1.42370, 728.77490, 87.49524, -17.98321, 11.24075
-5.36250, -1.42370, 728.77490, 86.43469, -17.52210, 11.24075
-6.06578, -1.42370, 725.71282, 86.43469, -17.52210, 11.24075
-4.65923, -0.71185, 725.71282, 86.96497, -17.52210, 11.24075
-5.36250, -1.42370, 725.71282, 86.43469, -17.52210, 11.01135
-5.36250, -1.42370, 728.77490, 86.43469, -17.52210, 11.24075
-6.06578, -2.13555, 728.77490, 85.37415, -17.52210, 11.01135
-4.65923, -2.84740, 731.83698, 85.37415, -17.98321, 11.24075
-3.25267, -3.55925, 731.83698, 84.31360, -17.98321, 11.01135
-3.95595, -3.55925, 731.83698, 83.78332, -17.98321, 11.24075
-4.65923, -3.55925, 728.77490, 83.25305, -17.52210, 11.47016
-5.36250, -5.69480, 731.83698, 82.72278, -17.52210, 11.69956
-5.36250, -4.98295, 728.77490, 82.19250, -17.52210, 11.69956
-4.65923, -4.98295, 728.77490, 82.19250, -17.98321, 11.47016
-3.95595, -4.98295, 728.77490, 81.66223, -18.44432, 11.47016
-4.65923, -4.27110, 725.71282, 82.72278, -18.44432, 11.24075
-4.65923, -3.55925, 725.71282, 82.72278, -18.90543, 11.24075
-3.25267, -4.98295, 725.71282, 82.72278, -18.90543, 11.24075
-3.25267, -4.98295, 731.83698, 82.72278, -18.90543, 11.01135
-3.25267, -4.98295, 728.77490, 83.25305, -18.90543, 11.24075
-2.54939, -4.27110, 725.71282, 83.25305, -18.90543, 11.01135
-2.54939, -3.55925, 728.77490, 82.72278, -18.90543, 11.24075
-2.54939, -4.27110, 728.77490, 82.72278, -18.44432, 11.24075
-3.25267, -3.55925, 728.77490, 83.78332, -18.44432, 11.24075
-3.95595, -3.55925, 728.77490, 84.84387, -18.44432, 11.24075
-3.95595, -2.84740, 728.77490, 85.37415, -18.44432, 11.24075
-3.95595, -2.84740, 731.83698, 84.84387, -18.44432, 11.24075
-3.95595, -2.84740, 728.77490, 85.90442, -17.98321, 11.01135
-4.65923, -2.13555, 731.83698, 85.90442, -17.98321, 11.01135
-3.95595, -2.13555, 728.77490, 86.43469, -17.98321, 11.01135
-3.95595, -2.13555, 728.77490, 85.90442, -17.06100, 11.01135
-3.95595, -2.13555, 725.71282, 85.90442, -17.06100, 11.24075
-4.65923, -2.13555, 731.83698, 85.90442, -17.06100, 11.24075
-4.65923, -2.13555, 728.77490, 85.37415, -17.06100, 11.01135
-3.95595, -2.13555, 728.77490, 85.37415, -16.59989, 11.01135
-3.95595, -3.55925, 734.89906, 85.37415, -16.59989, 11.24075
-5.36250, -3.55925, 728.77490, 85.37415, -16.13878, 11.47016
-5.36250, -2.84740, 728.77490, 84.84387, -15.67767, 11.47016
-6.06578, -2.13555, 725.71282, 85.37415, -15.21656, 11.24075
-6.06578, -2.13555, 725.71282, 84.84387, -15.21656, 11.24075
-6.06578, -3.55925, 728.77490, 85.37415, -15.21656, 11.24075
-4.65923, -4.27110, 728.77490, 84.84387, -15.21656, 11.01135
-4.65923, -4.98295, 728.77490, 84.31360, -15.21656, 11.01135
-4.65923, -4.27110, 728.77490, 84.31360, -15.21656, 11.24075
-5.36250, -4.27110, 728.77490, 83.78332, -15.21656, 11.24075
-3.95595, -4.98295, 728.77490, 83.25305, -15.21656, 11.47016
-4.65923, -4.27110, 728.77490, 83.78332, -14.75546, 11.47016
-4.65923, -4.27110, 731.83698, 83.78332, -14.75546, 11.47016
-4.65923, -4.27110, 728.77490, 83.78332, -14.75546, 11.24075
-5.36250, -3.55925, 728.77490, 84.84387, -14.75546, 11.24075
-5.36250, -2.84740, 728.77490, 85.90442, -14.75546, 11.24075
-4.65923, -2.84740, 728.77490, 85.90442, -14.75546, 11.24075
-4.65923, -2.84740, 731.83698, 85.37415, -14.75546, 11.24075
-4.65923, -3.55925, 728.77490, 85.90442, -14.75546, 11.01135
-4.65923, -2.84740, 728.77490, 85.90442, -14.75546, 11.24075
-4.65923, -2.13555, 728.77490, 85.90442, -14.75546, 11.24075
-4.65923, -2.13555, 728.77490, 86.43469, -14.75546, 11.24075
-4.65923, -2.84740, 728.77490, 85.90442, -14.75546, 11.47016
-4.65923, -2.13555, 728.77490, 86.43469, -14.29435, 11.24075
-4.65923, -2.84740, 728.77490, 85.90442, -14.75546, 11.24075
-4.65923, -2.84740, 728.77490, 85.90442, -14.75546, 11.47016
-4.65923, -2.84740, 731.83698, 85.90442, -14.75546, 11.24075
-4.65923, -2.84740, 728.77490, 85.90442, -14.29435, 11.24075
-4.65923, -2.84740, 728.77490, 85.37415, -14.29435, 11.24075
-4.65923, -2.84740, 728.77490, 85.90442, -14.29435, 11.24075
-4.65923, -2.84740, 728.77490, 85.90442, -14.75546, 11.24075
-5.36250, -2.13555, 728.77490, 86.43469, -14.29435, 11.47016
-5.36250, -2.84740, 728.77490, 85.90442, -13.83324, 11.47016
-5.36250, -2.84740, 728.77490, 85.37415, -14.29435, 11.24075
-3.25267, -3.55925, 728.77490, 85.90442, -14.29435, 11.01135
-3.25267, -2.84740, 728.77490, 85.37415, -14.75546, 11.01135
-3.95595, -2.84740, 731.83698, 84.84387, -14.75546, 11.24075
-4.65923, -3.55925, 728.77490, 84.84387, -14.29435, 11.24075
-4.65923, -2.84740, 728.77490, 85.37415, -13.83324, 11.24075
-3.95595, -2.84740, 725.71282, 85.90442, -13.83324, 10.78195
-3.95595, -2.84740, 728.77490, 85.37415, -14.29435, 11.01135
-3.95595, -3.55925, 728.77490, 85.90442, -13.83324, 10.78195
-4.65923, -3.55925, 728.77490, 86.43469, -13.37213, 10.78195
-4.65923, -3.55925, 731.83698, 85.90442, -13.83324, 10.78195
-4.65923, -2.84740, 731.83698, 85.90442, -13.37213, 11.24075
-4.65923, -2.84740, 728.77490, 85.37415, -12.91102, 11.01135
-5.36250, -2.84740, 728.77490, 85.90442, -13.37213, 11.01135
-5.36250, -2.84740, 731.83698, 85.37415, -12.91102, 11.24075
-6.06578, -2.84740, 728.77490, 85.90442, -12.44992, 11.24075
-5.36250, -2.13555, 725.71282, 85.37415, -12.44992, 11.24075
-4.65923, -2.84740, 725.71282, 84.84387, -12.44992, 11.24075
-6.06578, -2.84740, 728.77490, 85.37415, -11.98881, 11.01135
-6.06578, -4.27110, 731.83698, 84.84387, -11.98881, 11.01135
-5.36250, -4.27110, 731.83698, 84.31360, -11.98881, 11.24075
-5.36250, -4.27110, 728.77490, 84.31360, -11.98881, 11.47016
-4.65923, -4.27110, 731.83698, 84.31360, -11.98881, 11.24075
-4.65923, -4.27110, 731.83698, 84.31360, -12.44992, 11.24075
-5.36250, -4.27110, 731.83698, 84.31360, -12.44992, 11.24075
-5.36250, -4.27110, 728.77490, 84.84387, -11.98881, 11.24075
-6.06578, -3.55925, 725.71282, 84.84387, -11.98881, 11.24075
-5.36250, -2.84740, 728.77490, 85.37415, -11.98881, 11.24075
-3.95595, -2.84740, 728.77490, 85.90442, -12.44992, 11.01135
-3.95595, -4.27110, 731.83698, 85.37415, -12.44992, 10.78195
-3.95595, -3.55925, 728.77490, 85.37415, -12.44992, 11.01135
-4.65923, -3.55925, 728.77490, 85.37415, -11.98881, 11.01135
-4.65923, -2.84740, 728.77490, 85.37415, -12.44992, 11.24075
-3.95595, -2.13555, 728.77490, 85.37415, -12.44992, 11.01135
-4.65923, -2.84740, 728.77490, 85.37415, -12.91102, 11.01135
-5.36250, -3.55925, 728.77490, 85.37415, -12.44992, 11.01135
-6.06578, -2.84740, 731.83698, 85.37415, -11.98881, 11.24075
-6.06578, -2.13555, 731.83698, 85.37415, -11.98881, 11.24075
-6.06578, -2.84740, 728.77490, 85.37415, -11.98881, 11.24075
-5.36250, -2.84740, 728.77490, 84.84387, -11.98881, 11.47016
-5.36250, -2.84740, 728.77490, 84.84387, -12.44992, 11.24075
-4.65923, -3.55925, 731.83698, 84.84387, -12.44992, 11.24075
-5.36250, -3.55925, 731.83698, 83.78332, -12.44992, 11.01135
-4.65923, -3.55925, 728.77490, 83.25305, -12.44992, 11.01135
-4.65923, -3.55925, 725.71282, 83.78332, -12.91102, 11.01135
-3.95595, -4.98295, 728.77490, 83.78332, -12.91102, 10.78195
-3.25267, -5.69480, 731.83698, 83.78332, -13.37213, 11.01135
-3.25267, -4.98295, 728.77490, 83.78332, -13.83324, 10.78195
-3.25267, -4.27110, 728.77490, 83.78332, -13.37213, 10.78195
-3.95595, -4.27110, 728.77490, 84.31360, -13.83324, 11.01135
-3.25267, -3.55925, 725.71282, 84.84387, -13.83324, 11.01135
-4.65923, -3.55925, 728.77490, 84.84387, -13.37213, 10.78195
-3.95595, -3.55925, 728.77490, 85.37415, -13.83324, 11.01135
-3.95595, -2.84740, 731.83698, 85.37415, -13.83324, 10.55254
-3.25267, -2.84740, 728.77490, 85.90442, -14.29435, 10.55254
-3.25267, -2.13555, 728.77490, 85.90442, -14.29435, 10.78195
-3.95595, -2.13555, 728.77490, 85.90442, -13.83324, 10.78195
-3.95595, -2.84740, 731.83698, 86.43469, -13.83324, 10.78195
-3.25267, -2.84740, 731.83698, 85.37415, -13.83324, 10.78195
-2.54939, -2.84740, 728.77490, 85.90442, -13.83324, 10.78195
-2.54939, -3.55925, 728.77490, 85.90442, -13.83324, 10.78195
-3.25267, -3.55925, 728.77490, 85.90442, -13.83324, 11.01135
-3.95595, -2.84740, 728.77490, 85.37415, -12.91102, 11.01135
-3.95595, -3.55925, 728.77490, 85.37415, -12.91102, 11.01135
-3.95595, -4.27110, 728.77490, 84.84387, -13.37213, 11.01135
-3.25267, -4.27110, 725.71282, 85.37415, -12.91102, 11.24075
-4.65923, -4.98295, 725.71282, 84.84387, -12.91102, 11.24075
-4.65923, -4.98295, 725.71282, 84.31360, -12.91102, 11.24075
-4.65923, -5.69480, 725.71282, 83.25305, -12.91102, 11.24075
-4.65923, -7.11850, 728.77490, 82.72278, -12.91102, 11.24075
-3.25267, -7.11850, 728.77490, 82.72278, -12.91102, 11.24075
-2.54939, -6.40665, 731.83698, 83.25305, -12.91102, 11.24075
-3.25267, -5.69480, 728.77490, 83.25305, -12.91102, 11.24075
-3.95595, -4.27110, 725.71282, 84.31360, -12.44992, 11.01135
-3.95595, -3.55925, 728.77490, 85.37415, -12.44992, 11.24075
-5.36250, -2.13555, 731.83698, 86.96497, -11.98881, 11.24075
-5.36250, -1.42370, 731.83698, 88.55579, -11.98881, 11.01135
-4.65923, -0.71185, 731.83698, 88.55579, -11.98881, 11.01135
-3.95595, -0.71185, 731.83698, 89.61634, -11.98881, 10.78195
-3.25267,  0.71185, 731.83698, 90.14661, -11.98881, 10.78195
-3.25267,  0.71185, 728.77490, 90.14661, -11.52770, 10.78195
-3.25267,  0.00000, 728.77490, 90.14661, -11.98881, 10.78195
-3.95595, -0.71185, 728.77490, 90.67689, -11.52770, 10.55254
-3.95595,  0.00000, 728.77490, 90.14661, -11.52770, 10.55254
-3.95595, -0.71185, 728.77490, 89.61634, -11.06659, 10.55254
-3.95595, -1.42370, 728.77490, 89.08607, -11.06659, 10.78195
-3.95595, -1.42370, 725.71282, 89.08607, -10.60548, 10.55254
-3.95595, -0.71185, 725.71282, 89.08607, -10.60548, 10.55254
-4.65923, -1.42370, 728.77490, 89.08607, -10.14438, 10.78195
-5.36250, -1.42370, 728.77490, 89.08607, -9.68327, 10.78195
-5.36250, -2.13555, 728.77490, 88.02552, -9.68327, 10.78195
-5.36250, -1.42370, 725.71282, 88.02552, -9.22216, 11.01135
-5.36250, -2.13555, 728.77490, 88.02552, -8.76105, 11.01135
-6.06578, -2.13555, 728.77490, 86.96497, -9.22216, 11.01135
-5.36250, -3.55925, 731.83698, 86.96497, -9.22216, 10.78195
-4.65923, -3.55925, 731.83698, 86.43469, -9.22216, 10.78195
-4.65923, -4.27110, 728.77490, 86.43469, -8.76105, 10.78195
-5.36250, -4.27110, 728.77490, 85.37415, -8.76105, 10.78195
-4.65923, -4.27110, 731.83698, 84.84387, -8.76105, 10.78195
-5.36250, -4.27110, 731.83698, 84.84387, -8.29994, 10.78195
-5.36250, -4.27110, 728.77490, 85.37415, -8.76105, 10.78195
-4.65923, -4.98295, 728.77490, 84.84387, -8.76105, 10.78195
-4.65923, -4.98295, 731.83698, 84.84387, -8.76105, 10.78195
-5.36250, -4.27110, 731.83698, 84.84387, -8.76105, 10.78195
-3.95595, -4.27110, 728.77490, 84.31360, -8.76105, 10.55254
-4.65923, -4.98295, 728.77490, 84.31360, -8.76105, 10.78195
-3.95595, -4.98295, 731.83698, 83.78332, -8.76105, 10.78195
-4.65923, -4.27110, 725.71282, 83.78332, -8.29994, 10.78195
-4.65923, -4.27110, 725.71282, 83.25305, -8.29994, 11.01135
-5.36250, -4.27110, 725.71282, 83.78332, -7.83884, 10.78195
-4.65923, -4.27110, 728.77490, 83.78332, -7.83884, 10.78195
-3.95595, -4.27110, 728.77490, 83.78332, -7.83884, 11.01135
-4.65923, -4.98295, 728.77490, 83.78332, -7.83884, 10.55254
-5.36250, -4.98295, 728.77490, 83.25305, -7.37773, 10.78195
-3.95595, -4.98295, 725.71282, 83.25305, -7.37773, 10.55254
-3.95595, -4.27110, 725.71282, 83.25305, -6.91662, 10.78195
-5.36250, -5.69480, 725.71282, 83.78332, -5.99440, 11.01135
-6.06578, -5.69480, 728.77490, 84.84387, -5.99440, 11.24075
-6.76906, -4.27110, 728.77490, 85.90442, -5.07219, 11.24075
-7.47234, -3.55925, 731.83698, 86.43469, -5.07219, 11.24075
-7.47234, -2.13555, 728.77490, 86.43469, -5.07219, 11.69956
-7.47234, -2.13555, 728.77490, 87.49524, -5.07219, 11.24075
-6.76906, -0.71185, 728.77490, 88.02552, -5.07219, 11.24075
-6.06578, -0.71185, 731.83698, 88.55579, -5.53330, 11.01135
-6.06578, -1.42370, 731.83698, 89.08607, -5.53330, 10.78195
-6.06578, -1.42370, 728.77490, 88.02552, -5.99440, 10.78195
-6.06578, -1.42370, 728.77490, 88.02552, -5.99440, 10.78195
-6.06578, -1.42370, 728.77490, 88.55579, -6.45551, 10.78195
-6.06578, -1.42370, 725.71282, 88.02552, -6.45551, 10.78195
-6.06578, -2.13555, 728.77490, 87.49524, -6.45551, 11.01135
-5.36250, -2.84740, 728.77490, 86.43469, -6.45551, 10.78195
-5.36250, -3.55925, 728.77490, 86.96497, -6.91662, 10.55254
-5.36250, -3.55925, 728.77490, 86.96497, -6.45551, 10.78195
-5.36250, -3.55925, 728.77490, 85.90442, -6.91662, 10.78195
-6.06578, -4.27110, 728.77490, 85.90442, -6.91662, 10.78195
-5.36250, -3.55925, 728.77490, 85.90442, -7.37773, 10.78195
-5.36250, -3.55925, 728.77490, 85.37415, -6.91662, 11.01135
-4.65923, -4.27110, 728.77490, 84.84387, -7.83884, 11.24075
-5.36250, -4.98295, 728.77490, 85.37415, -7.37773, 11.24075
-6.06578, -4.27110, 728.77490, 84.84387, -7.37773, 11.24075
-6.06578, -4.27110, 725.71282, 84.31360, -6.91662, 11.24075
-5.36250, -4.27110, 728.77490, 84.84387, -7.37773, 11.24075
-5.36250, -4.98295, 728.77490, 84.84387, -7.37773, 11.01135
-4.65923, -4.98295, 731.83698, 85.37415, -7.83884, 11.01135
-4.65923, -4.27110, 728.77490, 84.84387, -8.29994, 10.78195
-4.65923, -3.55925, 728.77490, 84.84387, -8.29994, 10.55254
-3.95595, -3.55925, 728.77490, 84.84387, -8.29994, 10.55254
-4.65923, -4.27110, 728.77490, 85.37415, -8.76105, 10.55254
-4.65923, -3.55925, 728.77490, 85.90442, -8.29994, 10.78195
-5.36250, -3.55925, 725.71282, 85.90442, -8.29994, 10.78195
-5.36250, -2.84740, 725.71282, 86.43469, -8.29994, 10.78195
-5.36250, -2.13555, 725.71282, 86.43469, -8.76105, 10.78195
-5.36250, -2.13555, 725.71282, 86.96497, -8.76105, 10.78195
-4.65923, -2.84740, 728.77490, 86.96497, -8.76105, 10.78195
-3.95595, -2.84740, 728.77490, 86.96497, -9.22216, 10.78195
-4.65923, -3.55925, 728.77490, 86.43469, -9.22216, 10.78195
-4.65923, -3.55925, 731.83698, 86.96497, -9.22216, 10.78195
-4.65923, -3.55925, 731.83698, 86.96497, -9.22216, 10.55254
-3.95595, -2.84740, 728.77490, 88.02552, -9.22216, 10.32314
-3.25267, -2.84740, 728.77490, 87.49524, -9.22216, 10.32314
-3.95595, -2.13555, 728.77490, 87.49524, -8.76105, 10.32314
-5.36250, -2.84740, 728.77490, 87.49524, -9.22216, 10.55254
-5.36250, -2.13555, 725.71282, 88.02552, -8.76105, 10.32314
-4.65923, -2.13555, 728.77490, 88.02552, -8.76105, 10.55254
-3.95595, -2.13555, 725.71282, 86.96497, -9.22216, 10.32314
-4.65923, -2.84740, 728.77490, 86.96497, -8.76105, 10.55254
-5.36250, -3.55925, 728.77490, 86.96497, -9.22216, 10.78195
-4.65923, -4.27110, 728.77490, 86.96497, -9.22216, 10.55254
-3.95595, -3.55925, 728.77490, 86.43469, -9.22216, 10.55254
-4.65923, -3.55925, 728.77490, 86.43469, -9.22216, 10.55254
-5.36250, -3.55925, 728.77490, 86.43469, -9.22216, 10.78195
-5.36250, -4.27110, 728.77490, 86.96497, -9.22216, 10.78195
-5.36250, -3.55925, 728.77490, 86.96497, -9.22216, 10.78195
-5.36250, -2.84740, 728.77490, 86.96497, -9.22216, 11.01135
-6.06578, -2.84740, 728.77490, 86.96497, -9.68327, 11.24075
-6.06578, -2.84740, 725.71282, 86.96497, -10.14438, 11.24075
-5.36250, -2.84740, 725.71282, 87.49524, -10.14438, 11.01135
-4.65923, -2.13555, 728.77490, 86.96497, -11.06659, 11.01135
-3.25267, -2.13555, 728.77490, 86.96497, -11.98881, 10.78195
-3.25267, -2.84740, 728.77490, 86.96497, -11.98881, 10.78195
-3.95595, -2.84740, 728.77490, 86.43469, -11.52770, 10.78195
-3.25267, -3.55925, 731.83698, 86.43469, -11.52770, 10.55254
-2.54939, -3.55925, 731.83698, 86.43469, -11.98881, 10.55254
-2.54939, -4.27110, 731.83698, 86.43469, -11.98881, 10.55254
-3.95595, -3.55925, 728.77490, 86.43469, -11.06659, 10.32314
-4.65923, -2.84740, 722.65075, 86.43469, -10.60548, 10.55254
-5.36250, -2.84740, 725.71282, 86.96497, -10.14438, 10.55254
-6.06578, -3.55925, 725.71282, 86.96497, -10.14438, 10.78195
-5.36250, -3.55925, 725.71282, 86.96497, -10.14438, 10.55254
-4.65923, -3.55925, 728.77490, 86.96497, -10.60548, 10.55254
-4.65923, -3.55925, 731.83698, 86.96497, -10.14438, 10.32314
-4.65923, -3.55925, 728.77490, 86.43469, -10.60548, 10.32314
-3.95595, -3.55925, 725.71282, 86.96497, -10.14438, 10.32314
-3.95595, -3.55925, 728.77490, 86.96497, -10.60548, 10.32314
-4.65923, -4.27110, 728.77490, 87.49524, -10.60548, 10.55254
-4.65923, -2.84740, 728.77490, 87.49524, -10.14438, 10.55254
-5.36250, -2.84740, 725.71282, 86.96497, -10.60548, 10.55254
-4.65923, -2.13555, 725.71282, 86.43469, -10.60548, 10.55254
-4.65923, -2.84740, 731.83698, 86.43469, -10.60548, 10.78195
-5.36250, -3.55925, 728.77490, 86.96497, -10.60548, 10.78195
-4.65923, -2.84740, 731.83698, 87.49524, -11.06659, 10.78195
-4.65923, -2.84740, 728.77490, 88.02552, -11.06659, 10.55254
-5.36250, -1.42370, 728.77490, 88.02552, -10.60548, 10.78195
-5.36250, -0.71185, 725.71282, 88.55579, -10.14438, 11.01135
-6.06578, -0.71185, 725.71282, 88.02552, -10.14438, 11.01135
-6.76906, -2.13555, 725.71282, 87.49524, -9.68327, 10.78195
-6.06578, -3.55925, 728.77490, 87.49524, -10.60548, 10.55254
-4.65923, -3.55925, 728.77490, 86.96497, -11.06659, 10.55254
-3.95595, -4.98295, 728.77490, 86.43469, -11.06659, 10.55254
-3.25267, -4.98295, 728.77490, 86.43469, -11.06659, 10.32314
-2.54939, -4.98295, 725.71282, 85.90442, -11.06659, 10.32314
-3.95595, -4.98295, 725.71282, 85.90442, -11.06659, 10.32314
-3.95595, -4.98295, 725.71282, 85.90442, -11.06659, 10.32314
-3.95595, -4.98295, 725.71282, 85.90442, -11.06659, 10.32314
-3.25267, -4.98295, 731.83698, 86.43469, -11.52770, 10.09374
-3.25267, -4.98295, 728.77490, 86.96497, -11.52770,  9.86434
-3.25267, -3.55925, 725.71282, 86.96497, -11.06659, 10.09374
-4.65923, -3.55925, 725.71282, 86.43469, -11.06659, 10.55254
-5.36250, -3.55925, 725.71282, 86.96497, -10.60548, 10.55254
-5.36250, -2.84740, 725.71282, 87.49524, -10.14438, 10.55254
-5.36250, -2.84740, 725.71282, 87.49524, -10.14438, 10.55254
-4.65923, -3.55925, 725.71282, 87.49524, -10.14438, 10.78195
-5.36250, -3.55925, 731.83698, 87.49524, -10.14438, 11.01135
-5.36250, -3.55925, 731.83698, 87.49524, -10.14438, 11.01135
-5.36250, -2.84740, 731.83698, 88.02552, -10.14438, 10.78195
-5.36250, -2.84740, 728.77490, 86.96497, -10.14438, 10.78195
-5.36250, -2.84740, 728.77490, 88.02552, -10.14438, 10.78195
-5.36250, -2.84740, 728.77490, 88.02552, -9.68327, 10.78195
-6.06578, -2.13555, 725.71282, 88.55579, -9.68327, 10.78195
-5.36250, -2.13555, 725.71282, 88.55579, -9.68327, 10.78195
-5.36250, -2.13555, 725.71282, 88.02552, -9.68327, 10.78195
-3.95595, -2.84740, 725.71282, 87.49524, -10.14438, 10.55254
-3.25267, -2.13555, 728.77490, 87.49524, -10.14438, 10.78195
-3.95595, -2.84740, 731.83698, 88.55579, -10.14438, 10.78195
-4.65923, -2.13555, 734.89906, 89.08607, -9.68327, 10.78195
-4.65923, -2.13555, 728.77490, 89.08607, -8.76105, 10.78195
-5.36250, -1.42370, 725.71282, 88.55579, -8.76105, 10.78195
-6.06578, -2.13555, 728.77490, 89.08607, -8.76105, 10.78195
-6.06578, -2.13555, 728.77490, 89.08607, -8.76105, 11.01135
-6.76906, -2.84740, 728.77490, 88.55579, -8.76105, 11.01135
-6.06578, -2.84740, 728.77490, 87.49524, -9.22216, 11.01135
-4.65923, -3.55925, 725.71282, 86.43469, -9.68327, 10.78195
-3.95595, -3.55925, 728.77490, 86.43469, -9.68327, 10.78195
-4.65923, -4.27110, 728.77490, 86.96497, -9.68327, 10.78195
-4.65923, -4.27110, 731.83698, 86.43469, -9.68327, 10.78195
-5.36250, -4.27110, 728.77490, 85.90442, -10.14438, 10.78195
-5.36250, -3.55925, 725.71282, 85.90442, -9.68327, 10.78195
-5.36250, -4.27110, 728.77490, 85.90442, -9.68327, 10.78195
-3.95595, -4.27110, 728.77490, 86.43469, -10.14438, 10.78195
-4.65923, -4.98295, 728.77490, 86.43469, -9.68327, 10.55254
-5.36250, -4.98295, 731.83698, 85.90442, -9.68327, 10.78195
-6.06578, -4.27110, 728.77490, 85.90442, -8.76105, 10.78195
-6.06578, -3.55925, 725.71282, 85.90442, -9.22216, 11.01135
-5.36250, -4.98295, 725.71282, 85.90442, -9.22216, 10.78195
-5.36250, -4.98295, 731.83698, 85.90442, -9.22216, 11.01135
-6.06578, -4.98295, 728.77490, 85.90442, -9.22216, 11.01135
-6.06578, -4.98295, 728.77490, 85.37415, -8.76105, 10.78195
-4.65923, -4.27110, 728.77490, 85.37415, -9.22216, 10.78195
-4.65923, -4.27110, 728.77490, 85.90442, -9.22216, 11.01135
-5.36250, -4.98295, 728.77490, 86.43469, -9.22216, 11.01135
-6.06578, -4.27110, 728.77490, 86.96497, -9.22216, 10.78195
-5.36250, -2.84740, 725.71282, 87.49524, -9.68327, 10.78195
-4.65923, -2.84740, 728.77490, 88.02552, -9.22216, 10.55254
-4.65923, -3.55925, 725.71282, 89.08607, -9.22216, 10.55254
-6.06578, -2.84740, 728.77490, 89.08607, -9.68327, 10.55254
-6.06578, -2.13555, 731.83698, 89.61634, -9.22216, 10.55254
-6.06578, -0.71185, 728.77490, 90.14661, -9.22216, 10.55254
-6.06578,  0.00000, 728.77490, 90.14661, -8.76105, 10.55254
-6.06578, -0.71185, 725.71282, 90.67689, -9.22216, 10.55254
-6.76906, -1.42370, 728.77490, 90.14661, -9.22216, 10.78195
-6.76906, -1.42370, 728.77490, 90.14661, -9.68327, 10.55254
-6.76906, -0.71185, 725.71282, 90.14661, -9.22216, 10.55254
-5.36250, -1.42370, 728.77490, 89.61634, -10.14438, 10.55254
-4.65923, -2.13555, 731.83698, 89.08607, -10.14438, 10.55254
-3.95595, -3.55925, 731.83698, 88.55579, -10.60548, 10.55254
-3.95595, -3.55925, 731.83698, 88.02552, -10.60548, 10.32314
-4.65923, -2.84740, 731.83698, 88.02552, -10.60548, 10.09374
-3.95595, -2.84740, 725.71282, 87.49524, -11.06659, 10.32314
-4.65923, -2.84740, 728.77490, 88.02552, -11.06659, 10.32314
-6.06578, -2.84740, 728.77490, 87.49524, -10.60548, 10.55254
-6.06578, -3.55925, 728.77490, 86.43469, -10.14438, 11.01135
-5.36250, -4.27110, 728.77490, 85.37415, -10.60548, 10.78195
-4.65923, -4.98295, 728.77490, 85.37415, -11.06659, 10.78195
-3.95595, -5.69480, 728.77490, 84.84387, -11.52770, 10.78195
-3.95595, -6.40665, 731.83698, 83.78332, -11.06659, 10.78195
-4.65923, -6.40665, 725.71282, 83.78332, -11.06659, 11.01135
-4.65923, -5.69480, 725.71282, 83.25305, -11.06659, 10.78195
-3.95595, -5.69480, 725.71282, 83.25305, -11.52770, 11.24075
-3.95595, -6.40665, 728.77490, 83.25305, -11.06659, 11.24075
-4.65923, -7.11850, 731.83698, 83.78332, -11.52770, 11.24075
-4.65923, -6.40665, 728.77490, 84.84387, -11.06659, 11.24075
-5.36250, -4.27110, 725.71282, 85.37415, -11.06659, 11.24075
-4.65923, -4.27110, 728.77490, 85.90442, -11.06659, 11.01135
-5.36250, -3.55925, 728.77490, 86.96497, -11.06659, 10.78195
-6.06578, -2.84740, 731.83698, 88.55579, -11.52770, 10.78195
-5.36250, -1.42370, 728.77490, 89.08607, -11.52770, 10.78195
-5.36250, -0.71185, 731.83698, 90.14661, -11.52770, 10.78195
-6.06578,  0.00000, 725.71282, 90.14661, -11.98881, 10.78195
-6.06578,  0.00000, 725.71282, 90.14661, -11.52770, 10.55254
-6.06578, -0.71185, 728.77490, 89.61634, -11.98881, 10.78195
-5.36250, -1.42370, 731.83698, 89.08607, -12.44992, 10.55254
-4.65923, -2.13555, 728.77490, 88.55579, -12.91102, 10.55254
-3.95595, -2.13555, 728.77490, 88.55579, -13.37213, 10.55254
-3.25267, -2.13555, 731.83698, 88.02552, -13.83324, 10.55254
-3.25267, -2.13555, 728.77490, 88.55579, -14.29435, 10.32314
-3.25267, -2.84740, 728.77490, 88.55579, -14.29435, 10.09374
-3.25267, -2.13555, 725.71282, 88.02552, -14.29435, 10.09374
-3.25267, -2.84740, 728.77490, 87.49524, -14.75546, 10.09374
-2.54939, -3.55925, 728.77490, 86.43469, -14.75546, 10.09374
-2.54939, -4.27110, 728.77490, 85.90442, -14.75546, 10.09374
-2.54939, -4.98295, 728.77490, 85.90442, -15.21656, 10.09374
-2.54939, -5.69480, 731.83698, 85.37415, -15.21656, 10.32314
-2.54939, -5.69480, 728.77490, 85.90442, -14.75546, 10.32314
-2.54939, -4.98295, 725.71282, 85.90442, -14.29435, 10.55254
-3.25267, -4.27110, 728.77490, 85.90442, -14.29435, 10.32314
-3.25267, -4.98295, 728.77490, 85.90442, -13.83324, 10.09374
-3.95595, -4.27110, 725.71282, 85.90442, -13.83324,  9.86434
-4.65923, -4.27110, 725.71282, 85.90442, -13.37213, 10.32314
-4.65923, -3.55925, 728.77490, 86.96497, -13.37213, 10.55254
-3.95595, -3.55925, 728.77490, 86.43469, -13.83324, 10.78195
-4.65923, -3.55925, 728.77490, 86.43469, -13.83324, 10.55254
-4.65923, -3.55925, 728.77490, 85.90442, -13.83324, 10.55254
-4.65923, -3.55925, 728.77490, 86.43469, -13.37213, 10.55254
-3.95595, -3.55925, 725.71282, 86.43469, -13.37213, 10.78195
-3.95595, -4.27110, 728.77490, 85.90442, -13.83324, 11.01135
-4.65923, -4.27110, 731.83698, 85.90442, -13.83324, 11.01135
-3.95595, -3.55925, 731.83698, 86.96497, -13.83324, 10.78195
-3.95595, -2.84740, 728.77490, 86.96497, -13.83324, 10.78195
-3.95595, -2.13555, 728.77490, 87.49524, -13.83324, 11.24075
-5.36250, -1.42370, 728.77490, 87.49524, -13.37213, 11.24075
-5.36250, -0.71185, 731.83698, 88.55579, -13.83324, 10.55254
-4.65923, -0.71185, 731.83698, 89.08607, -13.83324, 10.32314
-3.25267, -2.13555, 731.83698, 88.55579, -14.75546,  9.86434
-1.84611, -3.55925, 731.83698, 88.55579, -15.21656,  9.63493
-1.14283, -3.55925, 731.83698, 88.55579, -14.75546,  9.86434
-1.84611, -3.55925, 731.83698, 86.96497, -14.75546, 10.09374
-1.84611, -4.98295, 731.83698, 85.90442, -14.29435, 10.32314
-2.54939, -5.69480, 728.77490, 85.90442, -13.83324, 10.32314
-2.54939, -5.69480, 728.77490, 85.90442, -13.83324, 10.55254
-3.95595, -4.98295, 725.71282, 85.37415, -13.37213, 10.78195
-3.95595, -4.98295, 725.71282, 85.37415, -12.91102, 11.01135
-3.95595, -4.27110, 728.77490, 86.43469, -12.91102, 11.01135
-4.65923, -4.98295, 725.71282, 86.96497, -11.98881, 11.01135
-4.65923, -4.27110, 728.77490, 86.43469, -11.98881, 11.01135
-4.65923, -3.55925, 728.77490, 87.49524, -11.52770, 11.24075
-4.65923, -2.84740, 728.77490, 87.49524, -11.52770, 11.24075
-5.36250, -2.13555, 728.77490, 89.08607, -11.52770, 11.24075
-6.06578, -2.13555, 731.83698, 89.08607, -11.06659, 11.24075
-5.36250, -2.84740, 728.77490, 89.08607, -11.06659, 11.24075
-6.06578, -2.13555, 728.77490, 89.08607, -11.06659, 11.01135
-5.36250, -1.42370, 728.77490, 89.61634, -11.06659, 11.01135
-3.95595, -1.42370, 728.77490, 89.61634, -11.52770, 10.78195
-3.25267, -2.13555, 728.77490, 89.08607, -11.98881, 10.55254
-3.95595, -2.84740, 731.83698, 88.55579, -11.98881, 10.78195
-3.25267, -3.55925, 731.83698, 89.08607, -11.98881, 10.55254
-3.95595, -2.84740, 731.83698, 88.55579, -11.98881, 10.55254
-3.95595, -2.13555, 728.77490, 88.55579, -11.98881, 10.55254
-3.25267, -2.13555, 728.77490, 89.08607, -11.98881, 10.55254
-3.25267, -2.13555, 731.83698, 89.61634, -11.98881, 10.55254
-3.25267, -2.13555, 731.83698, 89.61634, -11.98881, 10.55254
-3.95595, -2.13555, 731.83698, 89.61634, -11.98881, 10.55254
-4.65923, -2.13555, 728.77490, 89.61634, -11.52770, 10.55254
-4.65923, -1.42370, 728.77490, 89.08607, -11.52770, 10.32314
-3.25267, -2.84740, 728.77490, 88.55579, -11.52770, 10.32314
-3.95595, -2.84740, 728.77490, 88.55579, -11.52770, 10.55254
-3.95595, -2.84740, 731.83698, 88.02552, -11.06659, 10.55254
-3.95595, -2.84740, 728.77490, 87.49524, -11.06659, 10.78195
-4.65923, -3.55925, 728.77490, 86.96497, -11.06659, 10.78195
-3.95595, -3.55925, 731.83698, 87.49524, -10.60548, 10.55254
-3.25267, -4.27110, 731.83698, 87.49524, -10.14438, 10.32314
-4.65923, -3.55925, 728.77490, 86.96497, -10.14438, 10.55254
-6.06578, -3.55925, 728.77490, 86.43469, -9.68327, 11.01135
-5.36250, -3.55925, 728.77490, 85.90442, -9.22216, 11.01135
-5.36250, -3.55925, 728.77490, 86.43469, -8.76105, 11.01135
-5.36250, -4.98295, 728.77490, 86.43469, -8.29994, 10.78195
-5.36250, -3.55925, 728.77490, 86.43469, -8.29994, 10.78195
-6.06578, -4.27110, 728.77490, 85.90442, -7.83884, 10.78195
-6.06578, -4.98295, 728.77490, 85.37415, -7.83884, 10.55254
-5.36250, -4.98295, 731.83698, 84.84387, -7.83884, 10.55254
-5.36250, -5.69480, 728.77490, 84.84387, -7.83884, 10.32314
-4.65923, -4.98295, 728.77490, 85.37415, -7.83884, 10.32314
-5.36250, -4.98295, 731.83698, 84.84387, -7.37773, 10.55254
-6.06578, -4.98295, 731.83698, 84.31360, -7.83884, 10.78195
-6.06578, -4.98295, 728.77490, 84.31360, -7.37773, 10.55254
-5.36250, -4.98295, 725.71282, 84.84387, -7.83884, 10.32314
-4.65923, -4.98295, 731.83698, 84.84387, -8.29994, 10.32314
-5.36250, -4.27110, 731.83698, 84.84387, -8.29994, 10.55254
-5.36250, -4.27110, 728.77490, 85.37415, -8.29994, 10.78195
-4.65923, -4.27110, 731.83698, 85.90442, -8.29994, 10.55254
-3.95595, -3.55925, 731.83698, 85.90442, -8.76105, 10.55254
-3.25267, -3.55925, 731.83698, 85.90442, -8.76105, 10.55254
-4.65923, -3.55925, 728.77490, 86.43469, -9.22216, 10.55254
-4.65923, -2.84740, 728.77490, 86.96497, -8.29994, 10.78195
-3.95595, -2.84740, 731.83698, 86.96497, -8.76105, 10.55254
-4.65923, -2.84740, 728.77490, 86.43469, -9.22216, 10.78195
-4.65923, -2.84740, 728.77490, 86.96497, -9.22216, 10.55254
-4.65923, -3.55925, 728.77490, 86.96497, -8.76105, 10.55254
-3.95595, -3.55925, 728.77490, 86.96497, -9.22216, 10.55254
-3.95595, -3.55925, 728.77490, 86.96497, -9.22216, 10.55254
-3.95595, -3.55925, 731.83698, 86.43469, -9.68327, 10.55254
-3.25267, -3.55925, 731.83698, 86.43469, -9.68327, 10.78195
-3.25267, -4.27110, 731.83698, 86.43469, -9.68327, 10.78195
-3.25267, -4.27110, 728.77490, 86.43469, -9.68327, 10.78195
-3.25267, -4.27110, 731.83698, 86.43469, -9.22216, 10.55254
-3.25267, -3.55925, 728.77490, 86.43469, -9.22216, 10.32314
-3.25267, -3.55925, 728.77490, 86.96497, -9.22216, 10.55254
-3.95595, -3.55925, 731.83698, 87.49524, -9.68327, 10.78195
-3.95595, -2.84740, 731.83698, 87.49524, -9.22216, 10.55254
-3.25267, -2.13555, 731.83698, 88.02552, -9.22216, 10.55254
-3.25267, -1.42370, 731.83698, 89.08607, -9.22216, 11.01135
-3.25267, -2.13555, 731.83698, 89.61634, -9.68327, 10.78195
-2.54939, -2.13555, 731.83698, 89.61634, -9.68327, 10.55254
-2.54939, -2.13555, 728.77490, 89.08607, -9.22216, 10.55254
-3.25267, -2.13555, 728.77490, 89.08607, -8.76105, 10.32314
-3.95595, -2.84740, 728.77490, 88.02552, -8.76105, 10.55254
-3.95595, -2.84740, 731.83698, 88.02552, -8.76105, 10.55254
-3.95595, -2.84740, 731.83698, 87.49524, -8.76105, 10.78195
-3.95595, -3.55925, 731.83698, 86.43469, -8.76105, 10.55254
-3.95595, -4.27110, 728.77490, 85.90442, -8.29994, 10.32314
-3.25267, -4.98295, 725.71282, 85.90442, -8.29994, 10.55254
-3.25267, -4.27110, 728.77490, 86.43469, -8.29994, 10.78195
-3.25267, -3.55925, 728.77490, 86.96497, -7.83884, 10.55254
-2.54939, -4.27110, 728.77490, 86.96497, -8.29994, 10.55254
-2.54939, -4.98295, 731.83698, 86.43469, -7.83884, 10.55254
-3.25267, -4.98295, 731.83698, 86.96497, -7.37773, 10.55254
-4.65923, -3.55925, 731.83698, 86.96497, -6.91662, 10.55254
-5.36250, -2.84740, 728.77490, 87.49524, -6.91662, 10.55254
-3.95595, -3.55925, 731.83698, 87.49524, -6.91662, 10.55254
-5.36250, -4.27110, 731.83698, 88.02552, -6.45551, 10.55254
-5.36250, -3.55925, 731.83698, 88.55579, -6.45551, 11.01135
-4.65923, -2.13555, 731.83698, 88.55579, -6.91662, 11.24075
-3.25267, -1.42370, 731.83698, 88.55579, -6.45551, 11.47016
-3.25267, -0.71185, 728.77490, 89.08607, -6.45551, 11.47016
-3.95595, -1.42370, 731.83698, 90.14661, -6.45551, 11.24075
-5.36250, -1.42370, 731.83698, 90.67689, -6.45551, 11.01135
-6.06578, -1.42370, 731.83698, 90.67689, -5.99440, 11.01135
-4.65923, -1.42370, 731.83698, 90.67689, -6.45551, 11.01135
-3.25267, -0.71185, 728.77490, 91.20716, -6.45551, 10.78195
-3.25267, -0.71185, 731.83698, 91.73744, -6.45551, 10.55254
-3.25267, -1.42370, 731.83698, 91.20716, -6.45551, 10.55254
-3.95595, -2.13555, 731.83698, 90.67689, -6.45551, 10.55254
-4.65923, -2.13555, 731.83698, 90.67689, -5.53330, 10.32314
-4.65923, -2.13555, 728.77490, 90.14661, -5.99440, 10.32314
-3.95595, -2.13555, 731.83698, 89.61634, -6.45551, 10.09374
-3.95595, -3.55925, 728.77490, 88.55579, -6.45551, 10.09374
-4.65923, -4.27110, 728.77490, 88.02552, -6.45551, 10.09374
-4.65923, -4.27110, 728.77490, 86.96497, -6.45551, 10.09374
-3.25267, -4.27110, 728.77490, 85.90442, -6.91662, 10.09374
-2.54939, -4.27110, 728.77490, 85.37415, -7.37773, 10.09374
-3.25267, -4.98295, 731.83698, 85.37415, -7.37773, 10.09374
-3.95595, -5.69480, 728.77490, 84.84387, -6.45551, 10.09374
-3.95595, -5.69480, 731.83698, 84.84387, -6.91662, 10.09374
-3.25267, -5.69480, 731.83698, 84.31360, -7.37773, 10.09374
-3.25267, -5.69480, 731.83698, 83.78332, -7.37773,  9.86434
-3.95595, -6.40665, 728.77490, 83.25305, -6.91662,  9.86434
-4.65923, -7.11850, 728.77490, 83.25305, -6.45551, 10.09374
-4.65923, -6.40665, 728.77490, 83.25305, -6.45551, 10.32314
-3.95595, -5.69480, 728.77490, 83.25305, -6.45551, 10.32314
-3.95595, -4.98295, 728.77490, 83.78332, -5.99440, 10.55254
-3.95595, -4.98295, 731.83698, 83.78332, -6.45551, 10.55254
-4.65923, -4.98295, 728.77490, 84.31360, -5.53330, 10.78195
-4.65923, -4.98295, 731.83698, 84.84387, -5.07219, 11.01135
-4.65923, -4.27110, 731.83698, 85.37415, -5.07219, 10.78195
-4.65923, -3.55925, 731.83698, 85.90442, -4.61108, 10.78195
-5.36250, -3.55925, 731.83698, 85.90442, -4.14997, 10.78195
-5.36250, -3.55925, 731.83698, 86.96497, -3.68886, 10.55254
-5.36250, -3.55925, 731.83698, 87.49524, -3.68886, 11.01135
-5.36250, -3.55925, 728.77490, 87.49524, -3.68886, 10.78195
-6.06578, -2.13555, 731.83698, 87.49524, -3.68886, 10.78195
-5.36250, -2.84740, 731.83698, 87.49524, -3.68886, 10.78195
-4.65923, -3.55925, 734.89906, 88.02552, -3.22776, 11.01135
-4.65923, -2.84740, 731.83698, 89.08607, -3.22776, 10.78195
-5.36250, -2.84740, 731.83698, 89.08607, -3.22776, 11.01135
-5.36250, -2.84740, 731.83698, 88.55579, -3.22776, 10.78195
-5.36250, -2.13555, 731.83698, 89.08607, -3.22776, 10.55254
-5.36250, -2.84740, 728.77490, 89.61634, -3.22776, 10.55254
-5.36250, -2.84740, 728.77490, 90.14661, -3.22776, 10.55254
-6.06578, -2.84740, 731.83698, 90.67689, -3.22776, 10.55254
-6.06578, -2.84740, 731.83698, 89.61634, -2.76665, 10.32314
-5.36250, -2.84740, 728.77490, 89.08607, -3.68886, 10.32314
-5.36250, -2.84740, 728.77490, 89.61634, -3.68886, 10.32314
-5.36250, -2.84740, 728.77490, 89.61634, -3.22776, 10.55254
-6.06578, -2.84740, 728.77490, 89.08607, -3.68886, 11.01135
-5.36250, -2.84740, 728.77490, 89.08607, -3.68886, 10.55254
-5.36250, -3.55925, 731.83698, 88.55579, -4.14997, 10.55254
-4.65923, -3.55925, 731.83698, 88.55579, -4.14997, 10.78195
-5.36250, -3.55925, 731.83698, 88.55579, -4.14997, 10.78195
-5.36250, -3.55925, 731.83698, 89.08607, -4.14997, 11.01135
-6.06578, -2.84740, 731.83698, 89.61634, -4.14997, 10.78195
-5.36250, -2.84740, 731.83698, 89.61634, -4.61108, 10.78195
-5.36250, -2.84740, 731.83698, 89.08607, -4.61108, 10.55254
-6.06578, -3.55925, 728.77490, 89.08607, -4.61108, 10.55254
-6.76906, -2.13555, 728.77490, 89.61634, -4.61108, 10.55254
-6.76906, -2.84740, 731.83698, 89.61634, -5.07219, 10.78195
-6.76906, -2.84740, 728.77490, 88.55579, -5.53330, 10.78195
-6.06578, -3.55925, 728.77490, 88.02552, -5.99440, 10.78195
-6.06578, -4.98295, 731.83698, 86.96497, -6.45551, 10.78195
-4.65923, -5.69480, 731.83698, 86.43469, -7.37773, 10.55254
-2.54939, -4.98295, 731.83698, 86.43469, -8.29994, 10.32314
-1.14283, -4.98295, 731.83698, 86.43469, -8.29994, 10.09374
-1.84611, -5.69480, 731.83698, 86.96497, -8.29994, 10.32314
-3.25267, -4.98295, 731.83698, 88.02552, -8.29994, 10.32314
-3.95595, -3.55925, 731.83698, 88.02552, -8.29994, 10.32314
-3.25267, -2.84740, 728.77490, 88.55579, -8.29994, 10.09374
-3.25267, -3.55925, 728.77490, 88.55579, -8.29994, 10.09374
-3.95595, -4.27110, 728.77490, 88.55579, -8.29994, 10.09374
-4.65923, -4.27110, 731.83698, 89.08607, -8.29994, 10.55254
-4.65923, -4.27110, 734.89906, 88.55579, -8.76105, 10.55254
-3.95595, -2.84740, 731.83698, 88.55579, -8.76105, 10.55254
-3.25267, -3.55925, 731.83698, 88.55579, -9.22216, 10.32314
-3.25267, -4.27110, 731.83698, 88.55579, -8.76105, 10.32314
-4.65923, -4.27110, 731.83698, 89.08607, -8.29994, 10.55254
-5.36250, -3.55925, 731.83698, 89.08607, -8.76105, 10.78195
-3.95595, -2.84740, 728.77490, 89.61634, -8.76105, 10.55254
-4.65923, -3.55925, 731.83698, 89.08607, -8.76105, 10.78195
-4.65923, -3.55925, 731.83698, 90.14661, -8.29994, 10.78195
-6.06578, -2.84740, 728.77490, 90.67689, -8.29994, 10.78195
-6.06578, -2.13555, 731.83698, 90.67689, -8.29994, 10.78195
-5.36250, -2.13555, 728.77490, 90.67689, -8.76105, 10.78195
-3.95595, -2.84740, 731.83698, 90.14661, -9.22216, 10.32314
-3.95595, -2.84740, 731.83698, 90.67689, -9.68327, 10.32314
-4.65923, -2.13555, 731.83698, 91.20716, -10.14438, 10.32314
-4.65923, -1.42370, 731.83698, 91.20716, -10.60548, 10.32314
-3.95595, -1.42370, 731.83698, 90.67689, -11.06659, 10.32314
-3.95595, -2.13555, 731.83698, 90.14661, -11.06659, 10.32314
-2.54939, -2.13555, 725.71282, 90.14661, -11.98881,  9.63493
-0.43955, -3.55925, 731.83698, 89.61634, -13.83324,  9.17613
-1.14283, -4.27110, 734.89906, 89.08607, -14.29435,  9.63493
-3.25267, -4.27110, 731.83698, 88.55579, -13.83324, 10.09374
-3.95595, -3.55925, 728.77490, 88.55579, -13.37213, 10.09374
-3.25267, -4.27110, 725.71282, 88.02552, -13.37213, 10.32314
-1.84611, -4.27110, 728.77490, 88.02552, -13.37213, 10.09374
-1.84611, -5.69480, 731.83698, 88.02552, -12.91102, 10.32314
-1.84611, -5.69480, 734.89906, 88.02552, -12.91102, 10.32314
-1.84611, -5.69480, 734.89906, 87.49524, -12.44992, 10.32314
-2.54939, -5.69480, 731.83698, 87.49524, -11.98881, 10.55254
-3.25267, -5.69480, 731.83698, 88.02552, -11.98881, 10.32314
-3.95595, -4.98295, 731.83698, 88.55579, -11.06659, 10.55254
-3.95595, -4.27110, 728.77490, 90.14661, -11.06659, 10.55254
-5.36250, -2.84740, 728.77490, 90.67689, -10.60548, 10.78195
-5.36250, -2.84740, 731.83698, 91.20716, -10.60548, 10.78195
-5.36250, -2.84740, 731.83698, 91.20716, -10.14438, 10.55254
-5.36250, -2.13555, 731.83698, 91.73744, -10.14438, 10.78195
-5.36250, -2.84740, 734.89906, 92.26771, -9.68327, 10.78195
-6.06578, -2.13555, 731.83698, 92.79799, -9.68327, 10.78195
-6.76906, -1.42370, 731.83698, 93.32826, -9.22216, 10.78195
-6.76906, -0.71185, 728.77490, 92.79799, -9.22216, 10.55254
-6.06578, -0.71185, 728.77490, 92.79799, -9.68327, 10.55254
-5.36250, -1.42370, 728.77490, 92.79799, -9.68327, 10.55254
-6.76906, -1.42370, 728.77490, 92.79799, -9.68327, 10.78195
-6.76906, -0.71185, 731.83698, 92.26771, -9.68327, 11.01135
-6.06578, -0.71185, 728.77490, 91.73744, -10.14438, 10.78195
-4.65923, -2.13555, 728.77490, 92.26771, -10.60548, 10.55254
-3.95595, -2.84740, 731.83698, 92.79799, -11.52770, 10.32314
-3.95595, -2.84740, 728.77490, 92.26771, -11.52770, 10.32314
-4.65923, -2.13555, 731.83698, 91.73744, -11.98881, 10.09374
-4.65923, -1.42370, 728.77490, 91.20716, -11.98881, 10.09374
-3.95595, -1.42370, 731.83698, 91.20716, -13.37213,  9.86434
-3.25267, -3.55925, 731.83698, 90.67689, -13.83324,  9.86434
-3.25267, -3.55925, 731.83698, 90.67689, -14.29435,  9.86434
-2.54939, -4.27110, 731.83698, 89.61634, -14.75546, 10.09374
-2.54939, -4.27110, 731.83698, 88.55579, -14.75546, 10.09374
-2.54939, -4.98295, 731.83698, 87.49524, -14.75546, 10.32314
-1.84611, -4.98295, 728.77490, 86.96497, -14.75546, 10.32314
-1.14283, -5.69480, 731.83698, 86.96497, -15.21656, 10.09374
-0.43955, -6.40665, 731.83698, 86.43469, -15.67767,  9.86434
-1.14283, -6.40665, 728.77490, 86.43469, -15.67767, 10.09374
-1.14283, -4.98295, 728.77490, 86.96497, -15.21656, 10.09374
-2.54939, -4.27110, 728.77490, 86.96497, -14.75546, 10.32314
-2.54939, -5.69480, 731.83698, 86.96497, -14.29435, 10.32314
-3.95595, -5.69480, 731.83698, 88.02552, -13.37213, 10.55254
-4.65923, -4.27110, 728.77490, 88.02552, -12.91102, 10.55254
-3.95595, -4.27110, 728.77490, 88.02552, -12.91102, 10.32314
-3.25267, -4.27110, 728.77490, 88.02552, -12.91102, 10.32314
-2.54939, -4.98295, 731.83698, 89.08607, -12.91102, 10.09374
-3.25267, -4.27110, 731.83698, 89.61634, -12.91102, 10.32314
-4.65923, -3.55925, 731.83698, 90.14661, -11.98881, 10.32314
-5.36250, -2.13555, 731.83698, 89.61634, -11.98881, 10.55254
-4.65923, -2.13555, 728.77490, 90.14661, -11.98881, 10.55254
-4.65923, -2.84740, 731.83698, 90.67689, -11.98881, 10.32314
-3.95595, -3.55925, 734.89906, 90.67689, -11.98881, 10.55254
-5.36250, -3.55925, 734.89906, 89.61634, -11.52770, 10.55254
-5.36250, -2.84740, 731.83698, 89.61634, -11.52770, 10.78195
-4.65923, -2.84740, 731.83698, 89.61634, -11.52770, 10.78195
-3.95595, -3.55925, 731.83698, 89.61634, -11.52770, 10.55254
-3.25267, -4.27110, 731.83698, 89.61634, -11.98881, 10.32314
-3.95595, -4.98295, 731.83698, 89.61634, -11.98881, 10.32314
-4.65923, -3.55925, 728.77490, 89.61634, -11.52770, 10.32314
-3.95595, -4.27110, 728.77490, 89.61634, -11.98881, 10.55254
-3.25267, -4.27110, 731.83698, 89.61634, -11.98881, 10.55254
-3.95595, -4.27110, 728.77490, 89.61634, -11.98881, 10.32314
-3.95595, -3.55925, 728.77490, 89.61634, -11.52770, 10.55254
-5.36250, -3.55925, 728.77490, 89.61634, -11.52770, 10.78195
-5.36250, -3.55925, 728.77490, 89.08607, -11.52770, 10.78195
-4.65923, -3.55925, 728.77490, 89.08607, -11.52770, 10.55254
-3.95595, -3.55925, 731.83698, 89.08607, -11.98881, 10.55254
-3.25267, -3.55925, 734.89906, 89.08607, -12.44992, 10.32314
-3.25267, -4.27110, 731.83698, 89.08607, -12.44992, 10.55254
-3.95595, -4.98295, 734.89906, 89.08607, -11.98881, 10.32314
-3.95595, -3.55925, 728.77490, 89.61634, -11.98881, 10.32314
-3.25267, -2.13555, 728.77490, 89.08607, -11.98881, 10.09374
-3.25267, -2.84740, 728.77490, 89.61634, -11.98881, 10.09374
-3.95595, -3.55925, 731.83698, 89.61634, -11.52770, 10.32314
-4.65923, -4.27110, 734.89906, 90.14661, -11.06659, 10.55254
-3.95595, -2.84740, 731.83698, 89.61634, -11.06659, 10.55254
-3.25267, -2.84740, 728.77490, 89.08607, -11.06659, 10.32314
-3.25267, -2.84740, 728.77490, 89.08607, -10.60548, 10.32314
-4.65923, -3.55925, 728.77490, 89.61634, -10.14438, 10.55254
-4.65923, -4.27110, 731.83698, 90.14661, -10.14438, 10.32314
-3.95595, -4.27110, 731.83698, 89.61634, -10.14438, 10.09374
-3.25267, -4.27110, 731.83698, 89.61634, -10.14438,  9.86434
-3.25267, -3.55925, 731.83698, 89.61634, -9.68327, 10.09374
-5.36250, -2.84740, 731.83698, 90.14661, -9.22216, 10.32314
-5.36250, -2.84740, 728.77490, 90.67689, -8.76105, 10.32314
-5.36250, -2.84740, 731.83698, 90.67689, -8.76105, 10.32314
-4.65923, -2.13555, 734.89906, 90.67689, -8.76105, 10.32314
-6.06578, -2.84740, 731.83698, 90.14661, -8.76105, 10.55254
-6.06578, -2.84740, 734.89906, 90.67689, -8.29994, 10.78195
-6.06578, -3.55925, 734.89906, 90.14661, -8.29994, 11.01135
-6.06578, -3.55925, 731.83698, 89.08607, -8.29994, 11.01135
-6.06578, -4.27110, 731.83698, 88.02552, -8.29994, 11.01135
-6.76906, -4.98295, 728.77490, 87.49524, -7.83884, 10.78195
-5.36250, -4.98295, 728.77490, 88.55579, -8.29994, 10.78195
-4.65923, -4.98295, 728.77490, 89.08607, -8.29994, 10.55254
-3.95595, -4.27110, 725.71282, 89.08607, -8.29994, 10.32314
-3.95595, -4.98295, 731.83698, 89.08607, -8.29994, 10.32314
-4.65923, -5.69480, 734.89906, 89.61634, -8.76105, 10.32314
-4.65923, -4.98295, 731.83698, 90.67689, -8.29994, 10.32314
-3.95595, -4.27110, 734.89906, 90.67689, -8.29994, 10.32314
-4.65923, -3.55925, 734.89906, 90.67689, -8.29994, 10.78195
-6.06578, -2.13555, 734.89906, 90.67689, -7.83884, 10.78195
-6.06578, -2.13555, 731.83698, 91.73744, -7.83884, 10.78195
-5.36250, -2.84740, 731.83698, 92.26771, -7.83884, 10.78195
-5.36250, -2.13555, 728.77490, 92.26771, -7.83884, 10.78195
-6.06578, -2.13555, 731.83698, 92.26771, -7.83884, 10.78195
-6.06578, -1.42370, 728.77490, 92.79799, -7.83884, 10.78195
-5.36250, -1.42370, 731.83698, 92.26771, -8.29994, 10.55254
-3.95595, -2.13555, 728.77490, 92.26771, -8.29994, 10.78195
-3.95595, -2.13555, 731.83698, 92.26771, -8.29994, 10.55254
-4.65923, -2.84740, 731.83698, 91.20716, -8.29994, 10.78195
-6.06578, -2.84740, 731.83698, 91.20716, -8.76105, 11.01135
-6.06578, -2.13555, 728.77490, 91.20716, -8.29994, 11.01135
-3.95595, -2.13555, 728.77490, 90.67689, -8.76105, 10.78195
-3.95595, -2.84740, 731.83698, 90.67689, -9.22216, 10.78195
-4.65923, -4.27110, 731.83698, 90.67689, -9.22216, 10.78195
-4.65923, -4.27110, 731.83698, 90.14661, -8.76105, 10.55254
-4.65923, -3.55925, 731.83698, 90.14661, -9.22216, 10.78195
-3.95595, -3.55925, 728.77490, 89.61634, -9.68327, 10.55254
-3.25267, -4.27110, 734.89906, 89.08607, -9.68327, 10.32314
-3.25267, -4.27110, 731.83698, 89.61634, -10.14438, 10.32314
-3.25267, -4.98295, 734.89906, 89.08607, -10.14438, 10.09374
-3.25267, -4.98295, 731.83698, 89.08607, -10.14438, 10.32314
-3.25267, -4.27110, 731.83698, 88.55579, -10.14438, 10.09374
-3.25267, -4.27110, 731.83698, 88.55579, -10.14438, 10.09374
-3.25267, -4.98295, 731.83698, 89.61634, -10.14438, 10.09374
-3.25267, -4.27110, 731.83698, 89.61634, -10.14438,  9.86434
-3.95595, -3.55925, 728.77490, 89.08607, -10.14438, 10.09374
-3.95595, -3.55925, 728.77490, 89.08607, -9.68327, 10.32314
-4.65923, -3.55925, 728.77490, 89.61634, -10.14438, 10.32314
-3.95595, -3.55925, 731.83698, 89.61634, -9.68327, 10.32314
-3.95595, -3.55925, 731.83698, 89.61634, -10.14438, 10.32314
-3.95595, -4.27110, 731.83698, 89.61634, -10.14438, 10.09374
-3.95595, -4.27110, 731.83698, 89.08607, -10.14438, 10.32314
-3.95595, -3.55925, 731.83698, 89.61634, -9.68327, 10.55254
-3.25267, -3.55925, 734.89906, 89.08607, -9.68327, 10.55254
-2.54939, -3.55925, 734.89906, 89.61634, -10.14438, 10.09374
-2.54939, -4.27110, 731.83698, 89.61634, -9.68327, 10.09374
-3.95595, -3.55925, 728.77490, 89.61634, -9.68327, 10.32314
-4.65923, -2.84740, 725.71282, 90.14661, -9.22216, 10.55254
-3.95595, -2.84740, 728.77490, 89.61634, -9.22216, 10.32314
-3.25267, -4.27110, 731.83698, 89.61634, -9.68327, 10.09374
-3.25267, -4.98295, 728.77490, 90.14661, -9.22216, 10.09374
-3.95595, -4.98295, 731.83698, 90.67689, -9.22216, 10.55254
-3.95595, -3.55925, 731.83698, 90.67689, -9.22216, 10.78195
-3.95595, -3.55925, 731.83698, 90.14661, -9.22216, 10.55254
-3.95595, -3.55925, 731.83698, 90.14661, -9.22216, 10.55254
-3.95595, -3.55925, 731.83698, 90.67689, -8.76105, 10.55254
-3.95595, -4.27110, 731.83698, 91.20716, -8.76105, 10.55254
-3.95595, -2.84740, 728.77490, 91.73744, -8.76105, 10.55254
-4.65923, -2.84740, 731.83698, 90.67689, -8.76105, 10.55254
-6.06578, -3.55925, 728.77490, 90.67689, -8.29994, 10.78195
-5.36250, -3.55925, 731.83698, 91.20716, -8.29994, 10.55254
-4.65923, -4.27110, 731.83698, 91.20716, -8.29994, 10.32314
-4.65923, -4.27110, 731.83698, 91.20716, -8.29994, 10.32314
-4.65923, -4.27110, 731.83698, 90.67689, -8.29994, 10.55254
-5.36250, -2.84740, 728.77490, 90.67689, -8.29994, 10.55254
-4.65923, -3.55925, 731.83698, 90.67689, -8.29994, 10.55254
-3.95595, -3.55925, 731.83698, 90.67689, -8.29994, 10.55254
-4.65923, -2.84740, 731.83698, 91.20716, -8.29994, 10.55254
-5.36250, -2.84740, 734.89906, 91.20716, -8.29994, 10.55254
-4.65923, -2.84740, 734.89906, 91.20716, -8.29994, 10.78195
-3.25267, -3.55925, 731.83698, 91.73744, -8.76105, 10.32314
-3.25267, -3.55925, 731.83698, 91.73744, -8.29994, 10.32314
-3.95595, -2.13555, 728.77490, 92.26771, -8.29994, 10.32314
-4.65923, -2.84740, 728.77490, 91.73744, -8.29994, 10.55254
-3.95595, -2.84740, 731.83698, 91.20716, -8.29994, 10.55254
-3.95595, -3.55925, 731.83698, 91.20716, -8.29994, 10.32314
-3.95595, -2.84740, 731.83698, 91.73744, -8.29994, 10.32314
-3.95595, -2.84740, 731.83698, 91.20716, -8.29994, 10.32314
-4.65923, -3.55925, 734.89906, 91.73744, -7.83884, 10.32314
-3.95595, -2.84740, 731.83698, 91.20716, -7.83884, 10.32314
-4.65923, -3.55925, 731.83698, 91.20716, -8.29994, 10.32314
-3.95595, -3.55925, 731.83698, 90.67689, -8.29994, 10.55254
-3.95595, -3.55925, 731.83698, 90.67689, -8.29994, 10.55254
-3.95595, -4.27110, 731.83698, 90.14661, -7.83884, 10.55254
-4.65923, -3.55925, 731.83698, 90.14661, -7.83884, 10.78195
-4.65923, -4.27110, 731.83698, 90.67689, -8.29994, 10.78195
-4.65923, -4.27110, 731.83698, 90.14661, -8.29994, 10.55254
-4.65923, -4.27110, 731.83698, 90.67689, -7.83884, 10.55254
-4.65923, -4.27110, 731.83698, 90.67689, -7.83884, 10.78195
-4.65923, -4.27110, 734.89906, 90.67689, -7.83884, 10.78195
-4.65923, -4.27110, 731.83698, 90.14661, -7.83884, 10.78195
-3.95595, -4.27110, 731.83698, 91.20716, -7.83884, 10.55254
-3.95595, -3.55925, 728.77490, 91.20716, -8.29994, 10.55254
-3.95595, -3.55925, 725.71282, 91.20716, -8.29994, 10.55254
-4.65923, -2.84740, 728.77490, 91.20716, -7.83884, 10.55254
-3.95595, -2.13555, 728.77490, 91.73744, -7.83884, 10.32314
-3.95595, -2.84740, 728.77490, 92.26771, -8.29994, 10.09374
-4.65923, -2.84740, 728.77490, 92.79799, -8.76105, 10.09374
-4.65923, -2.84740, 731.83698, 92.26771, -8.76105, 10.09374
-5.36250, -2.84740, 731.83698, 92.79799, -8.29994, 10.09374
-5.36250, -2.84740, 731.83698, 92.26771, -7.83884, 10.55254
-4.65923, -2.13555, 731.83698, 92.26771, -8.29994, 10.55254
-3.25267, -2.84740, 731.83698, 91.73744, -9.22216, 10.55254
-3.95595, -2.84740, 734.89906, 90.67689, -8.76105, 10.55254
-3.95595, -2.84740, 734.89906, 90.67689, -8.76105, 10.55254
-4.65923, -3.55925, 734.89906, 90.67689, -8.76105, 10.55254
-3.95595, -4.27110, 731.83698, 90.67689, -8.76105, 10.55254
-3.25267, -3.55925, 731.83698, 90.67689, -8.76105, 10.32314
-3.25267, -3.55925, 728.77490, 90.14661, -8.29994, 10.32314
-4.65923, -3.55925, 728.77490, 89.61634, -8.29994, 10.78195
-4.65923, -4.27110, 731.83698, 89.61634, -9.22216, 10.78195
-3.95595, -4.27110, 734.89906, 90.14661, -8.29994, 10.32314
-3.25267, -4.27110, 731.83698, 90.14661, -8.76105, 10.32314
-3.25267, -4.27110, 731.83698, 89.61634, -8.76105, 10.32314
-3.95595, -4.27110, 728.77490, 89.61634, -8.29994, 10.09374
-3.95595, -4.27110, 731.83698, 89.61634, -8.76105, 10.32314
-3.25267, -4.27110, 728.77490, 89.61634, -8.76105, 10.55254
-3.25267, -4.98295, 734.89906, 89.08607, -8.76105, 10.55254
-2.54939, -5.69480, 734.89906, 89.08607, -8.76105, 10.32314
-3.95595, -4.98295, 731.83698, 89.61634, -8.29994, 10.32314
-4.65923, -4.98295, 731.83698, 89.61634, -7.83884, 10.55254
-5.36250, -4.27110, 731.83698, 89.61634, -7.83884, 10.78195
-4.65923, -3.55925, 731.83698, 90.14661, -7.83884, 10.55254
-4.65923, -3.55925, 731.83698, 90.67689, -7.83884, 10.32314
-4.65923, -3.55925, 731.83698, 91.20716, -7.83884, 10.32314
-5.36250, -4.27110, 731.83698, 91.20716, -7.83884, 10.55254
-5.36250, -3.55925, 731.83698, 91.73744, -7.37773, 10.32314
-4.65923, -2.13555, 731.83698, 92.26771, -7.83884, 10.32314
-4.65923, -2.13555, 731.83698, 91.73744, -7.83884, 10.32314
-3.95595, -2.84740, 734.89906, 92.26771, -7.83884, 10.09374
-4.65923, -2.13555, 731.83698, 92.79799, -8.29994, 10.32314
-4.65923, -2.13555, 731.83698, 92.26771, -7.83884, 10.32314
-4.65923, -2.13555, 728.77490, 91.73744, -8.29994, 10.55254
-3.95595, -1.42370, 731.83698, 91.73744, -8.29994, 10.55254
-3.95595, -2.13555, 731.83698, 91.20716, -8.29994, 10.78195
-4.65923, -2.84740, 731.83698, 90.67689, -7.83884, 10.78195
-6.06578, -2.84740, 731.83698, 90.14661, -7.37773, 10.78195
-6.06578, -4.27110, 731.83698, 90.14661, -7.37773, 10.78195
-4.65923, -4.98295, 731.83698, 90.14661, -8.29994, 10.32314
-3.25267, -4.98295, 731.83698, 89.61634, -8.29994, 10.32314
-3.25267, -4.98295, 731.83698, 89.08607, -9.22216, 10.32314
-3.25267, -5.69480, 731.83698, 88.55579, -8.76105, 10.09374
-3.25267, -4.98295, 731.83698, 89.08607, -9.22216, 10.32314
-2.54939, -4.98295, 734.89906, 88.55579, -9.68327, 10.32314
-3.25267, -4.98295, 734.89906, 88.55579, -9.22216, 10.32314
-3.95595, -4.98295, 734.89906, 88.55579, -9.22216, 10.32314
-3.95595, -4.98295, 731.83698, 89.08607, -9.22216, 10.32314
-3.25267, -4.98295, 728.77490, 89.08607, -9.22216, 10.32314
-3.25267, -4.98295, 731.83698, 88.55579, -9.22216, 10.32314
-3.25267, -5.69480, 731.83698, 88.55579, -9.22216, 10.55254
-3.95595, -5.69480, 734.89906, 88.55579, -9.22216, 10.55254
-3.95595, -4.98295, 731.83698, 89.08607, -8.76105, 10.55254
-3.25267, -4.98295, 731.83698, 89.61634, -8.76105, 10.78195
-3.25267, -4.27110, 731.83698, 90.14661, -8.76105, 10.78195
-4.65923, -4.98295, 731.83698, 90.67689, -8.76105, 10.78195
-5.36250, -4.27110, 731.83698, 90.67689, -8.29994, 10.78195
-4.65923, -2.84740, 731.83698, 91.20716, -8.29994, 11.01135
-4.65923, -2.84740, 731.83698, 91.73744, -8.29994, 11.01135
-5.36250, -2.13555, 728.77490, 92.26771, -8.29994, 10.78195
-6.76906, -1.42370, 728.77490, 92.79799, -7.83884, 10.78195
-6.76906, -0.71185, 728.77490, 92.79799, -8.29994, 10.78195
-4.65923, -1.42370, 731.83698, 93.32826, -8.76105, 10.55254
-3.95595, -1.42370, 734.89906, 93.32826, -9.22216, 10.55254
-3.95595, -0.71185, 734.89906, 93.32826, -9.22216, 10.32314
-3.95595,  0.00000, 731.83698, 93.32826, -9.68327, 10.32314
-3.25267, -0.71185, 731.83698, 92.79799, -10.14438, 10.09374
-3.95595, -2.84740, 734.89906, 92.79799, -10.60548, 10.09374
-2.54939, -4.27110, 731.83698, 92.26771, -10.60548,  9.86434
-1.84611, -4.27110, 734.89906, 91.20716, -10.60548,  9.86434
-1.84611, -4.98295, 734.89906, 90.67689, -11.52770,  9.63493
-1.84611, -5.69480, 731.83698, 90.14661, -11.06659,  9.63493
-2.54939, -5.69480, 731.83698, 90.14661, -11.06659,  9.63493
-3.25267, -5.69480, 728.77490, 90.14661, -10.60548, 10.09374
-3.95595, -5.69480, 731.83698, 89.08607, -10.14438, 10.32314
-3.25267, -6.40665, 731.83698, 88.55579, -10.60548, 10.32314
-2.54939, -7.11850, 731.83698, 88.02552, -11.06659,  9.86434
-1.84611, -7.83035, 731.83698, 88.55579, -11.06659, 10.09374
-1.84611, -7.11850, 734.89906, 89.61634, -11.06659, 10.09374
-1.84611, -6.40665, 734.89906, 90.14661, -11.06659, 10.09374
-2.54939, -5.69480, 731.83698, 90.67689, -10.60548, 10.09374
-3.25267, -4.27110, 728.77490, 91.20716, -10.14438, 10.32314
-3.95595, -3.55925, 728.77490, 91.73744, -9.68327, 10.32314
-3.25267, -2.84740, 731.83698, 92.79799, -10.14438, 10.32314
-3.25267, -2.84740, 731.83698, 93.32826, -10.14438, 10.32314
-3.95595, -1.42370, 731.83698, 93.85853, -10.14438, 10.78195
-3.25267, -0.71185, 731.83698, 94.91908, -10.14438, 10.55254
-3.95595, -0.71185, 731.83698, 94.91908, -10.14438, 10.55254
-3.95595, -0.71185, 731.83698, 95.97963, -10.14438, 10.55254
-3.95595,  0.00000, 731.83698, 96.50990, -9.68327, 10.55254
-3.25267,  0.71185, 731.83698, 97.04018, -10.14438, 10.55254
-3.25267,  0.71185, 731.83698, 96.50990, -10.14438, 10.32314
-3.95595,  0.00000, 734.89906, 96.50990, -9.68327, 10.09374
-3.95595,  0.00000, 734.89906, 97.04018, -10.14438, 10.09374
-4.65923,  0.71185, 731.83698, 97.57045, -9.68327, 10.32314
-3.95595,  1.42370, 734.89906, 97.57045, -9.68327, 10.09374
-2.54939,  2.13555, 731.83698, 97.04018, -10.14438, 10.32314
-2.54939,  0.71185, 731.83698, 95.97963, -10.14438, 10.09374
-2.54939, -1.42370, 734.89906, 94.38881, -10.14438, 10.09374
-3.25267, -2.84740, 734.89906, 93.85853, -9.68327, 10.09374
-2.54939, -4.98295, 731.83698, 91.73744, -10.14438, 10.09374
-1.84611, -4.98295, 731.83698, 89.61634, -10.60548, 10.09374
-1.14283, -6.40665, 731.83698, 88.55579, -11.06659, 10.32314
-1.14283, -7.83035, 731.83698, 88.02552, -10.60548, 10.32314
-1.14283, -8.54220, 731.83698, 87.49524, -10.14438, 10.09374
-1.84611, -8.54220, 725.71282, 87.49524, -9.68327, 10.09374
-2.54939, -7.83035, 728.77490, 86.96497, -9.22216, 10.32314
-3.25267, -7.11850, 731.83698, 87.49524, -9.22216, 10.32314
-3.25267, -7.11850, 731.83698, 87.49524, -8.76105, 10.78195
-3.25267, -7.11850, 734.89906, 88.02552, -8.29994, 10.55254
-2.54939, -6.40665, 734.89906, 88.55579, -8.29994, 10.55254
-2.54939, -5.69480, 734.89906, 89.08607, -8.29994, 10.55254
-3.25267, -4.27110, 734.89906, 89.61634, -7.37773, 10.55254
-3.95595, -4.27110, 734.89906, 90.14661, -7.37773, 10.32314
-3.95595, -4.27110, 734.89906, 90.67689, -6.91662, 10.32314
-3.95595, -4.27110, 731.83698, 92.26771, -6.45551, 10.32314
-3.95595, -3.55925, 731.83698, 91.73744, -5.99440, 10.55254
-4.65923, -3.55925, 731.83698, 91.20716, -5.99440, 10.78195
-5.36250, -3.55925, 731.83698, 91.20716, -5.07219, 10.55254
-4.65923, -4.27110, 731.83698, 91.20716, -4.61108, 10.55254
-5.36250, -4.98295, 731.83698, 91.20716, -4.14997, 10.78195
-6.06578, -4.27110, 731.83698, 91.73744, -3.68886, 10.78195
-6.06578, -3.55925, 731.83698, 91.73744, -3.68886, 11.01135
-5.36250, -2.84740, 728.77490, 92.26771, -3.68886, 10.78195
-6.06578, -2.13555, 731.83698, 92.79799, -3.68886, 10.55254
-5.36250, -2.84740, 731.83698, 93.32826, -4.14997, 10.55254
-5.36250, -2.13555, 731.83698, 93.32826, -4.14997, 10.55254
-6.06578, -1.42370, 731.83698, 93.32826, -4.14997, 10.55254
-4.65923, -0.71185, 731.83698, 93.85853, -4.14997, 10.55254
-3.95595, -0.71185, 734.89906, 93.85853, -4.61108, 10.32314
-4.65923, -2.13555, 734.89906, 94.38881, -4.61108, 10.32314
-4.65923, -2.13555, 734.89906, 93.85853, -5.07219, 10.32314
-3.25267, -2.13555, 731.83698, 93.32826, -5.07219, 10.32314
-3.25267, -2.13555, 731.83698, 93.32826, -5.53330, 10.09374
-2.54939, -2.84740, 734.89906, 93.32826, -5.53330, 10.09374
-3.25267, -2.84740, 734.89906, 93.85853, -5.07219,  9.86434
-3.95595, -3.55925, 731.83698, 93.32826, -5.07219,  9.86434
-3.95595, -3.55925, 731.83698, 92.26771, -4.61108,  9.86434
-3.25267, -2.84740, 731.83698, 92.26771, -4.61108,  9.86434
-2.54939, -3.55925, 731.83698, 91.73744, -4.61108,  9.86434
-3.25267, -4.98295, 731.83698, 91.20716, -4.61108, 10.09374
-3.95595, -4.98295, 731.83698, 91.20716, -4.61108, 10.32314
-3.95595, -4.98295, 731.83698, 90.14661, -4.14997, 10.32314
-3.95595, -4.98295, 731.83698, 89.61634, -4.14997, 10.32314
-2.54939, -4.27110, 731.83698, 89.08607, -4.14997, 10.32314
-3.25267, -5.69480, 731.83698, 88.55579, -3.68886, 10.78195
-4.65923, -4.98295, 737.96114, 88.55579, -3.22776, 10.78195
-5.36250, -5.69480, 734.89906, 88.55579, -2.76665, 10.78195
-5.36250, -5.69480, 731.83698, 88.55579, -2.30554, 10.78195
-4.65923, -5.69480, 731.83698, 88.02552, -1.84443, 10.55254
-5.36250, -4.98295, 731.83698, 88.02552, -1.38332, 11.01135
-5.36250, -5.69480, 728.77490, 88.55579, -0.92222, 10.78195
-6.06578, -4.98295, 731.83698, 90.14661, -0.92222, 10.78195
-5.36250, -4.98295, 731.83698, 90.14661, -0.92222, 10.55254
-4.65923, -4.27110, 728.77490, 90.67689, -0.92222, 10.32314
-3.25267, -4.27110, 728.77490, 91.20716, -1.38332, 10.09374
-3.25267, -4.27110, 731.83698, 91.73744, -1.84443, 10.09374
-4.65923, -4.27110, 731.83698, 91.73744, -1.38332, 10.09374
-4.65923, -3.55925, 731.83698, 91.73744, -0.92222, 10.32314
-5.36250, -2.84740, 731.83698, 92.26771, -0.92222, 10.32314
-4.65923, -2.13555, 731.83698, 92.79799, -1.38332, 10.32314
-4.65923, -1.42370, 731.83698, 93.32826, -1.38332, 10.32314
-5.36250, -1.42370, 731.83698, 93.85853, -1.38332, 10.32314
-5.36250, -2.13555, 731.83698, 93.32826, -1.38332, 10.32314
-5.36250, -2.84740, 731.83698, 93.32826, -1.84443, 10.32314
-4.65923, -2.13555, 731.83698, 92.79799, -1.84443, 10.09374
-5.36250, -2.84740, 734.89906, 93.32826, -2.30554, 10.32314
-5.36250, -2.84740, 734.89906, 92.79799, -1.84443, 10.55254
-5.36250, -2.84740, 734.89906, 92.79799, -2.30554, 10.32314
-3.25267, -2.84740, 731.83698, 92.79799, -2.30554,  9.86434
-2.54939, -2.84740, 728.77490, 91.73744, -3.22776,  9.86434
-3.95595, -3.55925, 731.83698, 91.73744, -3.22776, 10.09374
-4.65923, -4.27110, 734.89906, 91.73744, -2.76665, 10.09374
-4.65923, -4.98295, 731.83698, 91.73744, -3.22776,  9.86434
-3.25267, -4.98295, 731.83698, 91.20716, -3.22776,  9.86434
-3.95595, -4.98295, 731.83698, 90.67689, -3.22776,  9.86434
-3.95595, -5.69480, 731.83698, 90.14661, -2.76665,  9.86434
-3.95595, -6.40665, 734.89906, 90.67689, -2.30554, 10.32314
-3.95595, -6.40665, 734.89906, 90.14661, -2.76665, 10.55254
-4.65923, -5.69480, 731.83698, 89.61634, -2.30554, 10.78195
-4.65923, -4.98295, 731.83698, 89.61634, -1.84443, 10.55254
-4.65923, -4.98295, 731.83698, 90.14661, -2.76665, 10.55254
-3.95595, -4.27110, 734.89906, 90.67689, -2.76665, 10.55254
-3.95595, -4.98295, 734.89906, 91.73744, -2.30554, 10.32314
-3.95595, -4.27110, 734.89906, 91.73744, -2.76665, 10.32314
-4.65923, -4.27110, 731.83698, 91.73744, -2.76665, 10.32314
-4.65923, -2.84740, 728.77490, 92.26771, -2.76665, 10.09374
-5.36250, -2.84740, 728.77490, 93.32826, -2.30554, 10.32314
-5.36250, -2.84740, 728.77490, 93.85853, -2.30554, 10.32314
-5.36250, -2.84740, 728.77490, 93.32826, -2.76665, 10.09374
-4.65923, -2.13555, 731.83698, 93.85853, -3.22776, 10.09374
-3.95595, -2.84740, 734.89906, 93.85853, -3.68886, 10.09374
-3.95595, -2.84740, 731.83698, 93.32826, -3.68886, 10.09374
-4.65923, -2.84740, 734.89906, 93.85853, -3.22776, 10.55254
-4.65923, -2.84740, 734.89906, 93.85853, -3.68886, 10.32314
-3.95595, -2.84740, 731.83698, 93.85853, -3.68886, 10.09374
-3.25267, -2.13555, 731.83698, 93.32826, -3.68886, 10.32314
-4.65923, -2.84740, 731.83698, 93.85853, -3.68886, 10.32314
-5.36250, -2.84740, 731.83698, 93.32826, -3.68886, 10.32314
-5.36250, -2.84740, 734.89906, 93.85853, -3.68886, 10.32314
-5.36250, -2.13555, 731.83698, 93.85853, -4.14997, 10.32314
-4.65923, -2.84740, 734.89906, 93.32826, -4.61108, 10.32314
-3.95595, -4.27110, 734.89906, 93.32826, -4.61108, 10.09374
-3.25267, -3.55925, 734.89906, 92.79799, -4.61108, 10.09374
-3.25267, -3.55925, 731.83698, 93.32826, -5.07219, 10.09374
-3.95595, -2.84740, 731.83698, 93.32826, -5.07219, 10.09374
-3.25267, -3.55925, 731.83698, 92.79799, -5.99440, 10.09374
-3.25267, -4.27110, 734.89906, 91.73744, -5.99440,  9.86434
-4.65923, -5.69480, 731.83698, 91.20716, -5.99440, 10.09374
-4.65923, -5.69480, 734.89906, 91.73744, -5.99440, 10.55254
-3.95595, -4.98295, 731.83698, 91.73744, -6.45551, 10.32314
-3.25267, -4.98295, 731.83698, 92.26771, -6.91662, 10.09374
-3.25267, -4.27110, 731.83698, 92.26771, -6.91662,  9.86434
-3.95595, -3.55925, 731.83698, 92.79799, -6.91662,  9.86434
-4.65923, -2.84740, 731.83698, 93.85853, -6.91662, 10.09374
-3.95595, -2.84740, 731.83698, 94.38881, -6.91662, 10.09374
-3.25267, -2.84740, 734.89906, 94.91908, -7.83884,  9.86434
-3.25267, -2.13555, 734.89906, 94.91908, -7.83884,  9.86434
-2.54939, -2.13555, 734.89906, 94.38881, -8.29994,  9.63493
-2.54939, -2.84740, 734.89906, 94.38881, -8.76105,  9.86434
-3.25267, -2.84740, 731.83698, 93.85853, -9.22216,  9.63493
-3.25267, -2.84740, 731.83698, 93.32826, -9.22216,  9.63493
-3.25267, -3.55925, 731.83698, 92.79799, -9.68327,  9.63493
-2.54939, -4.98295, 725.71282, 91.20716, -10.14438,  9.63493
-1.84611, -6.40665, 731.83698, 90.14661, -10.14438, 10.09374
-1.84611, -7.11850, 731.83698, 89.61634, -10.60548, 10.32314
-1.14283, -7.11850, 734.89906, 89.08607, -10.60548, 10.32314
-0.43955, -7.11850, 734.89906, 89.61634, -11.06659, 10.09374
-1.14283, -6.40665, 731.83698, 90.67689, -11.06659,  9.86434
-1.14283, -5.69480, 731.83698, 91.73744, -10.60548,  9.63493
-1.14283, -4.27110, 731.83698, 93.32826, -10.14438,  9.86434
-1.14283, -2.13555, 731.83698, 94.91908, -10.14438,  9.86434
-1.14283, -0.71185, 731.83698, 95.97963, -10.14438,  9.63493
-3.25267,  0.00000, 734.89906, 96.50990, -9.68327,  9.63493
-3.95595, -0.71185, 731.83698, 96.50990, -9.22216,  9.63493
-3.95595, -0.71185, 731.83698, 97.04018, -9.22216,  9.63493
-3.95595,  0.00000, 734.89906, 97.57045, -9.22216,  9.86434
-2.54939, -0.71185, 731.83698, 97.04018, -9.68327,  9.63493
-1.84611, -1.42370, 731.83698, 95.97963, -9.68327,  9.63493
-1.84611, -2.13555, 731.83698, 94.91908, -10.14438,  9.63493
-1.84611, -2.84740, 731.83698, 95.44936, -9.68327,  9.63493
-1.14283, -3.55925, 734.89906, 94.38881, -9.68327,  9.86434
-1.14283, -2.84740, 731.83698, 93.85853, -9.68327,  9.86434
-1.84611, -3.55925, 731.83698, 92.79799, -9.68327,  9.63493
-3.25267, -3.55925, 728.77490, 92.26771, -9.22216, 10.09374
-3.95595, -4.27110, 731.83698, 92.26771, -8.29994, 10.32314
-4.65923, -4.27110, 731.83698, 91.73744, -8.29994, 10.32314
-3.95595, -4.27110, 731.83698, 91.73744, -8.29994, 10.32314
-3.25267, -4.98295, 731.83698, 91.20716, -8.76105, 10.32314
-3.25267, -6.40665, 731.83698, 91.20716, -8.29994, 10.09374
-3.25267, -6.40665, 734.89906, 91.20716, -8.29994, 10.09374
-2.54939, -5.69480, 734.89906, 91.20716, -8.29994, 10.32314
-1.84611, -4.98295, 734.89906, 91.20716, -8.76105, 10.32314
-3.25267, -5.69480, 734.89906, 90.67689, -8.76105,  9.86434
-3.25267, -5.69480, 734.89906, 91.20716, -7.83884, 10.09374
