
-4.21968, -1.42370, 869.63056, -8.48439,  0.17292, 11.92896
-4.21968, -1.42370, 869.63056, -7.95411,  0.17292, 11.92896
-4.21968, -0.71185, 869.63056, -7.95411, -0.28819, 11.92896
-4.21968, -0.71185, 869.63056, -7.42384, -0.28819, 11.92896
-4.21968,  0.00000, 869.63056, -6.89356, -0.28819, 11.92896
-4.21968,  0.00000, 869.63056, -6.36329, -0.28819, 11.92896
-3.51640,  0.00000, 869.63056, -6.36329, -0.28819, 12.15837
-3.51640, -0.71185, 869.63056, -5.83302, -0.28819, 12.15837
-4.21968,  0.00000, 869.63056, -5.30274, -0.28819, 12.15837
-4.21968,  0.71185, 872.69264, -4.24219, -0.74930, 12.15837
-4.21968,  0.71185, 869.63056, -4.24219, -0.28819, 12.15837
-4.21968,  0.71185, 869.63056, -3.71192, -0.28819, 12.15837
-4.21968,  0.71185, 869.63056, -3.71192, -0.28819, 12.15837
-4.21968,  1.42370, 866.56848, -3.71192, -0.28819, 12.15837
-4.21968,  0.71185, 869.63056, -3.71192, -0.28819, 12.15837
-4.21968,  1.42370, 869.63056, -3.18165, -0.28819, 11.92896
-4.21968,  2.13555, 866.56848, -3.18165,  0.17292, 11.69956
-4.92295,  1.42370, 869.63056, -3.18165,  0.17292, 11.69956
-4.92295,  0.71185, 866.56848, -3.18165,  0.63402, 11.69956
-4.92295,  0.00000, 869.63056, -4.24219,  0.17292, 11.69956
-4.92295,  0.71185, 869.63056, -4.24219,  0.63402, 11.69956
-4.92295,  0.00000, 869.63056, -4.24219,  1.09513, 11.69956
-4.92295,  0.00000, 869.63056, -4.77247,  1.09513, 11.69956
-4.92295, -0.71185, 872.69264, -4.77247,  0.63402, 11.69956
-4.92295, -1.42370, 872.69264, -5.30274,  1.09513, 11.69956
-4.92295, -1.42370, 869.63056, -5.30274,  1.09513, 11.69956
-4.92295, -1.42370, 869.63056, -5.83302,  1.55624, 11.92896
-4.92295, -0.71185, 872.69264, -6.36329,  1.09513, 11.69956
-4.92295, -0.71185, 869.63056, -5.83302,  1.09513, 11.69956
-4.92295,  0.00000, 869.63056, -5.83302,  1.09513, 11.69956
-4.21968,  0.00000, 869.63056, -5.83302,  1.09513, 11.47016
-3.51640,  0.71185, 866.56848, -5.30274,  1.55624, 11.69956
-4.21968,  0.00000, 869.63056, -4.77247,  1.09513, 11.69956
-3.51640, -0.71185, 869.63056, -5.30274,  1.09513, 11.92896
-3.51640, -0.71185, 869.63056, -5.83302,  1.09513, 11.92896
-4.21968, -2.13555, 872.69264, -6.36329,  1.55624, 12.15837
-4.21968, -4.27110, 875.75472, -7.95411,  2.47846, 12.15837
-5.62623, -6.40665, 878.81680, -9.01466,  3.40067, 12.38777
-7.03279, -7.11850, 872.69264, -10.07521,  3.40067, 12.15837
-7.03279, -7.11850, 866.56848, -9.54494,  3.86178, 11.92896
-7.73607, -5.69480, 863.50640, -9.54494,  4.78400, 12.15837
-7.73607, -4.98295, 863.50640, -9.01466,  4.78400, 11.92896
-7.73607, -4.27110, 863.50640, -9.01466,  5.24510, 12.15837
-7.73607, -3.55925, 860.44432, -7.95411,  4.78400, 11.92896
-7.03279, -2.84740, 863.50640, -6.89356,  4.78400, 11.92896
-5.62623, -2.13555, 869.63056, -6.89356,  4.32289, 11.92896
-4.92295, -2.13555, 875.75472, -7.42384,  4.32289, 11.92896
-4.92295, -2.84740, 878.81680, -6.89356,  4.78400, 12.15837
-6.32951, -3.55925, 872.69264, -6.36329,  4.32289, 12.15837
-7.03279, -2.84740, 875.75472, -5.83302,  4.32289, 11.92896
-7.03279, -1.42370, 875.75472, -4.77247,  5.24510, 11.92896
-7.73607, -0.71185, 872.69264, -4.24219,  4.78400, 11.69956
-7.73607,  0.71185, 866.56848, -3.18165,  4.78400, 11.69956
-7.03279,  1.42370, 863.50640, -1.59082,  4.32289, 11.69956
-6.32951,  2.13555, 863.50640, -0.53027,  4.32289, 11.47016
-5.62623,  2.13555, 863.50640,  0.00000,  3.86178, 11.47016
-4.92295,  2.84740, 866.56848,  1.06055,  3.40067, 11.47016
-4.92295,  3.55925, 869.63056,  1.59082,  2.93956, 11.24075
-4.92295,  4.98295, 866.56848,  3.18165,  2.47846, 11.24075
-4.21968,  5.69480, 866.56848,  4.24219,  2.01735, 11.24075
-2.10984,  7.11850, 872.69264,  4.77247,  1.09513, 11.24075
-2.10984,  6.40665, 875.75472,  5.30274,  0.63402, 11.24075
-2.10984,  5.69480, 875.75472,  5.30274,  0.63402, 11.47016
-2.10984,  4.98295, 875.75472,  4.77247,  0.63402, 11.47016
-2.81312,  3.55925, 875.75472,  4.77247,  1.09513, 11.69956
-3.51640,  2.13555, 875.75472,  3.71192,  1.55624, 11.47016
-3.51640,  2.13555, 875.75472,  3.18165,  2.01735, 11.69956
-4.21968,  1.42370, 872.69264,  2.65137,  2.93956, 11.69956
-4.92295,  1.42370, 869.63056,  2.12110,  3.86178, 11.92896
-4.92295,  1.42370, 866.56848,  1.06055,  4.32289, 12.15837
-5.62623,  1.42370, 869.63056,  1.06055,  4.78400, 12.15837
-6.32951,  2.13555, 869.63056,  0.53027,  5.70621, 12.15837
-6.32951,  1.42370, 869.63056,  0.00000,  6.16732, 12.15837
-7.73607,  0.00000, 869.63056,  0.00000,  6.16732, 12.38777
-7.73607, -0.71185, 872.69264, -0.53027,  6.62843, 12.15837
-7.73607, -1.42370, 872.69264, -1.06055,  7.08954, 12.38777
-7.73607, -2.13555, 872.69264, -1.59082,  7.08954, 12.38777
-7.03279, -2.13555, 872.69264, -1.59082,  6.62843, 12.38777
-7.03279, -2.13555, 872.69264, -1.59082,  6.62843, 12.38777
-7.03279, -2.13555, 869.63056, -1.59082,  6.62843, 12.15837
-7.03279, -1.42370, 869.63056, -1.59082,  6.62843, 12.15837
-6.32951, -0.71185, 869.63056, -1.06055,  6.16732, 12.15837
-5.62623, -0.71185, 866.56848, -1.06055,  5.70621, 11.92896
-5.62623, -0.71185, 869.63056, -1.06055,  5.24510, 11.92896
-4.92295, -1.42370, 869.63056, -1.06055,  5.24510, 11.92896
-4.92295, -0.71185, 869.63056, -1.06055,  4.32289, 11.92896
-4.92295, -0.71185, 869.63056, -1.06055,  4.32289, 11.92896
-4.21968, -0.71185, 869.63056, -1.06055,  4.32289, 11.92896
-4.21968, -0.71185, 872.69264, -1.06055,  3.86178, 11.92896
-4.21968, -0.71185, 869.63056, -1.06055,  3.86178, 11.69956
-4.21968,  0.00000, 869.63056, -1.06055,  3.86178, 11.69956
-4.92295,  0.00000, 866.56848, -1.06055,  3.86178, 11.69956
-4.21968,  0.00000, 866.56848, -1.06055,  3.86178, 11.92896
-4.92295,  0.00000, 869.63056, -1.06055,  4.32289, 11.92896
-4.92295,  0.00000, 872.69264, -1.59082,  3.86178, 11.92896
-4.92295,  0.00000, 872.69264, -1.59082,  4.32289, 12.15837
-4.21968,  0.00000, 872.69264, -2.12110,  4.32289, 12.15837
-4.92295,  0.00000, 872.69264, -2.12110,  4.78400, 12.15837
-4.92295,  0.00000, 872.69264, -2.65137,  5.24510, 12.15837
-4.92295,  0.71185, 872.69264, -2.12110,  5.70621, 12.38777
-5.62623,  0.71185, 872.69264, -2.65137,  5.70621, 12.15837
-5.62623,  0.00000, 872.69264, -2.65137,  6.16732, 12.15837
-5.62623,  0.00000, 869.63056, -3.18165,  6.62843, 12.15837
-6.32951,  0.00000, 869.63056, -3.18165,  6.62843, 11.92896
-6.32951, -0.71185, 866.56848, -3.71192,  7.08954, 11.92896
-6.32951, -0.71185, 869.63056, -3.71192,  7.08954, 11.92896
-6.32951, -0.71185, 872.69264, -3.71192,  7.08954, 11.92896
-6.32951, -1.42370, 872.69264, -4.24219,  7.55064, 11.92896
-6.32951, -1.42370, 872.69264, -4.77247,  8.01175, 11.92896
-6.32951, -2.13555, 872.69264, -4.77247,  7.55064, 12.15837
-6.32951, -2.13555, 872.69264, -4.77247,  8.01175, 11.69956
-6.32951, -2.13555, 872.69264, -4.77247,  8.01175, 11.92896
-6.32951, -2.13555, 872.69264, -5.30274,  8.01175, 11.69956
-6.32951, -2.13555, 872.69264, -5.30274,  8.01175, 11.92896
-6.32951, -2.13555, 869.63056, -5.83302,  8.01175, 11.92896
-6.32951, -2.13555, 869.63056, -5.30274,  8.47286, 11.69956
-6.32951, -2.13555, 872.69264, -5.30274,  8.47286, 11.92896
-6.32951, -2.84740, 872.69264, -5.30274,  8.47286, 11.92896
-6.32951, -2.13555, 872.69264, -5.83302,  8.01175, 11.69956
-6.32951, -2.13555, 872.69264, -5.83302,  8.47286, 11.92896
-6.32951, -2.13555, 872.69264, -5.83302,  8.47286, 11.92896
-6.32951, -2.84740, 872.69264, -5.83302,  8.47286, 11.92896
-6.32951, -2.13555, 872.69264, -5.30274,  8.47286, 11.92896
-6.32951, -1.42370, 869.63056, -5.30274,  8.47286, 11.69956
-5.62623, -2.13555, 869.63056, -5.30274,  8.47286, 11.92896
-6.32951, -2.13555, 869.63056, -5.83302,  8.93397, 11.69956
-5.62623, -2.13555, 869.63056, -5.30274,  8.47286, 11.69956
-5.62623, -2.13555, 872.69264, -5.30274,  8.47286, 11.69956
-5.62623, -2.84740, 872.69264, -5.83302,  8.47286, 11.92896
-5.62623, -2.84740, 872.69264, -5.30274,  8.47286, 11.92896
-5.62623, -2.13555, 872.69264, -5.30274,  8.01175, 11.92896
-5.62623, -1.42370, 872.69264, -4.77247,  8.01175, 11.92896
-5.62623, -1.42370, 872.69264, -4.24219,  8.01175, 11.92896
-5.62623, -1.42370, 869.63056, -4.24219,  8.01175, 12.15837
-5.62623, -0.71185, 872.69264, -3.71192,  8.01175, 12.15837
-5.62623, -0.71185, 872.69264, -4.24219,  7.55064, 11.92896
-5.62623, -0.71185, 869.63056, -3.18165,  7.08954, 12.15837
-5.62623,  0.00000, 872.69264, -3.18165,  7.08954, 12.15837
-5.62623, -0.71185, 872.69264, -2.65137,  7.08954, 12.15837
-5.62623,  0.00000, 869.63056, -2.12110,  7.08954, 12.15837
-5.62623, -0.71185, 872.69264, -2.12110,  7.08954, 12.15837
-6.32951,  0.00000, 872.69264, -2.12110,  7.08954, 12.15837
-5.62623,  0.00000, 872.69264, -1.59082,  7.08954, 12.15837
-6.32951,  0.00000, 869.63056, -1.06055,  7.55064, 11.92896
-5.62623,  0.00000, 869.63056, -1.06055,  7.55064, 12.15837
-6.32951,  0.00000, 869.63056, -1.06055,  7.55064, 12.15837
-5.62623,  0.00000, 872.69264, -1.06055,  7.55064, 12.15837
-5.62623,  0.00000, 872.69264, -0.53027,  7.55064, 12.15837
-5.62623,  0.71185, 872.69264, -0.53027,  7.55064, 11.92896
-6.32951,  0.00000, 869.63056, -0.53027,  7.55064, 11.92896
-6.32951, -0.71185, 869.63056, -0.53027,  7.55064, 11.92896
-6.32951, -0.71185, 872.69264, -1.06055,  7.08954, 11.92896
-6.32951, -0.71185, 872.69264, -0.53027,  7.55064, 11.92896
-6.32951, -0.71185, 872.69264, -0.53027,  7.08954, 11.92896
-6.32951, -0.71185, 872.69264, -0.53027,  7.08954, 11.92896
-6.32951,  0.00000, 869.63056, -1.06055,  7.08954, 12.15837
-6.32951,  0.00000, 872.69264, -0.53027,  7.08954, 12.15837
-6.32951,  0.00000, 869.63056, -0.53027,  7.08954, 12.15837
-6.32951,  0.71185, 869.63056, -0.53027,  6.62843, 11.92896
-6.32951,  0.00000, 866.56848,  0.00000,  6.62843, 11.92896
-6.32951,  0.00000, 869.63056, -0.53027,  6.62843, 12.15837
-6.32951, -0.71185, 872.69264, -0.53027,  6.62843, 12.15837
-6.32951, -0.71185, 872.69264, -0.53027,  6.62843, 12.15837
-5.62623, -0.71185, 872.69264, -0.53027,  6.16732, 12.15837
-5.62623, -0.71185, 872.69264, -0.53027,  6.16732, 12.15837
-5.62623, -0.71185, 872.69264, -0.53027,  5.70621, 12.15837
-6.32951, -0.71185, 872.69264,  0.00000,  6.16732, 12.15837
-5.62623,  0.00000, 869.63056,  0.00000,  5.70621, 11.92896
-5.62623,  0.00000, 869.63056,  0.00000,  5.70621, 12.15837
-5.62623,  0.00000, 872.69264,  0.00000,  5.70621, 11.92896
-5.62623,  0.00000, 869.63056, -0.53027,  5.70621, 11.92896
-5.62623, -0.71185, 872.69264, -0.53027,  5.70621, 12.15837
-5.62623, -0.71185, 869.63056, -0.53027,  5.70621, 12.15837
-5.62623, -0.71185, 872.69264, -0.53027,  5.70621, 12.15837
-5.62623, -0.71185, 872.69264, -0.53027,  5.24510, 12.15837
-4.92295, -0.71185, 872.69264, -0.53027,  5.24510, 12.15837
-4.92295, -0.71185, 875.75472,  0.00000,  5.70621, 12.15837
-4.92295, -0.71185, 872.69264,  0.00000,  5.70621, 11.92896
-5.62623, -0.71185, 869.63056, -0.53027,  5.24510, 12.15837
-4.92295, -0.71185, 872.69264,  0.00000,  5.70621, 12.15837
-4.92295,  0.00000, 872.69264, -0.53027,  5.70621, 12.15837
-5.62623,  0.00000, 872.69264,  0.53027,  6.62843, 11.92896
-5.62623, -0.71185, 872.69264,  0.00000,  6.62843, 11.92896
-6.32951, -0.71185, 872.69264,  0.00000,  6.62843, 11.92896
-5.62623, -0.71185, 872.69264,  0.00000,  7.08954, 11.69956
-6.32951, -0.71185, 872.69264,  0.00000,  6.62843, 11.69956
-6.32951, -0.71185, 872.69264,  0.00000,  6.62843, 11.69956
-6.32951, -0.71185, 872.69264,  0.00000,  6.62843, 11.69956
-6.32951, -0.71185, 872.69264,  0.00000,  6.62843, 11.69956
-6.32951, -0.71185, 872.69264,  0.00000,  6.62843, 11.92896
-5.62623, -0.71185, 872.69264,  0.00000,  6.16732, 11.92896
-6.32951, -0.71185, 872.69264, -0.53027,  5.70621, 11.92896
-6.32951, -0.71185, 872.69264, -0.53027,  5.70621, 12.15837
-5.62623, -0.71185, 869.63056,  0.00000,  5.70621, 11.92896
-6.32951, -0.71185, 869.63056, -0.53027,  5.24510, 12.15837
-6.32951, -0.71185, 872.69264,  0.00000,  4.78400, 12.15837
-5.62623, -1.42370, 872.69264, -0.53027,  4.32289, 12.15837
-5.62623, -1.42370, 875.75472, -0.53027,  4.32289, 12.15837
-5.62623, -1.42370, 872.69264, -0.53027,  3.86178, 12.15837
-4.92295, -1.42370, 875.75472,  0.00000,  3.40067, 12.15837
-4.92295, -0.71185, 872.69264,  0.00000,  2.93956, 11.92896
-4.92295, -0.71185, 872.69264,  0.00000,  2.47846, 11.92896
-4.21968,  0.00000, 872.69264,  0.53027,  2.47846, 11.92896
-4.21968,  0.00000, 872.69264,  0.53027,  2.01735, 11.92896
-4.21968,  0.00000, 872.69264,  1.06055,  2.01735, 11.92896
-4.21968,  0.71185, 872.69264,  0.53027,  1.55624, 11.69956
-4.92295,  0.71185, 872.69264,  1.06055,  1.55624, 11.92896
-4.21968,  0.00000, 872.69264,  0.53027,  1.09513, 11.69956
-4.21968,  0.00000, 872.69264,  1.06055,  1.09513, 11.92896
-4.21968,  0.00000, 872.69264,  1.06055,  1.09513, 11.92896
-4.21968,  0.00000, 872.69264,  0.53027,  1.09513, 12.15837
-4.21968, -0.71185, 872.69264,  1.06055,  0.63402, 11.92896
-4.92295,  0.00000, 872.69264,  1.06055,  0.63402, 12.15837
-4.92295,  0.00000, 872.69264,  1.06055,  0.63402, 12.15837
-4.21968,  0.00000, 872.69264,  1.06055,  1.09513, 12.15837
-4.21968,  0.00000, 872.69264,  1.06055,  0.63402, 12.15837
-4.21968,  0.00000, 872.69264,  0.53027,  1.09513, 12.38777
-4.21968,  0.00000, 872.69264,  0.53027,  0.63402, 12.15837
-4.21968, -0.71185, 872.69264,  0.00000,  0.63402, 12.15837
-4.21968, -0.71185, 869.63056,  0.00000,  0.63402, 12.15837
-4.21968, -0.71185, 872.69264,  0.00000,  0.17292, 12.15837
-4.21968, -1.42370, 872.69264, -1.06055,  0.17292, 12.15837
-4.21968, -1.42370, 872.69264, -1.06055,  0.17292, 12.15837
-4.21968, -1.42370, 872.69264, -1.06055, -0.28819, 11.92896
-4.21968, -1.42370, 872.69264, -1.06055,  0.17292, 11.92896
-4.92295, -0.71185, 869.63056, -1.59082,  0.17292, 11.92896
-4.21968, -2.13555, 869.63056, -1.59082,  0.17292, 12.15837
-4.21968, -1.42370, 872.69264, -2.12110,  0.63402, 12.15837
-4.92295, -2.13555, 872.69264, -2.12110,  0.63402, 11.92896
-4.92295, -2.13555, 872.69264, -2.12110,  0.63402, 12.15837
-4.92295, -2.84740, 872.69264, -2.65137,  1.09513, 12.15837
-4.92295, -2.13555, 872.69264, -2.65137,  1.09513, 11.92896
-5.62623, -2.84740, 872.69264, -2.65137,  1.55624, 12.15837
-5.62623, -2.84740, 872.69264, -3.18165,  2.01735, 12.15837
-5.62623, -2.84740, 872.69264, -2.65137,  2.01735, 12.15837
-6.32951, -2.13555, 872.69264, -2.65137,  2.93956, 11.92896
-5.62623, -1.42370, 872.69264, -2.65137,  2.47846, 12.15837
-5.62623, -2.13555, 872.69264, -2.12110,  2.93956, 12.15837
-5.62623, -1.42370, 872.69264, -2.65137,  2.93956, 11.92896
-6.32951, -2.13555, 872.69264, -2.65137,  2.47846, 11.92896
-5.62623, -1.42370, 872.69264, -2.65137,  2.47846, 11.92896
-5.62623, -1.42370, 872.69264, -2.12110,  2.01735, 11.92896
-5.62623, -2.13555, 872.69264, -2.12110,  2.01735, 11.92896
-5.62623, -2.13555, 872.69264, -2.12110,  2.01735, 11.69956
-5.62623, -2.13555, 869.63056, -2.12110,  2.01735, 11.92896
-5.62623, -2.13555, 869.63056, -2.12110,  2.01735, 11.69956
-6.32951, -2.13555, 872.69264, -2.12110,  1.55624, 11.92896
-5.62623, -2.13555, 872.69264, -2.12110,  2.01735, 11.92896
-5.62623, -2.13555, 872.69264, -1.59082,  2.01735, 11.92896
-5.62623, -2.13555, 872.69264, -1.59082,  1.55624, 12.15837
-5.62623, -2.13555, 875.75472, -1.59082,  1.55624, 12.15837
-4.92295, -2.13555, 872.69264, -1.59082,  2.01735, 12.15837
-4.92295, -2.13555, 872.69264, -1.06055,  1.55624, 12.15837
-4.92295, -2.13555, 872.69264, -1.06055,  1.55624, 12.15837
-4.92295, -2.13555, 872.69264, -1.06055,  1.55624, 11.92896
-5.62623, -2.13555, 872.69264, -1.06055,  1.55624, 11.92896
-5.62623, -1.42370, 872.69264, -0.53027,  1.55624, 12.15837
-5.62623, -2.13555, 872.69264,  0.00000,  1.55624, 11.92896
-4.92295, -1.42370, 869.63056,  0.53027,  1.55624, 11.92896
-4.92295, -0.71185, 872.69264,  0.53027,  1.09513, 11.92896
-5.62623, -0.71185, 869.63056,  1.06055,  1.55624, 11.92896
-5.62623, -0.71185, 869.63056,  1.59082,  1.55624, 11.92896
-4.92295, -1.42370, 869.63056,  1.06055,  1.09513, 11.92896
-4.92295, -1.42370, 872.69264,  1.59082,  1.55624, 12.15837
-5.62623, -1.42370, 872.69264,  1.59082,  1.55624, 11.92896
-4.92295, -0.71185, 872.69264,  2.12110,  1.09513, 11.92896
-4.92295, -0.71185, 872.69264,  1.59082,  1.09513, 11.92896
-4.92295, -0.71185, 872.69264,  2.65137,  1.09513, 12.15837
-5.62623, -0.71185, 872.69264,  2.65137,  1.09513, 11.92896
-4.92295, -0.71185, 872.69264,  2.65137,  1.09513, 12.15837
-4.92295, -0.71185, 872.69264,  2.65137,  1.09513, 11.92896
-4.92295,  0.00000, 869.63056,  3.18165,  1.09513, 11.92896
-4.92295, -0.71185, 869.63056,  3.18165,  1.09513, 12.15837
-4.92295,  0.00000, 872.69264,  3.71192,  1.55624, 11.92896
-4.92295, -0.71185, 872.69264,  3.71192,  1.55624, 12.15837
-4.21968,  0.00000, 869.63056,  4.24219,  1.55624, 12.15837
-4.92295,  0.00000, 875.75472,  4.24219,  2.01735, 11.92896
-5.62623,  0.00000, 872.69264,  4.24219,  2.01735, 11.92896
-5.62623,  0.00000, 872.69264,  5.30274,  2.01735, 12.15837
-5.62623,  0.71185, 872.69264,  4.77247,  2.47846, 11.92896
-4.92295,  0.71185, 872.69264,  5.30274,  2.47846, 11.92896
-4.92295,  0.71185, 869.63056,  5.30274,  2.47846, 11.92896
-4.92295,  0.71185, 872.69264,  5.30274,  2.93956, 12.15837
-6.32951,  0.71185, 872.69264,  5.83302,  2.93956, 12.15837
-6.32951,  0.71185, 872.69264,  5.83302,  3.40067, 12.15837
-5.62623,  0.00000, 872.69264,  5.83302,  3.40067, 12.15837
-6.32951,  0.71185, 872.69264,  5.30274,  3.86178, 12.15837
-5.62623,  0.00000, 872.69264,  5.30274,  3.40067, 12.38777
-6.32951,  0.00000, 872.69264,  5.30274,  3.40067, 12.15837
-5.62623,  0.00000, 872.69264,  5.30274,  3.86178, 12.15837
-6.32951, -0.71185, 869.63056,  5.30274,  3.86178, 12.15837
-6.32951, -0.71185, 872.69264,  4.77247,  3.86178, 12.15837
-6.32951,  0.00000, 869.63056,  4.77247,  3.40067, 12.38777
-6.32951, -0.71185, 869.63056,  4.77247,  3.86178, 12.15837
-5.62623, -0.71185, 872.69264,  5.30274,  3.40067, 12.15837
-5.62623, -0.71185, 869.63056,  5.30274,  3.86178, 12.15837
-5.62623, -0.71185, 872.69264,  5.30274,  3.40067, 12.15837
-4.92295, -0.71185, 872.69264,  4.77247,  3.86178, 12.15837
-5.62623, -0.71185, 872.69264,  5.30274,  3.40067, 12.15837
-5.62623, -0.71185, 869.63056,  5.83302,  3.40067, 11.92896
-4.92295,  0.00000, 872.69264,  5.83302,  3.40067, 12.15837
-5.62623,  0.00000, 872.69264,  5.83302,  3.86178, 12.15837
-4.92295,  0.00000, 872.69264,  5.83302,  3.86178, 12.15837
-5.62623,  0.00000, 872.69264,  6.36329,  3.86178, 12.15837
-5.62623,  0.00000, 872.69264,  5.83302,  3.86178, 12.15837
-4.92295,  0.00000, 869.63056,  6.36329,  4.32289, 12.15837
-4.92295,  0.71185, 872.69264,  6.36329,  4.32289, 12.15837
-5.62623,  0.71185, 872.69264,  6.36329,  4.78400, 12.15837
-5.62623,  0.71185, 869.63056,  6.36329,  4.78400, 12.15837
-5.62623,  0.00000, 872.69264,  6.36329,  4.78400, 12.15837
-4.92295,  0.00000, 872.69264,  5.83302,  4.78400, 12.15837
-5.62623, -0.71185, 872.69264,  5.83302,  4.78400, 12.15837
-5.62623, -0.71185, 872.69264,  6.36329,  5.24510, 11.92896
-5.62623,  0.00000, 872.69264,  5.83302,  5.24510, 12.15837
-6.32951,  0.00000, 872.69264,  5.83302,  5.24510, 12.15837
-6.32951, -0.71185, 869.63056,  5.30274,  5.70621, 12.15837
-6.32951, -0.71185, 872.69264,  4.77247,  5.70621, 12.15837
-5.62623, -0.71185, 872.69264,  4.77247,  5.70621, 11.92896
-5.62623, -1.42370, 872.69264,  4.24219,  5.24510, 12.15837
-5.62623, -0.71185, 872.69264,  4.24219,  5.70621, 12.15837
-6.32951, -2.13555, 869.63056,  4.24219,  5.70621, 12.15837
-6.32951, -1.42370, 872.69264,  4.24219,  5.70621, 12.15837
-6.32951, -1.42370, 872.69264,  4.24219,  5.70621, 12.15837
-6.32951, -1.42370, 872.69264,  4.24219,  6.16732, 12.15837
-6.32951, -0.71185, 872.69264,  4.77247,  5.70621, 12.15837
-5.62623, -1.42370, 869.63056,  4.77247,  6.16732, 12.15837
-6.32951, -1.42370, 872.69264,  4.24219,  5.70621, 12.15837
-6.32951, -1.42370, 872.69264,  4.77247,  5.70621, 12.15837
-6.32951, -1.42370, 872.69264,  4.77247,  5.70621, 12.15837
-6.32951, -1.42370, 869.63056,  4.77247,  6.16732, 12.15837
-6.32951, -1.42370, 869.63056,  4.77247,  6.16732, 12.38777
-5.62623, -1.42370, 869.63056,  4.77247,  6.16732, 12.15837
-6.32951, -1.42370, 872.69264,  4.77247,  5.70621, 12.15837
-5.62623, -1.42370, 872.69264,  4.77247,  6.16732, 12.15837
-5.62623, -0.71185, 872.69264,  4.77247,  5.70621, 12.15837
-5.62623, -0.71185, 872.69264,  5.30274,  5.70621, 12.15837
-5.62623, -0.71185, 872.69264,  5.30274,  5.70621, 12.15837
-5.62623, -0.71185, 872.69264,  5.30274,  5.70621, 12.15837
-4.92295,  0.00000, 872.69264,  5.83302,  6.16732, 12.15837
-4.92295, -0.71185, 872.69264,  5.83302,  6.16732, 12.15837
-4.92295, -0.71185, 872.69264,  5.83302,  6.16732, 12.15837
-4.92295, -0.71185, 875.75472,  5.83302,  5.70621, 12.15837
-5.62623,  0.00000, 872.69264,  5.83302,  6.16732, 12.15837
-5.62623, -0.71185, 872.69264,  5.83302,  6.16732, 12.15837
-5.62623,  0.00000, 872.69264,  5.83302,  5.70621, 12.15837
-4.92295,  0.00000, 872.69264,  5.83302,  6.16732, 12.15837
-4.92295,  0.00000, 872.69264,  5.83302,  6.16732, 12.15837
-5.62623,  0.00000, 875.75472,  5.83302,  5.70621, 11.92896
-4.92295,  0.71185, 872.69264,  5.83302,  5.70621, 12.15837
-5.62623,  0.00000, 872.69264,  5.83302,  6.16732, 12.15837
-5.62623,  0.00000, 872.69264,  5.30274,  5.70621, 12.15837
-5.62623,  0.00000, 872.69264,  5.83302,  6.16732, 12.15837
-4.92295,  0.00000, 872.69264,  5.83302,  6.16732, 12.15837
-4.92295,  0.00000, 872.69264,  5.83302,  6.16732, 11.92896
-4.92295,  0.00000, 872.69264,  5.83302,  5.70621, 12.15837
-4.92295,  0.00000, 872.69264,  5.83302,  5.70621, 12.15837
-4.21968,  0.00000, 872.69264,  5.30274,  5.70621, 11.92896
-4.92295, -0.71185, 872.69264,  5.30274,  5.70621, 12.15837
-4.92295, -0.71185, 875.75472,  4.77247,  5.70621, 12.15837
-4.92295, -0.71185, 875.75472,  5.30274,  5.70621, 11.92896
-4.92295, -1.42370, 875.75472,  4.77247,  5.70621, 12.15837
-4.92295, -0.71185, 875.75472,  4.77247,  5.24510, 12.15837
-4.21968,  0.00000, 875.75472,  4.77247,  5.24510, 12.15837
-4.21968,  0.00000, 872.69264,  4.77247,  4.78400, 12.38777
-4.21968,  0.00000, 872.69264,  4.77247,  5.24510, 12.38777
-4.92295,  0.00000, 872.69264,  4.77247,  4.78400, 12.38777
-4.92295, -0.71185, 869.63056,  4.77247,  4.78400, 12.15837
-4.21968, -0.71185, 875.75472,  4.24219,  4.32289, 12.15837
-4.92295, -1.42370, 872.69264,  3.71192,  4.78400, 12.15837
-4.21968, -1.42370, 875.75472,  4.24219,  4.32289, 12.15837
-4.21968, -1.42370, 872.69264,  3.71192,  4.32289, 12.15837
-4.92295, -1.42370, 872.69264,  3.71192,  4.32289, 12.15837
-4.92295, -0.71185, 872.69264,  3.71192,  4.78400, 11.92896
-4.92295, -1.42370, 875.75472,  3.18165,  4.32289, 11.92896
-4.21968, -1.42370, 872.69264,  3.18165,  4.32289, 11.92896
-4.21968, -2.13555, 869.63056,  3.18165,  4.32289, 12.15837
-4.21968, -1.42370, 872.69264,  3.18165,  4.32289, 12.15837
-4.21968, -2.13555, 869.63056,  2.65137,  3.86178, 11.92896
-4.21968, -2.13555, 875.75472,  2.65137,  4.32289, 12.15837
-4.92295, -2.13555, 872.69264,  2.65137,  3.86178, 11.92896
-4.21968, -1.42370, 872.69264,  2.65137,  4.32289, 12.15837
-4.21968, -1.42370, 872.69264,  3.18165,  3.86178, 12.15837
-4.92295, -0.71185, 872.69264,  3.18165,  3.86178, 12.15837
-4.92295, -0.71185, 872.69264,  3.18165,  3.86178, 12.15837
-4.92295, -0.71185, 872.69264,  3.71192,  3.86178, 12.15837
-4.92295, -0.71185, 869.63056,  3.71192,  3.86178, 12.15837
-4.92295, -1.42370, 872.69264,  3.18165,  3.86178, 12.15837
-4.92295, -1.42370, 872.69264,  3.71192,  3.40067, 11.92896
-4.92295, -1.42370, 872.69264,  3.18165,  3.40067, 12.15837
-4.21968, -1.42370, 872.69264,  3.18165,  3.40067, 12.15837
-4.21968, -1.42370, 872.69264,  3.18165,  3.40067, 12.15837
-4.92295, -0.71185, 872.69264,  3.18165,  3.40067, 12.15837
-4.92295, -0.71185, 872.69264,  3.18165,  3.40067, 12.15837
-4.92295,  0.00000, 869.63056,  3.71192,  3.40067, 12.15837
-4.92295,  0.00000, 872.69264,  3.71192,  3.40067, 12.38777
-4.92295, -0.71185, 872.69264,  3.71192,  3.40067, 12.15837
-4.92295,  0.00000, 872.69264,  3.71192,  2.93956, 12.15837
-4.21968,  0.00000, 872.69264,  3.71192,  2.93956, 12.15837
-4.92295, -0.71185, 869.63056,  3.71192,  2.93956, 12.15837
-4.92295, -0.71185, 872.69264,  3.71192,  2.93956, 12.15837
-4.92295,  0.00000, 872.69264,  3.71192,  2.93956, 12.15837
-4.92295, -0.71185, 869.63056,  3.71192,  3.86178, 12.15837
-4.92295, -0.71185, 869.63056,  3.71192,  3.40067, 12.15837
-4.92295, -0.71185, 872.69264,  3.71192,  3.40067, 11.92896
-4.92295, -0.71185, 872.69264,  3.71192,  3.86178, 11.92896
-4.92295, -0.71185, 872.69264,  3.18165,  3.86178, 12.15837
-4.92295, -0.71185, 872.69264,  3.71192,  3.86178, 12.15837
-4.92295, -0.71185, 872.69264,  3.71192,  3.86178, 11.92896
-5.62623, -0.71185, 872.69264,  3.71192,  4.32289, 12.15837
-4.92295, -0.71185, 872.69264,  3.71192,  4.32289, 12.15837
-5.62623,  0.00000, 872.69264,  3.71192,  4.32289, 12.15837
-5.62623, -0.71185, 872.69264,  3.71192,  4.32289, 12.15837
-4.92295, -0.71185, 872.69264,  4.24219,  4.32289, 12.15837
-4.92295,  0.00000, 869.63056,  3.71192,  3.86178, 12.15837
-4.92295,  0.00000, 872.69264,  4.24219,  3.86178, 11.92896
-5.62623,  0.00000, 869.63056,  4.24219,  4.32289, 12.15837
-4.92295, -0.71185, 872.69264,  3.18165,  4.32289, 11.92896
-4.92295, -0.71185, 872.69264,  3.18165,  3.86178, 11.92896
-4.92295, -1.42370, 872.69264,  3.18165,  4.32289, 11.92896
-4.92295, -1.42370, 872.69264,  3.18165,  3.86178, 12.15837
-4.92295, -1.42370, 872.69264,  3.18165,  4.32289, 12.15837
-4.92295, -0.71185, 872.69264,  3.18165,  4.32289, 12.15837
-4.92295, -0.71185, 872.69264,  3.18165,  3.86178, 12.15837
-4.92295, -0.71185, 872.69264,  3.71192,  3.86178, 12.15837
-5.62623, -0.71185, 872.69264,  2.65137,  4.32289, 12.15837
-4.92295, -0.71185, 872.69264,  2.65137,  3.86178, 12.15837
-4.92295, -0.71185, 872.69264,  3.18165,  3.86178, 12.15837
-4.92295, -0.71185, 872.69264,  2.65137,  3.86178, 12.15837
-4.21968, -0.71185, 872.69264,  3.18165,  3.86178, 11.92896
-4.21968,  0.00000, 875.75472,  3.18165,  3.40067, 12.15837
-4.21968, -0.71185, 872.69264,  2.65137,  3.40067, 12.15837
-4.21968, -0.71185, 872.69264,  3.18165,  3.40067, 11.92896
-4.92295,  0.00000, 872.69264,  2.65137,  3.40067, 12.15837
-4.92295,  0.00000, 872.69264,  3.18165,  3.40067, 12.15837
-4.21968,  0.00000, 869.63056,  3.18165,  3.40067, 12.15837
-4.92295, -0.71185, 872.69264,  2.65137,  3.40067, 12.15837
-4.92295,  0.00000, 872.69264,  3.18165,  3.86178, 12.15837
-4.92295,  0.00000, 872.69264,  3.18165,  3.86178, 12.15837
-4.92295,  0.00000, 872.69264,  2.65137,  3.86178, 12.38777
-4.92295,  0.00000, 872.69264,  3.18165,  3.86178, 12.15837
-4.92295,  0.00000, 872.69264,  3.18165,  3.86178, 12.38777
-4.92295,  0.00000, 872.69264,  3.18165,  3.86178, 12.15837
-4.92295,  0.00000, 872.69264,  2.65137,  3.86178, 12.38777
-4.92295,  0.00000, 872.69264,  3.18165,  3.40067, 12.15837
-4.92295,  0.00000, 869.63056,  2.65137,  3.40067, 12.15837
-4.92295, -0.71185, 869.63056,  2.65137,  3.86178, 12.15837
-4.92295, -0.71185, 869.63056,  2.65137,  3.40067, 12.15837
-4.92295, -0.71185, 872.69264,  2.12110,  3.40067, 12.15837
-4.21968, -1.42370, 872.69264,  2.12110,  3.40067, 12.15837
-4.21968, -0.71185, 872.69264,  1.59082,  3.40067, 12.15837
-4.21968, -0.71185, 872.69264,  1.59082,  3.40067, 12.15837
-4.21968, -0.71185, 869.63056,  1.59082,  3.40067, 11.92896
-4.21968, -0.71185, 872.69264,  1.59082,  3.40067, 11.92896
-4.92295, -0.71185, 869.63056,  1.59082,  3.40067, 12.15837
-4.92295, -0.71185, 875.75472,  1.59082,  2.93956, 11.92896
-4.21968, -0.71185, 872.69264,  1.06055,  2.93956, 11.92896
-4.21968, -0.71185, 869.63056,  1.59082,  2.93956, 11.92896
-4.21968, -0.71185, 872.69264,  1.06055,  2.93956, 11.92896
-4.21968, -1.42370, 872.69264,  1.59082,  2.93956, 11.92896
-3.51640, -0.71185, 872.69264,  1.59082,  2.93956, 11.92896
-4.21968, -1.42370, 872.69264,  1.06055,  2.93956, 11.92896
-4.21968, -1.42370, 872.69264,  1.06055,  2.47846, 11.92896
-4.21968, -0.71185, 872.69264,  1.06055,  2.47846, 11.92896
-4.21968, -0.71185, 872.69264,  1.59082,  2.93956, 11.92896
-4.21968, -0.71185, 872.69264,  1.06055,  2.47846, 11.92896
-4.21968, -0.71185, 872.69264,  1.06055,  2.93956, 11.92896
-4.21968, -1.42370, 872.69264,  1.06055,  2.47846, 11.92896
-4.21968, -0.71185, 872.69264,  1.06055,  2.93956, 11.92896
-4.92295, -0.71185, 869.63056,  1.06055,  2.93956, 11.92896
-4.92295, -0.71185, 872.69264,  0.53027,  2.93956, 12.15837
-4.21968, -0.71185, 872.69264,  0.53027,  2.93956, 12.15837
-4.21968, -1.42370, 872.69264,  0.53027,  2.93956, 12.15837
-4.21968, -1.42370, 872.69264,  0.53027,  2.93956, 12.15837
-4.92295, -1.42370, 872.69264,  0.00000,  2.93956, 12.15837
-4.92295, -0.71185, 872.69264,  0.53027,  2.93956, 12.15837
-4.92295, -0.71185, 872.69264,  0.00000,  2.93956, 12.15837
-4.92295, -1.42370, 869.63056,  0.53027,  2.93956, 12.15837
-4.92295, -1.42370, 869.63056,  0.00000,  3.40067, 12.15837
-4.92295, -1.42370, 872.69264,  0.00000,  2.93956, 12.15837
-4.92295, -1.42370, 872.69264, -0.53027,  2.93956, 12.15837
-4.92295, -1.42370, 872.69264, -0.53027,  2.93956, 11.92896
-4.92295, -1.42370, 869.63056, -0.53027,  2.93956, 12.15837
-4.92295, -1.42370, 872.69264,  0.00000,  2.93956, 11.92896
-4.21968, -1.42370, 869.63056, -0.53027,  3.40067, 11.92896
-4.92295, -1.42370, 872.69264, -0.53027,  3.40067, 12.15837
-4.92295, -1.42370, 872.69264, -0.53027,  3.40067, 12.15837
-4.92295, -1.42370, 872.69264,  0.00000,  2.93956, 12.15837
-4.92295, -1.42370, 872.69264, -0.53027,  2.93956, 12.15837
-4.21968, -0.71185, 872.69264, -1.06055,  2.93956, 12.15837
-4.92295, -1.42370, 869.63056, -0.53027,  3.40067, 12.15837
-4.92295, -1.42370, 869.63056,  0.00000,  3.40067, 12.15837
-4.92295, -1.42370, 866.56848, -0.53027,  3.40067, 12.15837
-4.92295, -1.42370, 869.63056, -0.53027,  3.40067, 12.15837
-4.92295, -2.84740, 872.69264, -0.53027,  3.40067, 11.92896
-4.21968, -2.13555, 872.69264, -0.53027,  3.40067, 12.15837
-4.92295, -2.13555, 869.63056, -0.53027,  3.40067, 12.15837
-5.62623, -2.13555, 872.69264, -0.53027,  3.40067, 11.92896
-4.92295, -2.13555, 869.63056, -0.53027,  3.86178, 11.92896
-4.92295, -1.42370, 872.69264,  0.00000,  3.86178, 11.92896
-4.92295, -1.42370, 872.69264, -0.53027,  3.86178, 11.92896
-4.92295, -0.71185, 869.63056,  0.53027,  3.86178, 11.92896
-4.92295, -0.71185, 869.63056,  0.53027,  3.86178, 11.92896
-4.92295, -0.71185, 869.63056,  0.53027,  3.86178, 11.92896
-4.92295, -0.71185, 869.63056,  0.53027,  4.32289, 11.92896
-4.92295, -0.71185, 872.69264,  0.53027,  3.86178, 11.92896
-4.92295, -1.42370, 872.69264,  1.06055,  4.32289, 11.92896
-4.92295, -0.71185, 872.69264,  1.06055,  4.32289, 11.92896
-5.62623, -0.71185, 872.69264,  1.06055,  4.32289, 11.92896
-4.92295, -0.71185, 872.69264,  1.06055,  4.32289, 11.92896
-4.92295, -0.71185, 869.63056,  1.59082,  4.32289, 11.92896
-4.92295,  0.00000, 872.69264,  1.06055,  4.32289, 12.15837
-4.92295, -0.71185, 872.69264,  1.06055,  4.78400, 12.15837
-4.92295,  0.00000, 869.63056,  1.59082,  4.78400, 12.15837
-4.92295,  0.00000, 872.69264,  1.06055,  4.32289, 12.15837
-4.92295, -0.71185, 872.69264,  1.06055,  4.32289, 12.15837
-4.92295, -0.71185, 872.69264,  1.06055,  4.32289, 12.15837
-4.92295, -1.42370, 872.69264,  1.06055,  4.32289, 12.15837
-4.21968, -0.71185, 872.69264,  1.06055,  4.32289, 12.38777
-4.92295, -0.71185, 872.69264,  1.06055,  4.78400, 12.15837
-4.92295, -0.71185, 872.69264,  1.06055,  4.78400, 12.15837
-4.92295, -0.71185, 872.69264,  1.06055,  4.32289, 12.15837
-4.92295, -0.71185, 869.63056,  1.06055,  4.78400, 12.15837
-4.92295, -1.42370, 872.69264,  0.53027,  4.32289, 12.15837
-4.21968, -1.42370, 872.69264,  0.53027,  4.32289, 12.15837
-4.92295, -1.42370, 872.69264,  0.53027,  4.32289, 12.15837
-4.92295, -1.42370, 872.69264,  0.53027,  4.78400, 12.15837
-4.92295, -2.13555, 869.63056,  1.06055,  4.78400, 12.15837
-4.21968, -1.42370, 872.69264,  1.06055,  4.78400, 11.92896
-4.92295, -1.42370, 872.69264,  0.53027,  4.78400, 11.92896
-4.92295, -1.42370, 872.69264,  0.53027,  4.78400, 12.15837
-4.92295, -1.42370, 875.75472,  1.06055,  4.78400, 12.15837
-4.92295, -1.42370, 875.75472,  1.06055,  5.24510, 12.15837
-4.92295, -1.42370, 872.69264,  1.06055,  5.24510, 11.92896
-4.92295, -0.71185, 872.69264,  1.06055,  5.24510, 11.92896
-4.92295, -0.71185, 875.75472,  1.59082,  5.24510, 12.15837
-4.21968, -1.42370, 869.63056,  2.12110,  5.24510, 12.15837
-4.92295, -1.42370, 869.63056,  2.12110,  5.70621, 12.15837
-4.92295, -1.42370, 872.69264,  1.59082,  5.70621, 12.15837
-4.92295, -1.42370, 872.69264,  2.12110,  5.70621, 12.15837
-4.92295, -1.42370, 872.69264,  2.12110,  5.70621, 11.92896
-4.92295, -0.71185, 872.69264,  2.65137,  5.70621, 12.15837
-5.62623, -0.71185, 872.69264,  3.18165,  6.16732, 12.15837
-4.92295, -0.71185, 872.69264,  3.18165,  6.16732, 12.15837
-4.92295,  0.00000, 872.69264,  2.65137,  6.16732, 12.15837
-5.62623,  0.00000, 872.69264,  2.65137,  6.16732, 12.15837
-5.62623, -0.71185, 872.69264,  2.65137,  6.16732, 12.15837
-5.62623, -0.71185, 875.75472,  3.18165,  5.70621, 11.92896
-4.92295, -0.71185, 875.75472,  2.65137,  6.16732, 12.15837
-4.92295, -1.42370, 872.69264,  2.65137,  6.16732, 12.15837
-4.21968, -1.42370, 872.69264,  2.12110,  6.16732, 11.92896
-4.92295, -1.42370, 872.69264,  2.65137,  6.16732, 12.15837
-4.92295, -0.71185, 872.69264,  2.65137,  6.16732, 11.92896
-4.92295, -0.71185, 872.69264,  2.65137,  6.16732, 12.15837
-4.92295, -1.42370, 875.75472,  2.65137,  6.16732, 11.92896
-4.92295, -0.71185, 872.69264,  2.65137,  6.62843, 12.15837
-4.92295, -1.42370, 872.69264,  2.65137,  6.62843, 12.15837
-4.92295, -1.42370, 875.75472,  2.65137,  6.16732, 12.15837
-4.92295, -1.42370, 872.69264,  2.65137,  6.16732, 12.15837
-4.92295, -1.42370, 872.69264,  3.18165,  6.16732, 12.15837
-4.92295, -1.42370, 872.69264,  3.18165,  6.16732, 12.15837
-4.92295, -1.42370, 872.69264,  3.18165,  6.16732, 12.15837
-4.92295, -0.71185, 875.75472,  3.18165,  6.62843, 12.15837
-4.92295, -0.71185, 872.69264,  3.71192,  6.62843, 12.38777
-4.92295, -0.71185, 872.69264,  4.24219,  6.16732, 12.15837
-4.92295, -0.71185, 872.69264,  4.24219,  6.62843, 12.38777
-5.62623, -0.71185, 875.75472,  4.24219,  6.62843, 12.15837
-4.92295, -0.71185, 872.69264,  4.24219,  6.62843, 12.15837
-5.62623, -1.42370, 875.75472,  4.24219,  6.62843, 12.38777
-5.62623, -1.42370, 875.75472,  4.24219,  6.62843, 12.38777
-5.62623, -1.42370, 872.69264,  4.24219,  6.62843, 12.15837
-4.92295, -1.42370, 872.69264,  4.24219,  6.62843, 12.15837
-4.92295, -1.42370, 869.63056,  4.24219,  6.62843, 12.15837
-5.62623, -1.42370, 872.69264,  4.24219,  6.62843, 12.15837
-4.92295, -1.42370, 872.69264,  4.77247,  6.62843, 12.15837
-4.92295, -1.42370, 878.81680,  4.77247,  6.62843, 12.15837
-4.92295, -1.42370, 875.75472,  4.77247,  6.62843, 12.15837
-4.92295, -1.42370, 875.75472,  4.77247,  6.62843, 12.15837
-4.92295, -0.71185, 875.75472,  5.30274,  6.62843, 12.38777
-4.92295, -0.71185, 872.69264,  5.83302,  6.62843, 12.15837
-5.62623,  0.00000, 872.69264,  5.83302,  6.62843, 12.15837
-4.92295,  0.00000, 872.69264,  5.83302,  6.62843, 12.15837
-5.62623, -0.71185, 872.69264,  5.83302,  6.62843, 12.15837
-4.92295, -0.71185, 875.75472,  6.36329,  6.62843, 12.15837
-5.62623, -0.71185, 875.75472,  5.83302,  6.62843, 12.15837
-5.62623, -0.71185, 875.75472,  6.36329,  6.62843, 12.15837
-5.62623, -0.71185, 872.69264,  6.36329,  6.62843, 12.38777
-5.62623, -0.71185, 872.69264,  6.36329,  6.62843, 12.15837
-5.62623, -0.71185, 875.75472,  6.36329,  6.62843, 12.15837
-4.92295, -0.71185, 875.75472,  6.36329,  6.62843, 12.15837
-5.62623, -0.71185, 872.69264,  6.36329,  6.16732, 12.15837
-4.92295, -0.71185, 875.75472,  6.36329,  6.62843, 12.15837
-4.92295, -0.71185, 875.75472,  6.36329,  6.62843, 12.38777
-4.92295, -0.71185, 872.69264,  6.36329,  6.62843, 12.38777
-4.92295, -1.42370, 872.69264,  6.36329,  6.62843, 12.38777
-4.92295, -1.42370, 875.75472,  6.36329,  6.62843, 12.15837
-4.92295, -0.71185, 872.69264,  6.36329,  6.16732, 12.38777
-5.62623, -1.42370, 875.75472,  6.36329,  6.62843, 12.15837
-4.92295, -1.42370, 875.75472,  6.36329,  6.16732, 12.38777
-4.92295, -0.71185, 875.75472,  6.89356,  6.62843, 12.15837
-4.92295, -1.42370, 875.75472,  7.42384,  6.62843, 12.15837
-4.92295, -1.42370, 875.75472,  6.89356,  6.62843, 12.38777
-4.92295, -0.71185, 875.75472,  6.89356,  6.62843, 12.38777
-4.92295, -0.71185, 872.69264,  7.42384,  6.62843, 12.38777
-4.92295, -1.42370, 872.69264,  6.89356,  6.62843, 12.38777
-4.92295, -1.42370, 875.75472,  7.42384,  6.62843, 12.15837
-4.92295, -0.71185, 875.75472,  6.89356,  6.62843, 12.15837
-4.92295, -0.71185, 875.75472,  7.42384,  6.16732, 12.38777
-4.92295, -1.42370, 875.75472,  7.42384,  6.16732, 12.38777
-4.92295, -0.71185, 875.75472,  7.42384,  6.16732, 12.15837
-4.92295, -0.71185, 875.75472,  7.42384,  6.16732, 12.38777
-4.92295, -0.71185, 875.75472,  7.42384,  6.16732, 12.15837
-4.92295, -0.71185, 875.75472,  7.42384,  6.16732, 12.15837
-4.92295, -0.71185, 875.75472,  7.42384,  6.16732, 12.15837
-4.21968, -0.71185, 875.75472,  7.95411,  6.16732, 12.38777
-4.92295, -1.42370, 875.75472,  7.42384,  5.70621, 12.15837
-4.92295, -0.71185, 875.75472,  7.42384,  5.70621, 12.15837
-4.92295, -2.13555, 875.75472,  7.42384,  5.70621, 12.15837
-4.92295, -1.42370, 875.75472,  7.42384,  5.70621, 12.15837
-4.92295, -1.42370, 878.81680,  7.42384,  5.70621, 12.15837
-4.21968, -2.13555, 875.75472,  7.95411,  5.70621, 12.15837
-4.92295, -1.42370, 875.75472,  7.95411,  5.70621, 12.15837
-4.92295, -1.42370, 875.75472,  7.95411,  5.70621, 12.15837
-4.92295, -0.71185, 872.69264,  7.95411,  5.70621, 12.15837
-4.21968, -1.42370, 872.69264,  8.48439,  5.70621, 12.15837
-4.21968, -1.42370, 875.75472,  8.48439,  5.24510, 12.15837
-4.21968, -1.42370, 875.75472,  8.48439,  5.70621, 12.38777
-4.92295, -1.42370, 875.75472,  7.95411,  5.24510, 12.15837
-4.92295, -1.42370, 875.75472,  7.95411,  5.24510, 12.38777
-4.21968, -1.42370, 875.75472,  9.01466,  5.24510, 12.38777
-4.92295, -0.71185, 875.75472,  9.01466,  4.78400, 12.38777
-4.92295, -0.71185, 875.75472,  9.01466,  5.24510, 12.15837
-4.92295, -0.71185, 875.75472,  9.54494,  4.78400, 12.15837
-4.92295,  0.00000, 875.75472,  9.54494,  4.78400, 12.38777
-4.92295,  0.00000, 875.75472,  9.01466,  4.78400, 12.38777
-4.92295,  0.00000, 872.69264,  9.54494,  4.78400, 12.38777
-4.21968, -0.71185, 875.75472,  9.54494,  4.78400, 12.38777
-4.21968,  0.00000, 875.75472,  9.54494,  4.78400, 12.15837
-4.92295, -0.71185, 875.75472,  9.54494,  4.32289, 12.15837
-4.21968, -0.71185, 875.75472,  9.54494,  4.32289, 12.38777
-4.21968, -1.42370, 875.75472,  9.54494,  3.86178, 12.15837
-4.21968, -0.71185, 875.75472,  9.54494,  3.86178, 12.15837
-4.21968, -0.71185, 875.75472,  9.01466,  3.40067, 12.15837
-4.21968, -1.42370, 875.75472, 10.07521,  3.86178, 12.15837
-3.51640, -0.71185, 875.75472,  9.54494,  3.86178, 12.38777
-4.21968, -1.42370, 875.75472,  9.54494,  3.86178, 12.15837
-4.21968, -0.71185, 875.75472,  9.54494,  3.40067, 12.15837
-4.21968, -1.42370, 875.75472,  9.54494,  3.40067, 12.15837
-4.21968, -1.42370, 875.75472,  9.54494,  3.40067, 12.15837
-3.51640, -0.71185, 875.75472,  9.54494,  2.93956, 12.38777
-4.21968, -1.42370, 875.75472,  9.54494,  2.93956, 12.38777
-4.21968, -2.13555, 878.81680,  9.01466,  2.93956, 12.38777
-4.21968, -1.42370, 875.75472,  9.54494,  2.47846, 12.15837
-4.21968, -1.42370, 875.75472,  9.54494,  2.47846, 12.38777
-4.21968, -1.42370, 875.75472,  9.54494,  2.47846, 12.38777
-4.21968, -1.42370, 872.69264,  9.54494,  2.01735, 12.15837
-4.21968, -0.71185, 872.69264, 10.07521,  2.47846, 12.38777
-4.21968, -1.42370, 875.75472, 10.07521,  2.47846, 12.38777
-4.21968, -1.42370, 875.75472, 10.07521,  2.01735, 12.38777
-4.21968, -1.42370, 875.75472, 10.07521,  2.47846, 12.38777
-4.21968, -1.42370, 875.75472, 10.07521,  2.01735, 12.38777
-4.21968, -1.42370, 875.75472, 10.07521,  2.01735, 12.38777
-4.21968, -1.42370, 875.75472, 10.60548,  2.01735, 12.38777
-4.21968, -1.42370, 875.75472, 11.13576,  1.55624, 12.15837
-4.92295, -0.71185, 872.69264, 11.13576,  2.01735, 12.15837
-4.92295,  0.00000, 872.69264, 11.13576,  2.01735, 12.15837
-4.92295, -0.71185, 872.69264, 11.66603,  2.01735, 12.38777
-4.92295, -0.71185, 872.69264, 11.66603,  2.47846, 12.38777
-4.92295, -0.71185, 872.69264, 11.66603,  2.01735, 12.38777
-4.92295, -0.71185, 875.75472, 11.66603,  2.01735, 12.38777
-4.92295,  0.00000, 875.75472, 12.19631,  2.01735, 12.38777
-4.92295,  0.00000, 875.75472, 12.19631,  2.01735, 12.38777
-4.21968,  0.00000, 875.75472, 12.19631,  2.01735, 12.38777
-4.92295,  0.00000, 875.75472, 12.19631,  1.55624, 12.38777
-4.21968,  0.71185, 875.75472, 11.66603,  1.55624, 12.61717
-4.21968,  0.00000, 875.75472, 11.66603,  1.55624, 12.38777
-4.21968,  0.00000, 875.75472, 11.66603,  1.55624, 12.38777
-4.21968,  0.00000, 872.69264, 11.13576,  1.55624, 12.38777
-4.21968,  0.71185, 875.75472, 11.13576,  1.55624, 12.15837
-4.92295, -0.71185, 875.75472, 11.13576,  1.09513, 12.38777
-4.92295, -0.71185, 872.69264, 10.60548,  1.55624, 12.38777
-4.21968, -0.71185, 872.69264, 10.60548,  1.55624, 12.38777
-4.92295, -0.71185, 875.75472, 10.60548,  1.55624, 12.15837
-4.92295, -0.71185, 875.75472, 10.07521,  2.01735, 12.15837
-5.62623, -1.42370, 875.75472, 10.07521,  2.01735, 12.15837
-4.92295, -1.42370, 875.75472, 10.07521,  2.01735, 12.15837
-5.62623, -1.42370, 875.75472, 10.07521,  2.01735, 12.15837
-5.62623, -1.42370, 878.81680,  9.54494,  2.47846, 12.15837
-5.62623, -1.42370, 872.69264,  9.01466,  2.01735, 12.38777
-4.92295, -2.13555, 875.75472,  9.54494,  2.01735, 12.38777
-4.92295, -1.42370, 872.69264,  9.54494,  2.01735, 12.15837
-4.92295, -2.13555, 875.75472,  9.54494,  1.55624, 12.38777
-4.92295, -2.13555, 875.75472,  9.54494,  1.55624, 12.38777
-4.92295, -1.42370, 875.75472,  9.54494,  1.55624, 12.38777
-4.92295, -1.42370, 875.75472,  9.54494,  1.55624, 12.15837
-4.92295, -1.42370, 875.75472,  9.54494,  1.55624, 12.15837
-4.21968, -1.42370, 875.75472,  9.54494,  1.09513, 12.38777
-4.21968, -1.42370, 872.69264, 10.07521,  1.09513, 12.15837
-4.92295, -1.42370, 875.75472, 10.07521,  1.09513, 12.38777
-4.21968, -1.42370, 875.75472, 10.07521,  1.09513, 12.15837
-4.21968, -0.71185, 872.69264, 10.07521,  1.09513, 12.15837
-4.21968,  0.00000, 875.75472, 10.60548,  1.09513, 12.38777
-4.92295,  0.00000, 875.75472, 10.60548,  1.09513, 12.15837
-4.21968,  0.00000, 872.69264, 10.60548,  1.09513, 12.15837
-4.92295,  0.00000, 875.75472, 10.60548,  1.09513, 12.15837
-4.21968,  0.00000, 875.75472, 10.60548,  1.09513, 12.15837
-4.21968,  0.00000, 872.69264, 10.60548,  1.55624, 12.38777
-4.21968, -0.71185, 872.69264, 10.60548,  1.55624, 12.15837
-4.21968,  0.00000, 875.75472, 10.60548,  1.55624, 12.15837
-4.92295, -0.71185, 872.69264, 10.60548,  1.55624, 12.15837
-4.21968, -0.71185, 875.75472, 10.07521,  2.01735, 12.38777
-4.92295, -0.71185, 875.75472, 10.07521,  1.55624, 12.15837
-4.92295, -0.71185, 875.75472, 10.07521,  1.55624, 12.38777
-4.92295, -1.42370, 875.75472,  9.54494,  2.01735, 12.38777
-4.92295, -0.71185, 875.75472,  9.54494,  2.01735, 12.15837
-4.92295, -1.42370, 875.75472,  9.01466,  2.01735, 12.38777
-4.92295, -0.71185, 875.75472,  9.54494,  2.01735, 12.38777
-4.92295, -0.71185, 875.75472,  9.54494,  1.55624, 12.15837
-4.92295, -0.71185, 872.69264,  9.54494,  2.01735, 12.15837
-4.92295, -0.71185, 875.75472,  9.54494,  2.01735, 12.15837
-4.92295, -0.71185, 872.69264,  8.48439,  2.47846, 12.15837
-4.92295, -1.42370, 875.75472,  9.01466,  2.01735, 12.15837
-4.21968, -1.42370, 875.75472,  7.95411,  2.01735, 12.15837
-4.92295, -1.42370, 875.75472,  8.48439,  2.01735, 12.15837
-4.92295, -1.42370, 875.75472,  7.95411,  2.47846, 12.38777
-4.92295, -1.42370, 875.75472,  8.48439,  2.47846, 12.15837
-4.92295, -1.42370, 872.69264,  7.95411,  2.47846, 12.15837
-4.92295, -1.42370, 872.69264,  7.95411,  2.47846, 12.38777
-5.62623, -2.13555, 875.75472,  7.95411,  2.47846, 12.15837
-4.92295, -1.42370, 872.69264,  7.95411,  2.47846, 12.15837
-5.62623, -1.42370, 875.75472,  7.95411,  2.93956, 12.38777
-5.62623, -1.42370, 872.69264,  7.42384,  2.47846, 12.15837
-5.62623, -2.13555, 875.75472,  7.42384,  2.93956, 12.15837
-5.62623, -2.13555, 875.75472,  7.42384,  2.47846, 12.15837
-5.62623, -2.13555, 872.69264,  6.89356,  2.93956, 12.38777
-5.62623, -2.13555, 872.69264,  6.89356,  2.93956, 12.15837
-5.62623, -2.84740, 875.75472,  6.89356,  2.93956, 12.15837
-5.62623, -2.13555, 875.75472,  6.36329,  2.47846, 12.38777
-5.62623, -2.13555, 875.75472,  6.89356,  2.47846, 12.38777
-4.92295, -2.13555, 875.75472,  6.36329,  2.93956, 12.15837
-4.92295, -1.42370, 872.69264,  6.89356,  2.93956, 12.15837
-4.92295, -2.13555, 872.69264,  6.36329,  2.47846, 12.15837
-5.62623, -2.84740, 872.69264,  6.36329,  2.47846, 12.38777
-4.92295, -2.13555, 875.75472,  6.36329,  2.47846, 12.38777
-4.92295, -2.84740, 875.75472,  6.36329,  2.47846, 12.38777
-4.92295, -2.84740, 875.75472,  6.36329,  2.47846, 12.38777
-4.92295, -2.84740, 875.75472,  6.89356,  2.47846, 12.15837
-5.62623, -2.84740, 872.69264,  6.89356,  2.47846, 12.15837
-5.62623, -2.84740, 872.69264,  6.89356,  2.93956, 12.15837
-5.62623, -2.13555, 872.69264,  6.89356,  2.93956, 12.15837
-5.62623, -2.13555, 869.63056,  7.42384,  2.47846, 12.38777
-5.62623, -1.42370, 872.69264,  7.42384,  2.47846, 12.15837
-5.62623, -1.42370, 872.69264,  7.95411,  2.93956, 12.38777
-5.62623, -1.42370, 875.75472,  7.95411,  2.93956, 12.15837
-5.62623, -1.42370, 875.75472,  8.48439,  2.93956, 12.15837
-5.62623, -1.42370, 875.75472,  8.48439,  2.93956, 12.15837
-5.62623, -0.71185, 875.75472,  9.01466,  2.93956, 12.15837
-5.62623, -0.71185, 872.69264,  9.01466,  2.93956, 12.15837
-5.62623,  0.00000, 875.75472,  9.54494,  2.93956, 12.15837
-5.62623,  0.71185, 875.75472, 10.07521,  3.40067, 12.15837
-6.32951,  0.71185, 875.75472, 10.07521,  3.40067, 12.15837
-5.62623,  0.71185, 872.69264, 10.60548,  3.40067, 12.15837
-5.62623,  0.71185, 872.69264, 10.07521,  2.93956, 12.15837
-5.62623,  0.71185, 872.69264, 10.07521,  3.40067, 12.15837
-5.62623,  0.71185, 872.69264, 10.60548,  2.93956, 12.15837
-6.32951,  0.00000, 875.75472, 10.07521,  2.93956, 12.15837
-5.62623,  0.00000, 875.75472, 10.07521,  3.40067, 12.38777
-5.62623,  0.00000, 872.69264, 10.07521,  3.40067, 12.38777
-5.62623, -0.71185, 872.69264, 10.60548,  2.93956, 12.15837
-5.62623,  0.00000, 872.69264,  9.54494,  3.40067, 12.15837
-6.32951,  0.00000, 875.75472, 10.07521,  3.40067, 12.15837
-5.62623,  0.00000, 875.75472,  9.54494,  2.93956, 12.15837
-6.32951, -0.71185, 872.69264,  9.54494,  3.40067, 12.38777
-5.62623, -0.71185, 872.69264,  9.54494,  2.93956, 12.15837
-6.32951, -1.42370, 875.75472,  9.54494,  3.40067, 12.38777
-5.62623, -0.71185, 875.75472,  9.54494,  2.93956, 12.15837
-5.62623, -0.71185, 875.75472,  9.54494,  2.93956, 12.38777
-5.62623, -1.42370, 875.75472,  9.01466,  2.93956, 12.38777
-6.32951, -1.42370, 872.69264,  9.01466,  2.47846, 12.38777
-5.62623, -1.42370, 872.69264,  9.01466,  2.47846, 12.15837
-5.62623, -0.71185, 875.75472,  9.01466,  2.47846, 12.15837
-5.62623, -0.71185, 872.69264,  9.01466,  2.01735, 12.15837
-4.92295, -0.71185, 872.69264,  9.01466,  2.01735, 12.15837
-4.92295, -1.42370, 872.69264,  9.01466,  2.01735, 12.15837
-4.92295, -1.42370, 875.75472,  8.48439,  2.01735, 12.15837
-4.21968, -1.42370, 872.69264,  8.48439,  1.09513, 11.92896
-4.21968, -1.42370, 875.75472,  7.95411,  1.09513, 12.15837
-4.21968, -1.42370, 878.81680,  7.95411,  0.63402, 11.92896
-4.21968, -2.13555, 875.75472,  7.42384,  0.63402, 12.15837
-4.21968, -1.42370, 875.75472,  7.95411,  0.63402, 11.92896
-4.92295, -1.42370, 872.69264,  7.95411,  0.63402, 12.15837
-4.21968, -1.42370, 869.63056,  7.95411,  0.17292, 11.92896
-4.21968, -1.42370, 872.69264,  7.95411,  0.63402, 12.15837
-4.21968, -0.71185, 872.69264,  7.42384,  0.17292, 12.15837
-4.21968, -2.13555, 875.75472,  7.42384,  0.17292, 11.92896
-4.21968, -2.13555, 875.75472,  7.42384,  0.17292, 12.15837
-4.21968, -2.13555, 875.75472,  7.95411,  0.17292, 12.15837
-4.21968, -2.13555, 872.69264,  7.42384,  0.17292, 12.15837
-4.21968, -2.13555, 875.75472,  7.42384, -0.28819, 12.15837
-4.21968, -1.42370, 875.75472,  7.95411, -0.28819, 12.15837
-4.92295, -1.42370, 872.69264,  8.48439, -0.28819, 12.15837
-4.92295, -0.71185, 872.69264,  7.95411,  0.17292, 12.15837
-4.92295, -1.42370, 872.69264,  7.95411, -0.28819, 12.15837
-4.92295, -1.42370, 872.69264,  7.95411,  0.17292, 12.38777
-4.92295, -1.42370, 869.63056,  7.95411,  0.17292, 12.15837
-5.62623, -1.42370, 872.69264,  8.48439,  0.17292, 12.38777
-5.62623, -1.42370, 875.75472,  9.01466,  0.17292, 12.15837
-5.62623, -1.42370, 872.69264,  8.48439,  0.17292, 12.15837
-5.62623, -0.71185, 875.75472,  9.01466,  0.63402, 12.15837
-5.62623,  0.00000, 872.69264,  9.54494,  0.63402, 12.15837
-5.62623,  0.00000, 872.69264, 10.07521,  0.17292, 12.38777
-5.62623, -0.71185, 872.69264, 10.07521,  0.17292, 12.15837
-4.92295,  0.00000, 872.69264, 10.60548,  0.17292, 12.15837
-5.62623,  0.00000, 875.75472, 10.60548,  0.17292, 12.15837
-5.62623,  0.00000, 872.69264, 10.07521,  0.17292, 12.15837
-5.62623,  0.00000, 872.69264, 10.60548,  0.17292, 12.15837
-6.32951,  0.00000, 875.75472, 10.60548,  0.17292, 12.15837
-6.32951, -0.71185, 872.69264, 10.60548,  0.17292, 12.15837
-6.32951,  0.00000, 872.69264, 10.60548,  0.17292, 12.15837
-6.32951,  0.00000, 869.63056, 11.13576,  0.17292, 12.15837
-6.32951,  0.71185, 875.75472, 11.13576,  0.17292, 12.15837
-6.32951,  0.00000, 875.75472, 11.13576, -0.28819, 12.15837
-6.32951,  0.71185, 875.75472, 11.13576,  0.17292, 12.15837
-5.62623,  0.00000, 872.69264, 10.60548, -0.28819, 12.15837
-4.92295,  0.00000, 872.69264, 10.60548, -0.28819, 12.15837
-6.32951,  0.00000, 872.69264, 11.13576, -0.28819, 12.15837
-5.62623,  0.00000, 875.75472, 10.60548, -0.28819, 12.15837
-5.62623, -0.71185, 872.69264, 10.07521, -0.74930, 12.15837
-5.62623, -0.71185, 872.69264,  9.54494, -0.74930, 12.15837
-5.62623, -0.71185, 872.69264,  9.54494, -1.21041, 12.15837
-6.32951, -0.71185, 872.69264,  9.01466, -1.21041, 12.15837
-4.92295, -0.71185, 872.69264,  9.54494, -1.67152, 12.38777
-4.92295,  0.00000, 869.63056,  9.01466, -1.67152, 12.15837
-5.62623,  0.00000, 869.63056,  9.01466, -1.67152, 12.38777
-5.62623, -0.71185, 869.63056,  9.01466, -1.67152, 12.15837
-5.62623, -0.71185, 872.69264,  9.01466, -1.67152, 12.15837
-5.62623, -0.71185, 872.69264,  8.48439, -1.67152, 12.15837
-5.62623, -0.71185, 872.69264,  8.48439, -2.13262, 12.15837
-5.62623, -0.71185, 875.75472,  8.48439, -2.13262, 12.15837
-5.62623, -0.71185, 872.69264,  7.95411, -2.13262, 12.15837
-5.62623, -1.42370, 872.69264,  7.42384, -2.13262, 12.15837
-5.62623, -0.71185, 872.69264,  7.42384, -2.13262, 12.15837
-5.62623, -0.71185, 872.69264,  7.42384, -2.13262, 12.15837
-5.62623, -0.71185, 872.69264,  7.42384, -2.13262, 12.15837
-5.62623, -0.71185, 872.69264,  6.89356, -1.67152, 12.15837
-4.92295, -1.42370, 872.69264,  6.36329, -2.13262, 12.15837
-5.62623, -1.42370, 872.69264,  6.36329, -2.13262, 12.15837
-5.62623, -1.42370, 872.69264,  6.36329, -2.13262, 12.15837
-5.62623, -1.42370, 872.69264,  5.83302, -2.13262, 11.92896
-5.62623, -1.42370, 875.75472,  6.36329, -2.13262, 12.15837
-4.92295, -2.13555, 872.69264,  5.83302, -2.13262, 12.15837
-4.92295, -1.42370, 872.69264,  6.36329, -2.59373, 12.15837
-5.62623, -0.71185, 872.69264,  6.36329, -2.59373, 12.15837
-4.92295, -0.71185, 872.69264,  6.36329, -2.59373, 12.15837
-4.92295,  0.00000, 872.69264,  6.36329, -2.59373, 12.15837
-4.92295,  0.00000, 872.69264,  6.89356, -2.13262, 12.15837
-5.62623,  0.00000, 872.69264,  7.42384, -2.59373, 12.15837
-4.92295,  0.00000, 872.69264,  6.89356, -2.59373, 12.15837
-4.92295,  0.00000, 872.69264,  6.89356, -2.59373, 12.38777
-4.92295,  0.00000, 872.69264,  6.89356, -2.59373, 12.15837
-4.92295,  0.00000, 872.69264,  6.36329, -2.59373, 12.15837
-4.92295, -0.71185, 875.75472,  6.36329, -2.59373, 12.15837
-4.92295,  0.00000, 872.69264,  6.36329, -2.59373, 12.15837
-4.92295, -0.71185, 872.69264,  6.36329, -3.05484, 12.15837
-4.92295,  0.00000, 872.69264,  5.83302, -3.05484, 12.15837
-4.92295,  0.00000, 875.75472,  5.83302, -3.05484, 12.15837
-4.92295, -0.71185, 875.75472,  5.30274, -3.05484, 12.15837
-4.21968, -0.71185, 875.75472,  5.30274, -3.51595, 12.15837
-4.92295,  0.00000, 872.69264,  5.30274, -3.05484, 12.15837
-4.92295,  0.00000, 872.69264,  4.77247, -3.51595, 12.15837
-4.92295, -0.71185, 872.69264,  5.30274, -3.05484, 12.15837
-4.92295, -0.71185, 872.69264,  4.77247, -3.51595, 12.15837
-4.21968, -0.71185, 872.69264,  4.77247, -3.05484, 12.15837
-4.21968, -0.71185, 872.69264,  4.24219, -3.05484, 12.15837
-4.21968, -0.71185, 875.75472,  4.24219, -3.51595, 12.15837
-4.21968, -0.71185, 872.69264,  4.24219, -3.51595, 12.15837
-4.21968, -0.71185, 875.75472,  4.24219, -3.51595, 11.92896
-4.92295,  0.00000, 872.69264,  4.24219, -3.05484, 12.15837
-4.92295,  0.00000, 872.69264,  4.24219, -3.05484, 12.15837
-4.92295,  0.00000, 872.69264,  4.24219, -3.05484, 12.15837
-4.92295,  0.00000, 872.69264,  3.71192, -3.05484, 12.15837
-4.21968, -0.71185, 872.69264,  3.71192, -3.05484, 12.15837
-4.21968, -1.42370, 872.69264,  3.18165, -3.05484, 12.15837
-4.21968, -0.71185, 872.69264,  2.65137, -2.59373, 12.15837
-4.21968, -1.42370, 872.69264,  2.12110, -2.59373, 11.92896
-4.92295, -1.42370, 872.69264,  1.59082, -2.59373, 11.92896
-4.92295, -1.42370, 869.63056,  1.06055, -2.13262, 11.92896
-4.92295, -2.13555, 872.69264,  0.00000, -1.67152, 11.92896
-4.92295, -2.84740, 872.69264, -1.06055, -1.67152, 11.92896
-4.92295, -3.55925, 872.69264, -1.06055, -1.21041, 11.92896
-5.62623, -4.27110, 875.75472, -1.59082, -1.67152, 11.92896
-5.62623, -4.27110, 875.75472, -2.12110, -1.21041, 11.92896
-5.62623, -4.27110, 875.75472, -1.59082, -1.21041, 11.92896
-5.62623, -3.55925, 872.69264, -1.59082, -0.74930, 11.92896
-6.32951, -2.84740, 875.75472, -1.06055, -0.74930, 11.92896
-5.62623, -2.13555, 872.69264, -1.06055, -0.74930, 12.15837
-4.92295, -2.13555, 872.69264, -0.53027, -0.74930, 12.15837
-4.92295, -1.42370, 872.69264, -0.53027, -1.21041, 12.15837
-4.92295, -0.71185, 872.69264,  0.00000, -0.74930, 12.15837
-4.92295, -0.71185, 872.69264,  0.00000, -0.74930, 12.15837
-4.92295, -0.71185, 872.69264,  0.53027, -0.74930, 12.15837
-4.92295, -0.71185, 872.69264,  1.06055, -1.21041, 12.15837
-4.92295, -0.71185, 875.75472,  1.06055, -0.74930, 12.15837
-4.92295, -0.71185, 875.75472,  1.06055, -0.74930, 12.15837
-4.92295, -0.71185, 872.69264,  1.59082, -0.74930, 12.15837
-4.92295,  0.00000, 875.75472,  1.59082, -0.74930, 12.15837
-4.92295,  0.71185, 875.75472,  1.59082, -0.28819, 12.15837
-5.62623,  0.71185, 872.69264,  2.12110, -0.74930, 12.15837
-4.21968,  0.71185, 872.69264,  1.59082, -0.74930, 12.15837
-4.92295,  0.71185, 869.63056,  1.59082, -0.74930, 11.92896
-4.92295,  0.71185, 869.63056,  2.12110, -0.28819, 12.15837
-4.92295,  0.00000, 872.69264,  1.59082,  0.17292, 11.92896
-5.62623, -0.71185, 872.69264,  1.06055,  0.17292, 12.15837
-5.62623, -0.71185, 875.75472,  0.00000,  0.63402, 12.15837
-5.62623, -0.71185, 872.69264,  0.00000,  0.63402, 12.15837
-5.62623, -0.71185, 872.69264,  0.00000,  0.63402, 12.15837
-5.62623, -0.71185, 875.75472,  0.00000,  0.63402, 11.92896
-5.62623, -0.71185, 875.75472,  0.00000,  0.63402, 12.15837
-5.62623, -0.71185, 872.69264, -0.53027,  1.09513, 11.92896
-5.62623, -0.71185, 872.69264, -0.53027,  0.63402, 11.92896
-5.62623, -0.71185, 875.75472, -1.06055,  1.09513, 11.92896
-5.62623, -0.71185, 872.69264, -1.06055,  1.09513, 12.15837
-5.62623, -0.71185, 872.69264, -1.06055,  1.09513, 11.92896
-4.92295, -0.71185, 872.69264, -0.53027,  1.09513, 12.15837
-4.92295, -1.42370, 872.69264, -1.06055,  0.63402, 11.92896
-4.92295,  0.00000, 872.69264, -1.06055,  1.09513, 12.15837
-4.92295, -0.71185, 872.69264, -1.06055,  1.09513, 11.92896
-5.62623, -0.71185, 872.69264, -1.06055,  0.63402, 11.92896
-4.92295, -1.42370, 872.69264, -1.59082,  1.09513, 12.15837
-4.92295, -1.42370, 875.75472, -2.12110,  1.09513, 11.92896
-4.92295, -1.42370, 872.69264, -2.65137,  1.09513, 12.15837
-4.92295, -2.13555, 872.69264, -2.65137,  1.55624, 11.92896
-4.92295, -1.42370, 872.69264, -3.18165,  1.55624, 11.92896
-5.62623, -1.42370, 872.69264, -3.71192,  2.01735, 11.92896
-5.62623, -2.13555, 872.69264, -3.71192,  2.01735, 11.92896
-5.62623, -2.84740, 872.69264, -4.24219,  2.01735, 11.92896
-4.92295, -2.13555, 872.69264, -4.24219,  2.01735, 11.92896
-5.62623, -2.84740, 872.69264, -4.24219,  2.01735, 11.92896
-5.62623, -2.84740, 872.69264, -4.24219,  2.01735, 11.92896
-5.62623, -2.84740, 872.69264, -4.24219,  2.01735, 11.92896
-6.32951, -2.84740, 872.69264, -4.77247,  2.01735, 11.92896
-5.62623, -3.55925, 872.69264, -4.77247,  2.47846, 12.15837
-5.62623, -2.84740, 875.75472, -4.77247,  2.47846, 11.92896
-5.62623, -2.84740, 872.69264, -4.24219,  2.47846, 11.92896
-5.62623, -2.13555, 875.75472, -4.77247,  2.01735, 11.92896
-5.62623, -2.84740, 872.69264, -4.24219,  2.47846, 11.92896
-6.32951, -2.13555, 872.69264, -4.24219,  2.47846, 11.92896
-5.62623, -2.84740, 872.69264, -4.24219,  2.47846, 11.92896
-6.32951, -2.13555, 872.69264, -4.24219,  2.47846, 12.15837
-6.32951, -2.13555, 872.69264, -4.77247,  2.47846, 12.15837
-5.62623, -2.84740, 872.69264, -4.24219,  2.93956, 11.92896
-6.32951, -2.13555, 872.69264, -4.24219,  2.93956, 12.15837
-6.32951, -2.13555, 872.69264, -3.71192,  3.40067, 12.15837
-6.32951, -2.13555, 872.69264, -3.71192,  3.40067, 12.15837
-6.32951, -2.13555, 872.69264, -3.71192,  3.86178, 12.15837
-6.32951, -1.42370, 872.69264, -3.71192,  3.40067, 12.15837
-6.32951, -2.13555, 872.69264, -3.71192,  3.40067, 12.15837
-6.32951, -1.42370, 869.63056, -3.18165,  3.40067, 12.15837
-6.32951, -1.42370, 872.69264, -2.65137,  3.86178, 12.15837
-6.32951, -0.71185, 872.69264, -2.65137,  3.40067, 11.92896
-6.32951, -0.71185, 875.75472, -2.65137,  3.40067, 12.15837
-5.62623, -0.71185, 872.69264, -2.12110,  3.40067, 12.15837
-6.32951, -0.71185, 872.69264, -1.59082,  3.40067, 12.15837
-5.62623,  0.00000, 872.69264, -1.59082,  2.93956, 12.15837
-6.32951,  0.00000, 872.69264, -1.59082,  3.40067, 11.92896
-5.62623, -0.71185, 872.69264, -1.06055,  2.93956, 11.92896
-5.62623, -0.71185, 872.69264, -1.59082,  2.93956, 11.92896
-6.32951, -1.42370, 872.69264, -1.06055,  3.40067, 11.92896
-6.32951, -1.42370, 872.69264, -1.06055,  3.40067, 11.92896
-5.62623, -1.42370, 875.75472, -1.59082,  3.40067, 11.92896
-5.62623, -0.71185, 872.69264, -1.06055,  3.40067, 11.92896
-5.62623, -0.71185, 872.69264, -1.06055,  3.40067, 11.92896
-6.32951, -0.71185, 872.69264, -1.06055,  3.40067, 11.92896
-6.32951, -0.71185, 872.69264, -0.53027,  3.40067, 12.15837
-5.62623, -0.71185, 872.69264, -1.06055,  3.40067, 11.92896
-6.32951, -0.71185, 872.69264, -1.06055,  3.40067, 11.92896
-6.32951, -0.71185, 869.63056, -1.06055,  2.93956, 11.92896
-6.32951, -0.71185, 872.69264, -1.06055,  2.93956, 11.92896
-5.62623, -1.42370, 872.69264, -1.59082,  2.93956, 12.15837
-6.32951, -0.71185, 872.69264, -1.06055,  2.47846, 12.15837
-5.62623, -1.42370, 872.69264, -1.59082,  2.47846, 12.15837
-5.62623, -1.42370, 872.69264, -1.59082,  2.47846, 12.38777
-6.32951, -1.42370, 875.75472, -1.59082,  2.01735, 12.15837
-5.62623, -1.42370, 875.75472, -1.59082,  2.01735, 12.15837
-5.62623, -1.42370, 875.75472, -1.59082,  1.55624, 12.15837
-5.62623, -1.42370, 872.69264, -1.59082,  1.55624, 12.15837
-5.62623, -1.42370, 872.69264, -1.59082,  1.55624, 12.15837
-5.62623, -0.71185, 869.63056, -1.59082,  1.55624, 12.15837
-5.62623, -1.42370, 869.63056, -1.06055,  1.09513, 12.15837
-5.62623, -1.42370, 872.69264, -1.59082,  0.63402, 12.15837
-5.62623, -1.42370, 872.69264, -1.06055,  0.63402, 12.15837
-5.62623, -2.13555, 872.69264, -1.06055,  0.63402, 12.15837
-5.62623, -2.13555, 872.69264, -1.06055,  0.63402, 12.15837
-5.62623, -1.42370, 875.75472, -1.59082,  0.63402, 11.92896
-4.92295, -1.42370, 875.75472, -1.06055,  0.63402, 11.92896
-4.92295, -1.42370, 872.69264, -1.06055,  0.17292, 12.15837
-5.62623, -1.42370, 872.69264, -1.06055,  0.17292, 11.92896
-4.92295, -1.42370, 872.69264, -1.06055,  0.17292, 11.92896
-4.92295, -1.42370, 872.69264, -1.06055, -0.28819, 12.15837
-4.92295, -1.42370, 875.75472, -0.53027, -0.28819, 11.92896
-4.92295, -1.42370, 872.69264, -0.53027, -0.28819, 12.15837
-4.92295, -1.42370, 872.69264, -0.53027, -0.28819, 11.92896
-5.62623, -0.71185, 875.75472,  0.00000, -0.28819, 11.92896
-4.92295, -0.71185, 872.69264,  0.00000, -0.28819, 11.92896
-5.62623, -1.42370, 872.69264,  0.53027, -0.74930, 12.15837
-4.92295, -0.71185, 872.69264,  0.53027, -0.74930, 11.92896
-4.92295, -1.42370, 872.69264,  1.06055, -0.74930, 11.92896
-4.92295, -0.71185, 872.69264,  1.06055, -0.74930, 11.92896
-4.92295,  0.00000, 875.75472,  1.06055, -0.74930, 11.92896
-4.92295,  0.71185, 872.69264,  2.12110, -0.74930, 11.92896
-5.62623, -0.71185, 872.69264,  2.12110, -0.74930, 11.92896
-5.62623,  0.00000, 872.69264,  2.12110, -1.21041, 11.92896
-4.92295,  0.00000, 872.69264,  2.12110, -0.74930, 12.15837
-5.62623,  0.00000, 875.75472,  2.12110, -0.74930, 12.15837
-5.62623,  0.00000, 872.69264,  2.65137, -0.74930, 12.15837
-5.62623,  0.71185, 872.69264,  2.65137, -1.21041, 12.15837
-5.62623,  0.00000, 872.69264,  2.65137, -1.21041, 12.15837
-5.62623,  0.00000, 872.69264,  2.65137, -1.67152, 12.15837
-5.62623,  0.00000, 872.69264,  2.65137, -1.21041, 12.15837
-4.92295,  0.71185, 872.69264,  3.18165, -1.67152, 12.15837
-5.62623,  0.71185, 872.69264,  3.18165, -1.67152, 12.15837
-5.62623,  0.71185, 872.69264,  3.18165, -1.67152, 12.15837
-5.62623,  0.71185, 872.69264,  3.18165, -1.67152, 12.15837
-5.62623,  0.00000, 872.69264,  3.18165, -1.67152, 12.15837
-4.92295,  0.71185, 872.69264,  3.18165, -2.13262, 12.15837
-5.62623,  0.00000, 875.75472,  3.18165, -1.67152, 12.15837
-5.62623,  0.00000, 872.69264,  2.65137, -1.67152, 12.15837
-5.62623,  0.00000, 869.63056,  2.65137, -1.67152, 12.15837
-6.32951,  0.00000, 869.63056,  2.12110, -1.67152, 11.92896
-5.62623,  0.00000, 869.63056,  2.65137, -1.67152, 12.15837
-5.62623,  0.00000, 869.63056,  2.12110, -2.13262, 12.15837
-6.32951, -0.71185, 872.69264,  2.12110, -1.67152, 11.92896
-6.32951, -0.71185, 872.69264,  2.12110, -1.67152, 12.15837
-5.62623, -1.42370, 872.69264,  2.12110, -1.67152, 12.15837
-5.62623, -1.42370, 872.69264,  1.59082, -1.67152, 12.15837
-5.62623, -1.42370, 872.69264,  2.12110, -1.21041, 12.15837
-5.62623, -0.71185, 872.69264,  2.12110, -1.67152, 11.92896
-5.62623, -0.71185, 872.69264,  1.59082, -1.67152, 11.92896
-5.62623,  0.00000, 869.63056,  2.12110, -1.67152, 12.15837
-5.62623, -0.71185, 872.69264,  1.59082, -1.21041, 11.92896
-5.62623, -0.71185, 872.69264,  1.59082, -1.21041, 12.15837
-5.62623, -0.71185, 872.69264,  1.59082, -1.21041, 12.15837
-5.62623, -0.71185, 872.69264,  1.59082, -1.21041, 12.15837
-5.62623, -0.71185, 872.69264,  1.59082, -1.21041, 11.92896
-5.62623, -0.71185, 872.69264,  1.06055, -1.21041, 11.92896
-5.62623, -1.42370, 872.69264,  1.06055, -0.74930, 12.15837
-5.62623, -1.42370, 872.69264,  0.53027, -0.74930, 11.92896
-5.62623, -0.71185, 872.69264,  0.53027, -0.74930, 12.15837
-6.32951, -0.71185, 872.69264,  1.06055, -0.28819, 11.92896
-6.32951, -0.71185, 872.69264,  0.53027, -0.28819, 11.92896
-6.32951, -1.42370, 872.69264,  0.53027, -0.28819, 11.92896
-6.32951, -1.42370, 872.69264,  0.53027, -0.28819, 11.92896
-6.32951, -1.42370, 869.63056,  0.53027,  0.17292, 12.15837
-6.32951, -1.42370, 872.69264,  0.00000,  0.17292, 12.15837
-6.32951, -1.42370, 872.69264,  0.00000,  0.17292, 12.15837
-6.32951, -1.42370, 869.63056,  0.00000,  0.17292, 11.92896
-6.32951, -1.42370, 872.69264,  0.00000,  0.63402, 12.15837
-7.03279, -1.42370, 875.75472,  0.00000,  0.17292, 12.15837
-6.32951, -0.71185, 872.69264,  0.00000,  0.63402, 11.92896
-6.32951, -0.71185, 872.69264,  0.00000,  0.17292, 12.15837
-5.62623, -0.71185, 872.69264,  0.53027,  0.63402, 12.15837
-6.32951, -0.71185, 872.69264,  0.53027,  0.17292, 12.15837
-6.32951, -0.71185, 869.63056,  0.00000,  0.17292, 12.15837
-6.32951, -0.71185, 872.69264,  0.53027,  0.17292, 12.15837
-6.32951, -0.71185, 872.69264, -0.53027,  0.17292, 12.15837
-6.32951, -0.71185, 872.69264,  0.53027,  0.17292, 12.15837
-6.32951, -1.42370, 872.69264,  0.00000,  0.17292, 12.15837
-5.62623, -1.42370, 875.75472,  0.53027,  0.17292, 11.92896
-6.32951, -0.71185, 872.69264,  0.53027,  0.17292, 12.15837
-5.62623, -0.71185, 869.63056,  0.53027,  0.17292, 12.15837
-5.62623, -0.71185, 869.63056,  0.53027,  0.63402, 11.92896
-5.62623, -0.71185, 869.63056,  1.06055,  0.17292, 12.15837
-5.62623, -0.71185, 869.63056,  0.00000,  0.17292, 11.92896
-5.62623, -0.71185, 872.69264,  0.53027,  0.63402, 11.92896
-5.62623, -0.71185, 872.69264,  0.00000,  0.63402, 11.92896
-5.62623, -1.42370, 875.75472,  0.00000,  0.63402, 11.92896
-6.32951, -0.71185, 875.75472,  0.00000,  1.09513, 12.15837
-6.32951, -0.71185, 872.69264,  0.00000,  1.09513, 11.92896
-6.32951, -0.71185, 872.69264, -0.53027,  1.09513, 11.92896
-5.62623, -0.71185, 869.63056, -0.53027,  1.09513, 11.92896
-5.62623, -0.71185, 872.69264, -1.06055,  1.55624, 11.92896
-6.32951, -1.42370, 872.69264, -1.06055,  1.55624, 12.15837
-5.62623, -1.42370, 872.69264, -1.06055,  2.01735, 12.15837
-5.62623, -1.42370, 872.69264, -1.59082,  2.01735, 12.15837
-5.62623, -2.13555, 872.69264, -2.12110,  2.01735, 12.15837
-5.62623, -1.42370, 872.69264, -1.59082,  2.01735, 12.15837
-6.32951, -2.13555, 872.69264, -1.59082,  2.01735, 12.15837
-6.32951, -2.13555, 872.69264, -1.59082,  2.01735, 11.92896
-6.32951, -1.42370, 875.75472, -1.06055,  2.01735, 11.92896
-5.62623, -2.13555, 875.75472, -2.12110,  2.01735, 11.92896
-5.62623, -1.42370, 872.69264, -1.59082,  2.01735, 11.92896
-6.32951, -1.42370, 872.69264, -1.59082,  2.47846, 11.92896
-5.62623, -1.42370, 872.69264, -1.59082,  2.47846, 11.92896
-5.62623, -1.42370, 872.69264, -1.06055,  2.01735, 12.15837
-5.62623, -0.71185, 875.75472, -1.06055,  2.47846, 12.15837
-5.62623, -0.71185, 872.69264, -1.59082,  2.47846, 12.15837
-5.62623, -0.71185, 872.69264, -1.06055,  2.47846, 12.15837
-5.62623, -0.71185, 872.69264, -1.59082,  2.47846, 12.15837
-5.62623, -0.71185, 875.75472, -1.06055,  2.47846, 12.15837
-5.62623, -1.42370, 872.69264, -1.59082,  2.47846, 12.15837
-6.32951, -1.42370, 872.69264, -1.59082,  2.47846, 12.15837
-5.62623, -0.71185, 872.69264, -1.59082,  2.47846, 12.38777
-5.62623, -1.42370, 872.69264, -1.59082,  2.01735, 12.15837
-4.92295, -0.71185, 872.69264, -1.59082,  2.47846, 12.15837
-4.92295, -0.71185, 872.69264, -1.59082,  2.47846, 12.15837
-5.62623, -0.71185, 872.69264, -1.59082,  2.01735, 12.15837
-5.62623, -0.71185, 872.69264, -1.06055,  2.01735, 12.15837
-5.62623, -1.42370, 875.75472, -1.59082,  2.01735, 12.15837
-5.62623, -0.71185, 875.75472, -1.59082,  2.01735, 11.92896
-5.62623, -1.42370, 875.75472, -1.59082,  1.55624, 12.15837
-5.62623, -1.42370, 872.69264, -1.59082,  2.01735, 11.92896
-5.62623, -0.71185, 872.69264, -1.59082,  2.47846, 11.92896
-5.62623, -0.71185, 869.63056, -1.59082,  2.01735, 11.92896
-5.62623, -1.42370, 869.63056, -1.59082,  2.01735, 11.92896
-5.62623, -1.42370, 872.69264, -2.12110,  2.01735, 11.92896
-5.62623, -1.42370, 872.69264, -2.65137,  2.01735, 12.15837
-5.62623, -1.42370, 872.69264, -2.65137,  2.01735, 11.92896
-5.62623, -2.13555, 872.69264, -3.18165,  2.47846, 11.92896
-5.62623, -2.13555, 872.69264, -2.65137,  2.47846, 12.15837
-5.62623, -1.42370, 872.69264, -2.65137,  2.93956, 11.92896
-6.32951, -1.42370, 872.69264, -2.65137,  2.47846, 11.92896
-5.62623, -1.42370, 872.69264, -2.65137,  2.93956, 11.92896
-5.62623, -2.13555, 872.69264, -2.65137,  2.93956, 12.15837
-5.62623, -1.42370, 872.69264, -2.65137,  2.93956, 12.15837
-6.32951, -2.13555, 875.75472, -2.65137,  2.93956, 12.15837
-5.62623, -1.42370, 872.69264, -2.65137,  2.93956, 12.15837
-6.32951, -2.13555, 872.69264, -2.65137,  2.93956, 11.92896
-5.62623, -2.13555, 872.69264, -2.65137,  2.93956, 12.15837
-5.62623, -2.13555, 872.69264, -2.65137,  3.40067, 12.15837
-5.62623, -2.13555, 872.69264, -1.59082,  2.93956, 12.15837
-6.32951, -1.42370, 872.69264, -2.12110,  2.93956, 12.15837
-6.32951, -1.42370, 872.69264, -2.12110,  3.40067, 12.15837
-6.32951, -0.71185, 872.69264, -2.12110,  3.40067, 12.15837
-6.32951, -0.71185, 872.69264, -1.59082,  3.40067, 12.15837
-6.32951, -1.42370, 872.69264, -1.59082,  3.40067, 12.15837
-6.32951, -1.42370, 875.75472, -1.59082,  3.40067, 12.15837
-6.32951, -0.71185, 872.69264, -1.06055,  3.40067, 12.15837
-6.32951, -0.71185, 872.69264, -1.59082,  3.40067, 12.15837
-6.32951, -0.71185, 872.69264, -1.59082,  3.40067, 12.15837
-6.32951, -0.71185, 869.63056, -1.06055,  3.40067, 12.15837
-6.32951, -0.71185, 869.63056, -1.06055,  3.40067, 11.92896
-6.32951, -0.71185, 872.69264, -1.06055,  3.40067, 12.15837
-6.32951, -1.42370, 872.69264, -1.06055,  2.93956, 12.15837
-6.32951, -1.42370, 875.75472, -1.59082,  3.40067, 12.15837
-7.03279, -1.42370, 872.69264, -1.06055,  3.40067, 11.92896
-6.32951, -1.42370, 875.75472, -1.59082,  3.40067, 12.15837
-6.32951, -1.42370, 872.69264, -2.12110,  3.40067, 11.92896
-6.32951, -1.42370, 872.69264, -1.59082,  3.40067, 11.92896
-6.32951, -0.71185, 872.69264, -1.59082,  3.40067, 11.92896
-6.32951, -0.71185, 869.63056, -2.12110,  3.40067, 12.15837
-6.32951, -1.42370, 869.63056, -1.59082,  3.86178, 11.92896
-6.32951, -1.42370, 869.63056, -1.59082,  3.40067, 12.15837
-6.32951, -2.13555, 872.69264, -2.12110,  3.40067, 11.92896
-6.32951, -2.13555, 872.69264, -2.12110,  3.86178, 12.15837
-6.32951, -2.13555, 872.69264, -2.12110,  3.86178, 12.15837
-6.32951, -2.13555, 875.75472, -2.12110,  3.86178, 12.15837
-6.32951, -2.13555, 872.69264, -1.59082,  3.86178, 12.15837
-6.32951, -1.42370, 872.69264, -1.59082,  3.86178, 12.15837
-6.32951, -1.42370, 869.63056, -1.59082,  3.86178, 12.15837
-6.32951, -1.42370, 872.69264, -1.59082,  3.86178, 12.15837
-7.03279, -1.42370, 872.69264, -1.06055,  3.86178, 12.15837
-6.32951, -0.71185, 872.69264, -1.06055,  3.86178, 12.15837
-6.32951, -1.42370, 872.69264, -1.06055,  3.86178, 12.15837
-6.32951, -1.42370, 875.75472, -1.06055,  3.40067, 12.15837
-5.62623, -1.42370, 872.69264, -0.53027,  3.86178, 12.15837
-6.32951, -1.42370, 872.69264, -0.53027,  3.40067, 12.15837
-6.32951, -0.71185, 872.69264, -0.53027,  3.86178, 12.15837
-5.62623, -0.71185, 872.69264,  0.00000,  3.40067, 12.15837
-6.32951, -0.71185, 872.69264,  0.53027,  3.40067, 12.15837
-5.62623,  0.00000, 872.69264,  0.00000,  3.40067, 12.15837
-5.62623, -0.71185, 872.69264,  0.00000,  3.40067, 12.15837
-5.62623, -0.71185, 872.69264,  0.00000,  3.40067, 12.15837
-5.62623, -0.71185, 872.69264,  0.00000,  3.40067, 12.38777
-6.32951, -0.71185, 872.69264, -0.53027,  3.40067, 11.92896
-5.62623, -0.71185, 875.75472,  0.00000,  3.40067, 12.15837
-5.62623, -0.71185, 875.75472,  0.00000,  2.93956, 11.92896
-5.62623, -0.71185, 872.69264,  0.00000,  2.93956, 12.15837
-5.62623, -0.71185, 875.75472,  0.00000,  3.40067, 11.92896
-5.62623, -1.42370, 872.69264,  0.00000,  2.93956, 11.92896
-5.62623, -0.71185, 872.69264, -0.53027,  3.40067, 12.15837
-5.62623, -1.42370, 872.69264, -0.53027,  3.40067, 11.92896
-5.62623, -0.71185, 875.75472, -0.53027,  2.93956, 11.92896
-5.62623, -1.42370, 875.75472, -0.53027,  2.93956, 12.15837
-5.62623, -2.13555, 875.75472, -0.53027,  2.93956, 12.15837
-5.62623, -1.42370, 875.75472,  0.00000,  2.93956, 11.92896
-5.62623, -0.71185, 872.69264,  0.00000,  3.40067, 12.15837
-6.32951, -0.71185, 872.69264,  0.53027,  2.93956, 12.15837
-5.62623, -1.42370, 872.69264,  0.53027,  2.93956, 12.15837
-5.62623, -0.71185, 872.69264,  0.53027,  2.93956, 12.15837
-5.62623, -1.42370, 872.69264,  0.53027,  2.93956, 12.15837
-5.62623, -0.71185, 875.75472,  0.53027,  2.93956, 12.15837
-6.32951, -0.71185, 872.69264,  0.53027,  2.93956, 12.15837
-5.62623, -1.42370, 875.75472,  1.06055,  2.93956, 12.15837
-6.32951, -0.71185, 872.69264,  1.06055,  2.93956, 12.15837
-5.62623, -0.71185, 872.69264,  0.53027,  2.93956, 12.15837
-5.62623, -1.42370, 872.69264,  0.53027,  2.47846, 12.15837
-5.62623, -0.71185, 872.69264,  0.53027,  2.93956, 12.15837
-5.62623, -0.71185, 872.69264,  0.53027,  2.47846, 11.92896
-5.62623, -0.71185, 875.75472,  0.53027,  2.47846, 12.15837
-4.92295, -0.71185, 872.69264,  1.06055,  2.93956, 12.15837
-5.62623, -0.71185, 875.75472,  0.53027,  2.93956, 12.38777
-5.62623, -1.42370, 872.69264,  1.06055,  2.47846, 12.15837
-5.62623, -0.71185, 872.69264,  1.06055,  2.47846, 12.15837
-5.62623, -1.42370, 872.69264,  1.06055,  2.47846, 12.15837
-5.62623, -1.42370, 872.69264,  1.06055,  2.47846, 12.15837
-5.62623, -1.42370, 875.75472,  1.06055,  2.47846, 11.92896
-5.62623, -1.42370, 875.75472,  1.06055,  2.47846, 12.15837
-4.92295, -1.42370, 872.69264,  1.06055,  2.47846, 12.15837
-4.92295, -0.71185, 875.75472,  1.06055,  2.47846, 11.92896
-5.62623, -0.71185, 872.69264,  1.06055,  2.47846, 11.92896
-5.62623, -0.71185, 872.69264,  1.06055,  2.47846, 11.92896
-4.92295, -0.71185, 872.69264,  1.59082,  2.93956, 11.92896
-4.92295, -0.71185, 875.75472,  1.59082,  2.93956, 12.15837
-4.92295, -1.42370, 875.75472,  1.59082,  2.93956, 11.92896
-4.92295, -1.42370, 872.69264,  1.59082,  2.93956, 12.15837
-4.92295, -0.71185, 872.69264,  1.59082,  2.93956, 12.15837
-5.62623, -0.71185, 875.75472,  1.59082,  3.40067, 12.15837
-5.62623, -0.71185, 872.69264,  1.59082,  3.40067, 12.15837
-5.62623, -1.42370, 872.69264,  1.59082,  3.40067, 12.15837
-5.62623, -0.71185, 875.75472,  1.59082,  3.40067, 12.15837
-6.32951, -0.71185, 875.75472,  2.12110,  3.40067, 11.92896
-5.62623, -1.42370, 875.75472,  1.06055,  2.93956, 12.15837
-5.62623, -0.71185, 875.75472,  1.59082,  3.40067, 12.15837
-5.62623, -0.71185, 872.69264,  1.59082,  2.93956, 12.15837
-5.62623, -0.71185, 872.69264,  1.59082,  2.93956, 12.15837
-5.62623, -0.71185, 872.69264,  1.59082,  2.93956, 12.15837
-5.62623, -1.42370, 872.69264,  1.06055,  2.93956, 12.15837
-5.62623, -1.42370, 872.69264,  1.06055,  3.40067, 12.15837
-5.62623, -1.42370, 875.75472,  1.06055,  2.93956, 12.15837
-5.62623, -2.13555, 875.75472,  1.06055,  2.93956, 12.38777
-5.62623, -1.42370, 872.69264,  1.06055,  2.93956, 12.38777
-5.62623, -1.42370, 872.69264,  1.59082,  2.93956, 12.38777
-5.62623, -1.42370, 872.69264,  1.06055,  2.47846, 12.38777
-4.92295, -1.42370, 872.69264,  1.59082,  2.93956, 12.15837
-5.62623, -1.42370, 872.69264,  1.06055,  2.93956, 12.15837
-5.62623, -1.42370, 872.69264,  1.06055,  2.93956, 12.15837
-4.92295, -1.42370, 872.69264,  0.53027,  2.93956, 12.15837
-4.92295, -1.42370, 872.69264,  1.06055,  2.93956, 12.15837
-4.92295, -1.42370, 872.69264,  1.06055,  2.93956, 12.15837
-5.62623, -2.13555, 872.69264,  1.59082,  2.93956, 12.15837
-5.62623, -1.42370, 872.69264,  1.06055,  2.93956, 12.15837
-5.62623, -1.42370, 872.69264,  1.06055,  2.93956, 12.15837
-5.62623, -1.42370, 872.69264,  1.59082,  2.93956, 12.15837
-5.62623, -1.42370, 872.69264,  1.59082,  2.93956, 12.15837
-5.62623, -1.42370, 872.69264,  2.12110,  2.93956, 12.15837
-5.62623, -0.71185, 872.69264,  2.12110,  2.93956, 12.15837
-5.62623, -0.71185, 872.69264,  2.12110,  2.47846, 11.92896
-4.92295, -0.71185, 872.69264,  2.12110,  2.47846, 11.92896
-4.92295, -0.71185, 872.69264,  2.12110,  2.93956, 12.15837
-5.62623, -0.71185, 872.69264,  2.65137,  2.93956, 12.15837
-5.62623, -0.71185, 872.69264,  2.12110,  2.93956, 11.92896
-5.62623, -0.71185, 872.69264,  2.65137,  2.93956, 11.92896
-5.62623, -0.71185, 872.69264,  2.65137,  2.93956, 12.15837
-5.62623, -0.71185, 875.75472,  2.65137,  2.93956, 12.15837
-5.62623, -0.71185, 872.69264,  2.12110,  2.93956, 12.15837
-5.62623, -0.71185, 872.69264,  3.18165,  2.93956, 12.15837
-5.62623, -0.71185, 872.69264,  2.65137,  3.40067, 12.15837
-5.62623, -0.71185, 872.69264,  2.65137,  2.93956, 12.15837
-5.62623, -1.42370, 872.69264,  2.65137,  3.40067, 12.15837
-5.62623, -0.71185, 872.69264,  3.18165,  3.40067, 12.15837
-5.62623, -0.71185, 872.69264,  2.65137,  3.40067, 12.15837
-5.62623, -0.71185, 872.69264,  3.18165,  2.93956, 12.15837
-6.32951, -0.71185, 869.63056,  3.18165,  2.93956, 12.15837
-5.62623, -0.71185, 869.63056,  3.18165,  3.40067, 12.15837
-5.62623, -0.71185, 869.63056,  3.18165,  3.40067, 12.15837
-5.62623, -1.42370, 869.63056,  3.18165,  3.40067, 12.15837
-5.62623, -1.42370, 872.69264,  3.18165,  2.93956, 12.15837
-5.62623, -0.71185, 872.69264,  3.18165,  2.93956, 12.15837
-5.62623, -0.71185, 872.69264,  3.18165,  3.40067, 12.15837
-5.62623, -0.71185, 872.69264,  3.18165,  3.40067, 12.38777
-5.62623, -1.42370, 872.69264,  3.18165,  3.40067, 12.15837
-4.92295, -1.42370, 875.75472,  3.18165,  3.40067, 12.15837
-5.62623, -1.42370, 872.69264,  3.18165,  3.40067, 12.15837
-5.62623, -0.71185, 872.69264,  2.65137,  3.86178, 12.15837
-5.62623, -1.42370, 872.69264,  3.18165,  3.40067, 12.15837
-5.62623, -1.42370, 872.69264,  2.65137,  3.86178, 11.92896
-5.62623, -1.42370, 872.69264,  2.65137,  3.86178, 12.15837
-5.62623, -2.13555, 872.69264,  2.65137,  3.86178, 11.92896
-5.62623, -1.42370, 872.69264,  3.18165,  3.40067, 11.92896
-4.92295, -2.13555, 872.69264,  3.18165,  3.86178, 12.15837
-5.62623, -1.42370, 869.63056,  3.18165,  3.86178, 11.92896
-5.62623, -1.42370, 872.69264,  3.18165,  3.86178, 11.92896
-5.62623, -0.71185, 872.69264,  3.18165,  3.86178, 11.92896
-5.62623, -1.42370, 872.69264,  3.18165,  4.32289, 12.15837
-5.62623, -1.42370, 872.69264,  3.71192,  4.32289, 12.15837
-5.62623, -0.71185, 869.63056,  3.71192,  3.86178, 12.15837
-5.62623, -1.42370, 872.69264,  3.71192,  4.32289, 12.15837
-5.62623, -1.42370, 872.69264,  3.18165,  4.32289, 12.15837
-5.62623, -0.71185, 872.69264,  3.71192,  4.78400, 12.15837
-5.62623, -0.71185, 872.69264,  4.24219,  4.32289, 12.15837
-5.62623, -1.42370, 875.75472,  4.24219,  4.78400, 12.15837
-5.62623, -0.71185, 869.63056,  4.24219,  4.32289, 12.38777
-5.62623, -0.71185, 872.69264,  4.24219,  4.78400, 12.38777
-5.62623, -0.71185, 872.69264,  4.24219,  4.78400, 12.15837
-5.62623, -0.71185, 872.69264,  4.24219,  4.78400, 12.15837
-5.62623, -0.71185, 872.69264,  3.71192,  4.78400, 12.15837
-5.62623, -1.42370, 875.75472,  4.24219,  4.78400, 12.15837
-5.62623, -0.71185, 872.69264,  4.24219,  4.78400, 12.15837
-5.62623, -1.42370, 872.69264,  4.24219,  4.78400, 12.15837
-5.62623, -1.42370, 872.69264,  4.77247,  4.78400, 12.15837
-5.62623, -0.71185, 869.63056,  4.24219,  4.78400, 12.15837
-5.62623, -0.71185, 869.63056,  4.77247,  4.78400, 12.15837
-6.32951, -0.71185, 872.69264,  4.77247,  4.78400, 12.15837
-6.32951, -1.42370, 872.69264,  4.24219,  4.78400, 12.15837
-5.62623, -1.42370, 872.69264,  4.77247,  5.24510, 12.15837
-6.32951, -1.42370, 872.69264,  4.77247,  5.24510, 12.38777
-5.62623, -1.42370, 872.69264,  4.77247,  5.24510, 12.15837
-5.62623, -1.42370, 872.69264,  4.77247,  5.70621, 12.38777
-5.62623, -1.42370, 872.69264,  5.30274,  5.24510, 12.15837
-6.32951, -0.71185, 872.69264,  5.30274,  5.70621, 12.15837
-5.62623, -1.42370, 872.69264,  5.30274,  5.70621, 12.15837
-6.32951, -1.42370, 872.69264,  5.30274,  5.24510, 11.92896
-6.32951, -0.71185, 869.63056,  5.30274,  5.70621, 12.15837
-5.62623, -1.42370, 872.69264,  5.30274,  5.24510, 11.92896
-5.62623, -1.42370, 869.63056,  5.83302,  5.24510, 11.92896
-5.62623, -1.42370, 872.69264,  5.30274,  5.70621, 11.92896
-5.62623, -1.42370, 875.75472,  5.83302,  6.16732, 11.92896
-5.62623, -1.42370, 872.69264,  5.83302,  5.70621, 11.92896
-5.62623, -1.42370, 872.69264,  5.83302,  6.16732, 12.15837
-6.32951, -0.71185, 872.69264,  6.36329,  6.16732, 12.15837
-5.62623, -0.71185, 869.63056,  5.83302,  6.16732, 12.15837
-5.62623, -0.71185, 872.69264,  6.36329,  6.62843, 12.15837
-6.32951, -0.71185, 872.69264,  6.36329,  6.62843, 12.15837
-5.62623, -0.71185, 872.69264,  6.89356,  6.62843, 12.15837
-6.32951, -0.71185, 872.69264,  6.89356,  7.08954, 12.15837
-6.32951, -0.71185, 872.69264,  6.89356,  7.08954, 12.15837
-6.32951, -0.71185, 869.63056,  7.42384,  7.55064, 12.38777
-6.32951, -0.71185, 872.69264,  7.42384,  7.55064, 12.15837
-6.32951,  0.00000, 872.69264,  7.95411,  7.55064, 12.38777
-6.32951,  0.00000, 872.69264,  8.48439,  7.08954, 12.15837
-6.32951,  0.00000, 869.63056,  8.48439,  7.55064, 12.15837
-6.32951,  0.00000, 869.63056,  8.48439,  7.55064, 12.15837
-6.32951,  0.71185, 872.69264,  8.48439,  7.55064, 12.38777
-6.32951,  0.71185, 872.69264,  9.01466,  7.55064, 12.15837
-6.32951,  0.71185, 869.63056,  9.01466,  7.55064, 12.38777
-6.32951,  0.71185, 872.69264,  8.48439,  7.08954, 12.38777
-6.32951,  0.00000, 872.69264,  9.01466,  7.08954, 12.38777
-6.32951,  0.71185, 872.69264,  9.01466,  7.08954, 12.15837
-6.32951,  0.00000, 872.69264,  8.48439,  7.55064, 12.15837
-6.32951,  0.00000, 869.63056,  9.01466,  7.08954, 12.38777
-5.62623,  0.71185, 869.63056,  9.01466,  7.08954, 12.15837
-5.62623,  0.00000, 869.63056,  8.48439,  7.08954, 12.15837
-6.32951,  0.00000, 872.69264,  8.48439,  6.62843, 12.38777
-5.62623,  0.00000, 872.69264,  8.48439,  6.62843, 12.38777
-6.32951, -0.71185, 872.69264,  8.48439,  6.62843, 12.38777
-5.62623, -0.71185, 872.69264,  8.48439,  6.62843, 12.15837
-5.62623, -0.71185, 872.69264,  8.48439,  6.62843, 12.15837
-5.62623,  0.00000, 872.69264,  8.48439,  6.62843, 12.15837
-5.62623,  0.00000, 869.63056,  8.48439,  6.16732, 12.38777
-5.62623,  0.71185, 872.69264,  8.48439,  6.62843, 12.15837
-5.62623,  0.00000, 872.69264,  8.48439,  6.62843, 12.15837
-5.62623,  0.00000, 872.69264,  8.48439,  6.62843, 12.15837
-5.62623,  0.00000, 872.69264,  8.48439,  6.62843, 12.15837
-5.62623,  0.00000, 869.63056,  7.95411,  6.62843, 12.15837
-5.62623,  0.00000, 869.63056,  8.48439,  6.62843, 12.15837
-5.62623,  0.00000, 869.63056,  7.95411,  6.62843, 12.15837
-5.62623, -0.71185, 872.69264,  7.95411,  6.62843, 12.15837
-5.62623, -0.71185, 869.63056,  7.95411,  6.62843, 12.15837
-5.62623, -0.71185, 872.69264,  7.95411,  6.62843, 12.15837
-6.32951,  0.00000, 869.63056,  7.95411,  6.62843, 12.15837
-5.62623,  0.00000, 872.69264,  7.42384,  6.62843, 12.15837
-5.62623, -0.71185, 869.63056,  7.42384,  6.62843, 12.15837
-6.32951, -0.71185, 869.63056,  7.42384,  6.62843, 12.15837
-6.32951, -0.71185, 872.69264,  6.89356,  6.62843, 12.15837
-6.32951, -0.71185, 872.69264,  6.89356,  6.62843, 12.38777
-6.32951, -0.71185, 872.69264,  6.36329,  6.62843, 12.38777
-5.62623, -1.42370, 869.63056,  6.36329,  6.62843, 12.15837
-6.32951, -1.42370, 869.63056,  6.36329,  6.62843, 12.38777
-6.32951, -1.42370, 869.63056,  6.36329,  6.62843, 12.38777
-6.32951, -1.42370, 869.63056,  5.83302,  6.62843, 12.38777
-6.32951, -2.13555, 869.63056,  5.83302,  6.62843, 12.15837
-6.32951, -1.42370, 869.63056,  5.30274,  6.62843, 12.15837
-6.32951, -1.42370, 869.63056,  5.30274,  6.16732, 12.38777
-7.03279, -2.13555, 869.63056,  5.30274,  6.62843, 12.15837
-7.03279, -2.13555, 872.69264,  5.30274,  6.62843, 12.15837
-6.32951, -1.42370, 869.63056,  5.30274,  6.16732, 12.15837
-7.03279, -2.13555, 872.69264,  5.30274,  6.16732, 12.15837
-6.32951, -2.13555, 869.63056,  5.30274,  6.16732, 12.38777
-6.32951, -1.42370, 872.69264,  5.30274,  6.16732, 12.15837
-6.32951, -1.42370, 869.63056,  5.30274,  6.16732, 12.38777
-5.62623, -1.42370, 869.63056,  5.83302,  5.70621, 12.15837
-6.32951, -1.42370, 869.63056,  5.83302,  6.16732, 12.15837
-6.32951, -0.71185, 869.63056,  5.83302,  6.16732, 12.15837
-6.32951, -1.42370, 869.63056,  5.30274,  5.70621, 12.15837
-5.62623, -1.42370, 872.69264,  5.30274,  5.70621, 12.15837
-5.62623, -1.42370, 872.69264,  5.83302,  5.70621, 12.15837
-5.62623, -0.71185, 869.63056,  5.83302,  5.24510, 12.15837
-5.62623, -0.71185, 869.63056,  6.36329,  5.70621, 12.15837
-6.32951,  0.00000, 869.63056,  6.36329,  5.70621, 12.15837
-5.62623,  0.00000, 869.63056,  6.89356,  5.70621, 12.15837
-6.32951,  0.00000, 869.63056,  6.89356,  5.70621, 12.15837
-6.32951,  0.00000, 869.63056,  6.89356,  5.70621, 12.15837
-5.62623,  0.00000, 869.63056,  6.36329,  5.70621, 12.15837
-6.32951,  0.00000, 869.63056,  6.89356,  5.70621, 11.92896
-5.62623, -0.71185, 869.63056,  6.89356,  5.70621, 12.15837
-6.32951, -0.71185, 869.63056,  7.42384,  5.70621, 11.92896
-6.32951,  0.00000, 869.63056,  6.89356,  5.70621, 11.92896
-5.62623, -0.71185, 872.69264,  7.42384,  6.16732, 11.92896
-6.32951,  0.00000, 869.63056,  7.42384,  6.16732, 12.15837
-7.03279,  0.71185, 869.63056,  7.42384,  6.16732, 12.15837
-6.32951,  0.71185, 872.69264,  7.95411,  6.62843, 12.15837
-7.03279,  0.71185, 869.63056,  7.95411,  6.62843, 12.15837
-7.03279,  1.42370, 869.63056,  7.42384,  6.62843, 12.15837
-6.32951,  0.71185, 869.63056,  7.95411,  6.16732, 12.38777
-6.32951,  0.71185, 872.69264,  7.42384,  6.16732, 12.15837
-6.32951,  0.71185, 869.63056,  7.42384,  6.16732, 12.15837
-6.32951,  0.71185, 872.69264,  7.42384,  6.62843, 12.38777
-6.32951,  0.00000, 872.69264,  6.89356,  6.62843, 12.15837
-6.32951,  0.71185, 872.69264,  6.89356,  6.16732, 12.15837
-6.32951,  0.00000, 869.63056,  7.42384,  6.16732, 12.38777
-5.62623,  0.00000, 869.63056,  6.89356,  6.16732, 12.15837
-6.32951,  0.00000, 869.63056,  6.36329,  6.16732, 12.15837
-5.62623,  0.71185, 869.63056,  6.36329,  6.16732, 12.38777
-6.32951,  0.00000, 869.63056,  5.83302,  5.70621, 12.38777
-6.32951, -0.71185, 872.69264,  5.83302,  5.70621, 12.15837
-6.32951, -0.71185, 869.63056,  5.83302,  5.70621, 12.15837
-5.62623, -0.71185, 869.63056,  5.30274,  5.70621, 12.38777
-6.32951,  0.00000, 869.63056,  5.30274,  5.70621, 12.15837
-5.62623,  0.00000, 872.69264,  4.77247,  5.70621, 12.15837
-5.62623, -0.71185, 872.69264,  4.77247,  5.70621, 12.15837
-5.62623, -0.71185, 869.63056,  4.77247,  5.24510, 12.15837
-5.62623,  0.00000, 869.63056,  4.77247,  5.24510, 12.15837
-6.32951,  0.00000, 869.63056,  4.77247,  5.24510, 12.15837
-5.62623,  0.00000, 866.56848,  4.77247,  5.24510, 12.15837
-5.62623,  0.00000, 869.63056,  4.24219,  5.24510, 12.15837
-5.62623, -0.71185, 869.63056,  3.71192,  5.24510, 12.15837
-5.62623, -0.71185, 869.63056,  3.71192,  5.24510, 12.15837
-5.62623, -0.71185, 872.69264,  3.18165,  5.70621, 12.15837
-5.62623,  0.00000, 872.69264,  3.18165,  5.24510, 12.15837
-5.62623, -0.71185, 872.69264,  2.65137,  5.24510, 12.38777
-5.62623, -0.71185, 869.63056,  2.12110,  5.24510, 12.15837
-5.62623, -1.42370, 869.63056,  1.59082,  5.24510, 12.15837
-5.62623, -0.71185, 869.63056,  1.59082,  5.24510, 12.15837
-4.92295, -0.71185, 869.63056,  1.06055,  5.24510, 12.15837
-4.92295, -0.71185, 869.63056,  1.06055,  5.24510, 12.15837
-4.92295, -1.42370, 869.63056,  1.06055,  4.78400, 12.15837
-4.92295, -1.42370, 872.69264,  1.06055,  4.78400, 12.15837
-4.92295, -1.42370, 869.63056,  0.53027,  4.78400, 12.15837
-4.92295, -2.13555, 872.69264,  0.53027,  4.78400, 12.15837
-4.92295, -0.71185, 872.69264,  0.53027,  4.78400, 12.15837
-4.92295, -0.71185, 872.69264,  1.06055,  4.78400, 12.15837
-4.92295, -0.71185, 872.69264,  1.59082,  4.78400, 12.15837
-4.92295,  0.00000, 872.69264,  1.59082,  5.24510, 11.92896
-4.92295,  0.71185, 869.63056,  2.12110,  5.24510, 11.92896
-4.92295,  0.71185, 869.63056,  2.12110,  5.24510, 11.92896
-4.92295,  0.71185, 872.69264,  2.12110,  5.24510, 12.15837
-4.92295,  0.71185, 872.69264,  2.12110,  5.70621, 12.15837
-4.92295,  0.71185, 872.69264,  2.12110,  5.70621, 12.38777
-5.62623,  0.71185, 872.69264,  2.12110,  5.70621, 11.92896
-4.92295,  0.71185, 869.63056,  2.12110,  5.70621, 12.15837
-4.92295,  0.71185, 872.69264,  1.59082,  5.70621, 11.92896
-4.92295,  0.71185, 869.63056,  1.59082,  6.16732, 12.15837
-4.92295,  0.00000, 869.63056,  1.06055,  6.16732, 12.15837
-5.62623,  0.00000, 872.69264,  0.53027,  6.16732, 12.15837
-5.62623,  0.00000, 869.63056,  1.06055,  6.16732, 12.15837
-4.92295,  0.00000, 869.63056,  0.53027,  6.16732, 12.15837
-4.92295,  0.00000, 869.63056,  0.00000,  6.16732, 12.15837
-4.92295, -0.71185, 872.69264, -0.53027,  6.62843, 12.15837
-5.62623, -0.71185, 872.69264, -0.53027,  6.62843, 12.15837
-5.62623, -0.71185, 872.69264, -1.06055,  6.62843, 12.15837
-5.62623, -1.42370, 872.69264, -1.59082,  6.62843, 12.15837
-4.92295, -1.42370, 872.69264, -1.59082,  6.62843, 12.38777
-4.92295, -1.42370, 872.69264, -2.12110,  6.62843, 12.15837
-4.92295, -1.42370, 866.56848, -3.18165,  6.62843, 12.15837
-4.92295, -1.42370, 869.63056, -3.18165,  7.08954, 12.15837
-4.92295, -1.42370, 869.63056, -3.71192,  7.08954, 12.15837
-4.92295, -1.42370, 869.63056, -4.24219,  6.62843, 12.38777
-4.92295, -2.13555, 866.56848, -4.24219,  6.62843, 12.15837
-4.92295, -2.13555, 866.56848, -3.71192,  7.08954, 11.92896
-4.92295, -1.42370, 869.63056, -4.24219,  7.08954, 12.15837
-4.92295, -2.13555, 869.63056, -4.77247,  7.08954, 12.15837
-5.62623, -2.13555, 869.63056, -4.77247,  7.08954, 11.92896
-4.92295, -2.13555, 869.63056, -5.30274,  7.08954, 12.15837
-5.62623, -2.13555, 872.69264, -5.30274,  7.08954, 11.92896
-5.62623, -1.42370, 869.63056, -5.30274,  7.55064, 11.69956
-5.62623, -2.13555, 872.69264, -5.30274,  7.55064, 11.69956
-5.62623, -1.42370, 869.63056, -5.30274,  7.55064, 11.69956
-5.62623, -1.42370, 872.69264, -5.83302,  8.01175, 11.92896
-5.62623, -1.42370, 872.69264, -5.83302,  8.01175, 11.69956
-5.62623, -1.42370, 869.63056, -5.83302,  8.01175, 11.92896
-5.62623, -1.42370, 872.69264, -5.83302,  8.01175, 11.69956
-5.62623, -0.71185, 872.69264, -5.30274,  8.93397, 11.92896
-5.62623, -0.71185, 872.69264, -5.83302,  8.93397, 11.92896
-5.62623, -0.71185, 872.69264, -5.83302,  8.93397, 11.92896
-5.62623, -0.71185, 869.63056, -5.83302,  9.85618, 11.92896
-6.32951, -0.71185, 872.69264, -5.83302,  9.85618, 12.15837
-7.03279, -0.71185, 869.63056, -5.83302, 10.77840, 11.92896
-7.73607,  0.71185, 872.69264, -5.30274, 10.77840, 11.92896
-8.43935,  0.00000, 872.69264, -5.30274, 11.70062, 12.15837
-8.43935,  0.00000, 869.63056, -5.30274, 11.70062, 11.92896
-7.73607,  0.00000, 872.69264, -5.83302, 11.70062, 12.15837
-7.73607, -0.71185, 872.69264, -5.30274, 11.70062, 12.15837
-7.73607, -0.71185, 869.63056, -5.83302, 12.16172, 12.15837
-7.03279, -0.71185, 869.63056, -5.83302, 11.70062, 12.38777
-7.73607, -0.71185, 869.63056, -5.83302, 11.70062, 12.15837
-7.73607, -0.71185, 869.63056, -6.36329, 11.23951, 12.15837
-7.03279, -0.71185, 869.63056, -6.89356, 11.23951, 12.15837
-7.03279, -0.71185, 869.63056, -6.89356, 11.70062, 12.15837
-7.03279, -1.42370, 872.69264, -7.42384, 11.23951, 12.15837
-7.03279, -0.71185, 872.69264, -7.42384, 11.23951, 12.15837
-6.32951, -1.42370, 872.69264, -7.95411, 10.77840, 12.15837
