
-4.21968, -2.84740, 685.90579,  5.83302, 17.52210,  9.63493
-3.51640, -2.13555, 685.90579,  5.83302, 17.52210,  9.63493
-4.21968, -1.42370, 685.90579,  5.83302, 17.06100,  9.63493
-3.51640, -1.42370, 685.90579,  6.36329, 16.59989,  9.63493
-4.21968, -1.42370, 688.96787,  6.36329, 17.06100,  9.63493
-3.51640, -1.42370, 685.90579,  6.36329, 17.06100,  9.63493
-3.51640, -1.42370, 685.90579,  6.36329, 16.59989,  9.63493
-3.51640, -1.42370, 685.90579,  6.36329, 16.59989,  9.63493
-3.51640, -2.13555, 685.90579,  6.36329, 16.59989,  9.63493
-3.51640, -2.84740, 685.90579,  6.36329, 16.13878,  9.63493
-3.51640, -2.13555, 685.90579,  6.36329, 16.13878,  9.63493
-3.51640, -2.13555, 685.90579,  6.89356, 16.13878,  9.63493
-3.51640, -2.13555, 685.90579,  6.89356, 16.13878,  9.63493
-2.81312, -2.13555, 685.90579,  6.36329, 16.13878,  9.63493
-3.51640, -2.13555, 685.90579,  6.36329, 16.13878,  9.63493
-3.51640, -2.84740, 685.90579,  6.36329, 15.67767,  9.63493
-2.81312, -2.84740, 688.96787,  6.89356, 16.13878,  9.63493
-3.51640, -2.13555, 688.96787,  7.42384, 15.67767,  9.63493
-2.81312, -2.13555, 685.90579,  7.42384, 15.67767,  9.63493
-2.81312, -2.13555, 685.90579,  7.95411, 15.67767,  9.63493
-2.81312, -1.42370, 685.90579,  8.48439, 15.67767,  9.63493
-2.81312, -1.42370, 685.90579,  8.48439, 15.21656,  9.86434
-2.81312, -0.71185, 685.90579,  9.01466, 15.21656,  9.86434
-2.81312,  0.00000, 685.90579,  9.54494, 15.21656,  9.86434
-2.81312, -0.71185, 685.90579, 10.07521, 15.21656,  9.63493
-3.51640, -0.71185, 685.90579, 10.07521, 15.21656,  9.63493
-2.81312, -0.71185, 685.90579, 10.07521, 15.21656,  9.86434
-2.81312, -0.71185, 688.96787, 10.07521, 15.21656,  9.86434
-2.81312,  0.00000, 685.90579, 10.07521, 15.21656,  9.63493
-2.81312, -0.71185, 685.90579, 10.07521, 14.75546,  9.63493
-2.81312, -0.71185, 688.96787, 10.07521, 15.21656,  9.63493
-2.81312,  0.00000, 685.90579, 10.60548, 15.21656,  9.63493
-2.81312,  0.00000, 688.96787, 10.07521, 14.75546,  9.63493
-2.81312,  0.00000, 688.96787, 10.07521, 15.21656,  9.63493
-2.81312, -0.71185, 685.90579, 10.07521, 15.67767,  9.63493
-2.81312, -0.71185, 685.90579, 10.07521, 15.21656,  9.63493
-2.81312, -0.71185, 685.90579, 10.60548, 15.21656,  9.63493
-2.81312, -0.71185, 685.90579, 10.07521, 15.21656,  9.86434
-3.51640, -1.42370, 685.90579, 10.60548, 15.21656,  9.63493
-3.51640, -0.71185, 685.90579, 10.60548, 15.21656,  9.86434
-3.51640, -1.42370, 688.96787, 10.07521, 15.21656,  9.63493
-3.51640, -1.42370, 685.90579, 10.07521, 15.67767,  9.86434
-2.81312, -0.71185, 688.96787, 10.07521, 15.21656,  9.86434
-3.51640, -1.42370, 685.90579,  9.54494, 15.67767,  9.63493
-2.81312, -1.42370, 685.90579,  9.54494, 15.21656,  9.86434
-3.51640, -1.42370, 685.90579,  9.54494, 15.21656,  9.63493
-3.51640, -1.42370, 685.90579,  9.01466, 15.21656,  9.63493
-3.51640, -2.13555, 688.96787,  8.48439, 15.67767,  9.63493
-2.81312, -2.13555, 688.96787,  9.01466, 15.67767,  9.86434
-3.51640, -2.84740, 685.90579,  9.01466, 15.21656,  9.86434
-3.51640, -2.84740, 688.96787,  9.01466, 15.21656,  9.63493
-3.51640, -2.84740, 688.96787,  9.01466, 15.21656,  9.63493
-2.81312, -2.84740, 688.96787,  9.01466, 15.21656,  9.63493
-3.51640, -2.13555, 688.96787, 10.07521, 15.21656,  9.63493
-2.81312, -1.42370, 688.96787, 10.07521, 14.75546,  9.63493
-2.81312, -1.42370, 688.96787, 10.07521, 14.75546,  9.63493
-2.81312, -1.42370, 685.90579, 10.07521, 14.75546,  9.86434
-2.81312, -0.71185, 685.90579, 10.60548, 14.75546,  9.86434
-2.10984,  0.00000, 685.90579, 10.07521, 14.75546,  9.86434
-2.81312,  0.00000, 685.90579, 10.07521, 14.75546,  9.63493
-2.81312, -0.71185, 685.90579,  9.54494, 14.75546,  9.86434
-2.81312, -1.42370, 685.90579, 10.07521, 14.75546,  9.63493
-2.81312, -1.42370, 685.90579,  9.54494, 14.75546,  9.63493
-2.81312, -2.13555, 685.90579, 10.07521, 14.29435,  9.86434
-2.10984, -2.13555, 685.90579, 10.07521, 14.75546,  9.86434
-2.81312, -1.42370, 685.90579, 10.07521, 14.29435,  9.86434
-2.81312, -1.42370, 685.90579, 10.07521, 14.75546,  9.86434
-2.81312, -1.42370, 685.90579,  9.54494, 14.29435,  9.63493
-2.81312, -1.42370, 685.90579, 10.07521, 14.75546,  9.63493
-2.10984, -1.42370, 688.96787, 10.07521, 14.29435,  9.63493
-2.81312, -0.71185, 688.96787, 10.07521, 14.75546,  9.63493
-2.81312, -1.42370, 685.90579, 10.07521, 14.29435,  9.86434
-2.81312, -1.42370, 685.90579, 10.07521, 14.29435,  9.86434
-2.81312, -1.42370, 685.90579, 10.07521, 14.75546,  9.86434
-2.81312, -1.42370, 688.96787, 10.07521, 14.75546,  9.86434
-2.81312, -0.71185, 685.90579, 10.07521, 14.75546,  9.63493
-2.10984, -1.42370, 685.90579,  9.54494, 14.75546,  9.63493
-2.81312, -1.42370, 685.90579, 10.07521, 15.21656,  9.63493
-2.81312, -1.42370, 685.90579,  9.54494, 14.75546,  9.86434
-2.10984, -2.13555, 685.90579,  9.54494, 15.21656,  9.63493
-2.81312, -1.42370, 685.90579,  9.54494, 15.21656,  9.63493
-2.81312, -2.13555, 688.96787,  9.54494, 15.21656,  9.86434
-2.81312, -1.42370, 688.96787, 10.07521, 15.21656,  9.63493
-2.81312, -2.13555, 688.96787,  9.54494, 15.67767,  9.40553
-2.81312, -2.13555, 685.90579,  9.54494, 15.21656,  9.63493
-3.51640, -1.42370, 688.96787,  9.54494, 15.67767,  9.63493
-2.81312, -2.13555, 688.96787,  9.54494, 15.67767,  9.63493
-2.81312, -1.42370, 688.96787,  9.54494, 15.67767,  9.63493
-2.81312, -2.13555, 685.90579,  9.54494, 15.67767,  9.63493
-3.51640, -1.42370, 682.84371, 10.07521, 16.13878,  9.63493
-2.81312, -2.13555, 685.90579, 10.07521, 15.67767,  9.86434
-3.51640, -2.13555, 685.90579,  9.54494, 16.13878,  9.63493
-3.51640, -2.13555, 688.96787,  9.54494, 16.13878,  9.86434
-3.51640, -1.42370, 685.90579, 10.07521, 16.13878,  9.63493
-3.51640, -1.42370, 685.90579, 10.07521, 16.13878,  9.86434
-2.81312, -0.71185, 685.90579,  9.54494, 16.13878,  9.86434
-3.51640, -0.71185, 685.90579,  9.54494, 16.59989,  9.86434
-3.51640, -0.71185, 685.90579, 10.07521, 16.13878,  9.86434
-3.51640, -1.42370, 685.90579,  9.54494, 16.13878,  9.86434
-3.51640, -1.42370, 688.96787,  9.54494, 16.13878,  9.86434
-3.51640, -0.71185, 685.90579,  9.54494, 16.59989,  9.63493
-3.51640, -0.71185, 685.90579, 10.07521, 16.59989,  9.86434
-3.51640, -1.42370, 685.90579,  9.01466, 16.59989,  9.63493
-3.51640, -1.42370, 685.90579,  9.01466, 16.59989,  9.63493
-3.51640, -2.13555, 688.96787,  9.01466, 16.59989,  9.86434
-4.21968, -1.42370, 685.90579,  9.01466, 16.59989,  9.86434
-4.21968, -2.13555, 685.90579,  9.01466, 16.59989,  9.86434
-4.21968, -2.13555, 685.90579,  8.48439, 16.59989,  9.86434
-3.51640, -1.42370, 685.90579,  9.01466, 16.59989,  9.86434
-3.51640, -2.13555, 685.90579,  9.01466, 16.59989,  9.86434
-4.21968, -2.13555, 685.90579,  8.48439, 16.59989,  9.86434
-3.51640, -2.84740, 688.96787,  8.48439, 16.59989,  9.86434
-4.21968, -2.84740, 688.96787,  7.95411, 16.59989,  9.86434
-3.51640, -2.13555, 688.96787,  7.95411, 16.59989,  9.86434
-4.21968, -2.13555, 685.90579,  8.48439, 16.59989,  9.63493
-3.51640, -2.13555, 685.90579,  7.95411, 16.13878,  9.63493
-4.21968, -2.13555, 685.90579,  7.95411, 16.59989,  9.63493
-4.21968, -2.84740, 685.90579,  7.95411, 16.13878,  9.63493
-3.51640, -2.84740, 685.90579,  7.95411, 16.13878,  9.63493
-4.21968, -3.55925, 685.90579,  8.48439, 16.13878,  9.63493
-3.51640, -2.84740, 685.90579,  7.95411, 16.13878,  9.86434
-3.51640, -2.13555, 688.96787,  7.95411, 16.13878,  9.63493
-3.51640, -2.84740, 685.90579,  8.48439, 16.13878,  9.86434
-3.51640, -2.84740, 685.90579,  7.95411, 16.13878,  9.86434
-3.51640, -2.13555, 685.90579,  8.48439, 16.13878,  9.86434
-3.51640, -2.13555, 685.90579,  8.48439, 15.67767,  9.86434
-2.81312, -2.13555, 685.90579,  8.48439, 16.13878,  9.86434
-3.51640, -2.13555, 685.90579,  8.48439, 16.13878,  9.86434
-3.51640, -2.13555, 685.90579,  8.48439, 15.67767,  9.63493
-3.51640, -2.13555, 685.90579,  9.01466, 15.67767,  9.63493
-3.51640, -2.84740, 685.90579,  9.01466, 15.67767,  9.86434
-2.81312, -2.13555, 685.90579,  9.54494, 15.67767,  9.86434
-3.51640, -2.13555, 685.90579,  9.54494, 15.67767,  9.86434
-3.51640, -2.13555, 685.90579,  9.54494, 15.67767,  9.86434
-3.51640, -2.13555, 685.90579, 10.07521, 15.67767,  9.63493
-3.51640, -1.42370, 685.90579,  9.54494, 15.67767,  9.86434
-3.51640, -1.42370, 685.90579, 10.60548, 15.21656,  9.86434
-3.51640, -0.71185, 685.90579, 11.13576, 15.21656,  9.63493
-3.51640, -0.71185, 685.90579, 11.13576, 15.21656,  9.63493
-2.81312, -0.71185, 682.84371, 11.13576, 15.21656,  9.86434
-2.81312, -0.71185, 685.90579, 11.66603, 15.21656,  9.63493
-3.51640, -0.71185, 685.90579, 11.13576, 15.21656,  9.86434
-2.81312, -0.71185, 685.90579, 12.19631, 14.75546,  9.86434
-2.81312,  0.71185, 685.90579, 12.19631, 14.75546,  9.86434
-2.81312,  0.71185, 685.90579, 12.19631, 14.75546,  9.63493
-3.51640,  0.00000, 688.96787, 11.66603, 14.75546,  9.86434
-3.51640,  0.00000, 688.96787, 11.66603, 14.75546,  9.86434
-3.51640,  0.00000, 688.96787, 11.66603, 15.21656,  9.63493
-3.51640, -0.71185, 685.90579, 11.66603, 15.21656,  9.86434
-3.51640, -0.71185, 685.90579, 11.66603, 15.21656,  9.63493
-3.51640, -1.42370, 685.90579, 11.13576, 15.21656,  9.63493
-3.51640, -0.71185, 685.90579, 11.66603, 15.21656,  9.63493
-3.51640, -1.42370, 685.90579, 12.19631, 15.21656,  9.86434
-3.51640, -1.42370, 685.90579, 11.66603, 15.21656,  9.63493
-3.51640, -1.42370, 685.90579, 11.66603, 14.75546,  9.86434
-3.51640, -1.42370, 685.90579, 11.66603, 15.21656,  9.86434
-4.21968, -0.71185, 685.90579, 11.66603, 15.21656,  9.86434
-3.51640, -0.71185, 685.90579, 11.13576, 15.21656,  9.86434
-3.51640, -0.71185, 685.90579, 11.66603, 15.21656,  9.86434
-4.21968,  0.00000, 685.90579, 11.13576, 14.75546,  9.86434
-3.51640, -0.71185, 685.90579, 11.66603, 14.75546,  9.86434
-3.51640,  0.00000, 685.90579, 11.13576, 14.75546,  9.86434
-3.51640,  0.00000, 685.90579, 11.13576, 14.29435,  9.63493
-3.51640, -0.71185, 685.90579, 10.60548, 14.75546,  9.63493
-2.81312, -1.42370, 685.90579, 10.60548, 14.75546,  9.86434
-2.81312, -2.13555, 685.90579, 10.07521, 14.75546,  9.86434
-3.51640, -2.84740, 682.84371,  9.54494, 14.75546,  9.86434
-3.51640, -2.84740, 682.84371,  9.54494, 14.75546,  9.86434
-3.51640, -2.84740, 685.90579,  9.54494, 14.75546,  9.63493
-3.51640, -2.84740, 682.84371,  9.54494, 14.75546,  9.63493
-3.51640, -3.55925, 685.90579,  9.01466, 14.75546,  9.63493
-3.51640, -2.84740, 685.90579,  9.54494, 14.75546,  9.86434
-3.51640, -2.84740, 685.90579,  9.54494, 14.75546,  9.86434
-3.51640, -2.84740, 685.90579,  9.54494, 14.75546,  9.86434
-3.51640, -2.13555, 685.90579,  9.01466, 14.75546,  9.63493
-3.51640, -1.42370, 685.90579,  9.01466, 14.75546,  9.86434
-3.51640, -2.13555, 685.90579,  9.54494, 14.75546,  9.86434
-3.51640, -2.13555, 688.96787,  9.54494, 14.75546,  9.86434
-3.51640, -1.42370, 685.90579,  9.01466, 14.29435,  9.86434
-3.51640, -1.42370, 685.90579,  9.54494, 14.75546,  9.86434
-3.51640, -2.13555, 685.90579,  9.54494, 14.75546,  9.86434
-2.81312, -2.13555, 685.90579,  9.54494, 14.75546,  9.63493
-3.51640, -2.13555, 685.90579,  9.01466, 14.75546,  9.86434
-3.51640, -2.13555, 685.90579,  9.01466, 14.75546,  9.63493
-3.51640, -2.13555, 682.84371,  9.01466, 14.75546,  9.63493
-3.51640, -2.13555, 685.90579,  9.54494, 15.21656,  9.63493
-3.51640, -2.84740, 685.90579,  9.01466, 15.21656,  9.63493
-3.51640, -2.84740, 685.90579,  9.01466, 14.75546,  9.63493
-4.21968, -2.13555, 685.90579,  9.01466, 15.21656,  9.63493
-4.21968, -2.13555, 685.90579,  9.54494, 15.21656,  9.63493
-4.21968, -2.84740, 685.90579,  9.54494, 15.67767,  9.40553
-4.21968, -2.13555, 682.84371,  9.54494, 15.21656,  9.63493
-4.21968, -2.84740, 682.84371,  9.54494, 15.21656,  9.63493
-4.21968, -2.13555, 685.90579,  9.54494, 15.67767,  9.86434
-4.21968, -1.42370, 685.90579, 10.07521, 15.67767,  9.86434
-4.21968, -2.13555, 685.90579, 10.07521, 15.67767,  9.86434
-4.21968, -1.42370, 685.90579, 10.60548, 15.67767,  9.86434
-4.21968, -1.42370, 685.90579, 10.60548, 15.67767,  9.86434
-4.21968, -1.42370, 685.90579, 10.60548, 15.67767,  9.63493
-4.21968, -0.71185, 685.90579, 11.13576, 15.67767,  9.63493
-3.51640, -1.42370, 685.90579, 11.13576, 15.67767,  9.63493
-4.21968, -0.71185, 685.90579, 11.13576, 15.67767,  9.63493
-3.51640, -0.71185, 685.90579, 11.13576, 15.67767,  9.63493
-4.21968, -0.71185, 685.90579, 11.13576, 15.67767,  9.63493
-4.21968,  0.00000, 682.84371, 11.66603, 15.67767,  9.63493
-4.21968, -0.71185, 685.90579, 11.66603, 15.67767,  9.63493
-4.21968, -0.71185, 682.84371, 11.66603, 16.13878,  9.86434
-4.21968,  0.00000, 685.90579, 11.66603, 16.13878,  9.63493
-4.21968, -0.71185, 685.90579, 11.66603, 16.59989,  9.86434
-4.21968, -0.71185, 685.90579, 11.13576, 16.13878,  9.86434
-4.21968, -0.71185, 685.90579, 11.13576, 16.13878,  9.63493
-4.21968, -0.71185, 685.90579, 11.13576, 16.13878,  9.86434
-4.21968, -0.71185, 685.90579, 11.66603, 16.13878,  9.86434
-3.51640, -0.71185, 685.90579, 11.13576, 16.13878,  9.86434
-4.21968, -1.42370, 685.90579, 11.13576, 16.13878,  9.86434
-4.21968, -0.71185, 685.90579, 10.60548, 16.13878,  9.86434
-4.21968, -0.71185, 682.84371, 10.60548, 16.59989,  9.63493
-4.21968, -1.42370, 685.90579, 10.07521, 16.59989,  9.63493
-4.21968, -1.42370, 685.90579, 10.07521, 16.13878,  9.86434
-4.21968, -2.13555, 682.84371, 10.07521, 16.59989,  9.86434
-4.21968, -2.13555, 685.90579,  9.54494, 16.59989,  9.63493
-4.21968, -2.13555, 685.90579,  9.54494, 16.59989,  9.86434
-4.21968, -2.84740, 682.84371,  9.54494, 16.59989,  9.86434
-4.21968, -2.13555, 682.84371,  9.54494, 16.59989,  9.86434
-4.21968, -2.84740, 685.90579,  9.54494, 16.59989,  9.86434
-4.21968, -2.13555, 682.84371,  9.54494, 16.59989,  9.86434
-4.21968, -1.42370, 685.90579,  9.54494, 16.13878,  9.86434
-4.21968, -2.13555, 682.84371,  9.54494, 16.13878,  9.63493
-4.21968, -2.13555, 685.90579,  9.54494, 16.13878,  9.63493
-4.21968, -2.13555, 682.84371,  9.54494, 16.59989,  9.86434
-4.21968, -2.13555, 682.84371, 10.07521, 16.13878,  9.86434
-4.21968, -2.13555, 685.90579, 10.07521, 16.59989,  9.86434
-4.21968, -2.13555, 685.90579,  9.54494, 16.13878,  9.86434
-4.21968, -2.13555, 685.90579,  9.54494, 16.13878,  9.86434
-4.21968, -2.13555, 682.84371,  9.54494, 16.13878,  9.63493
-4.92295, -2.13555, 685.90579,  9.54494, 16.13878,  9.86434
-4.21968, -2.13555, 685.90579, 10.07521, 16.13878,  9.63493
-4.21968, -1.42370, 685.90579, 10.07521, 16.13878,  9.63493
-4.21968, -1.42370, 685.90579,  9.54494, 16.13878,  9.63493
-4.21968, -1.42370, 682.84371, 10.07521, 16.13878,  9.63493
-4.21968, -1.42370, 685.90579, 10.07521, 16.13878,  9.63493
-3.51640, -2.13555, 685.90579, 10.07521, 15.67767,  9.63493
-4.21968, -1.42370, 682.84371,  9.54494, 15.21656,  9.63493
-3.51640, -2.13555, 679.78163, 10.07521, 15.67767,  9.63493
-4.21968, -2.13555, 682.84371, 10.07521, 15.67767,  9.86434
-4.21968, -2.13555, 682.84371,  9.54494, 15.67767,  9.63493
-3.51640, -1.42370, 685.90579, 10.07521, 15.67767,  9.63493
-3.51640, -2.13555, 682.84371, 10.07521, 15.67767,  9.86434
-3.51640, -2.13555, 685.90579, 10.07521, 15.67767,  9.86434
-4.21968, -2.13555, 685.90579,  9.54494, 15.67767,  9.86434
-4.21968, -2.13555, 685.90579, 10.07521, 15.67767,  9.63493
-4.21968, -1.42370, 682.84371, 10.60548, 15.67767,  9.86434
-4.21968, -1.42370, 682.84371, 10.60548, 15.67767,  9.86434
-4.21968, -1.42370, 682.84371, 10.60548, 15.21656,  9.86434
-4.21968, -1.42370, 685.90579, 10.60548, 15.67767,  9.86434
-4.21968, -1.42370, 685.90579, 10.60548, 15.67767,  9.63493
-4.21968, -1.42370, 682.84371, 10.60548, 15.67767,  9.63493
-4.92295, -0.71185, 685.90579, 11.13576, 15.67767,  9.63493
-4.21968, -1.42370, 685.90579, 10.60548, 15.67767,  9.63493
-4.21968, -0.71185, 682.84371, 10.60548, 16.13878,  9.63493
-3.51640, -1.42370, 682.84371, 10.60548, 15.67767,  9.63493
-4.21968, -1.42370, 685.90579, 10.60548, 15.67767,  9.86434
-4.21968, -1.42370, 682.84371, 10.60548, 15.67767,  9.86434
-4.21968, -1.42370, 682.84371, 10.60548, 15.67767,  9.63493
-4.21968, -1.42370, 685.90579, 10.60548, 15.21656,  9.63493
-4.21968, -0.71185, 685.90579, 10.60548, 15.67767,  9.63493
-3.51640, -1.42370, 685.90579, 10.60548, 15.21656,  9.86434
-4.21968, -1.42370, 682.84371, 10.60548, 15.21656,  9.63493
-4.21968, -1.42370, 682.84371, 10.60548, 15.21656,  9.86434
-3.51640, -1.42370, 685.90579, 10.60548, 15.21656,  9.86434
-3.51640, -1.42370, 682.84371, 11.13576, 15.21656,  9.86434
-3.51640, -1.42370, 685.90579, 10.60548, 15.21656,  9.86434
-3.51640, -1.42370, 682.84371, 10.60548, 14.75546,  9.86434
-4.21968, -1.42370, 685.90579, 11.13576, 15.21656,  9.63493
-3.51640, -1.42370, 682.84371, 11.13576, 15.21656,  9.63493
-4.21968, -0.71185, 682.84371, 11.13576, 15.21656,  9.63493
-3.51640, -1.42370, 685.90579, 11.13576, 14.75546,  9.63493
-4.21968, -1.42370, 685.90579, 11.13576, 15.21656,  9.63493
-4.21968, -1.42370, 682.84371, 11.13576, 15.21656,  9.63493
-3.51640, -1.42370, 685.90579, 10.60548, 15.21656,  9.86434
-3.51640, -1.42370, 685.90579, 11.13576, 15.21656,  9.63493
-3.51640, -0.71185, 682.84371, 10.60548, 15.21656,  9.63493
-4.21968, -0.71185, 685.90579, 10.60548, 15.21656,  9.63493
-4.21968, -0.71185, 685.90579, 10.60548, 15.21656,  9.63493
-4.21968, -1.42370, 685.90579, 10.60548, 15.21656,  9.63493
-3.51640, -2.13555, 685.90579, 10.07521, 15.21656,  9.63493
-4.21968, -2.13555, 685.90579, 10.60548, 15.21656,  9.63493
-4.21968, -1.42370, 685.90579, 10.60548, 15.21656,  9.63493
-4.21968, -2.13555, 685.90579, 10.07521, 15.21656,  9.63493
-3.51640, -1.42370, 685.90579, 10.60548, 15.21656,  9.63493
-3.51640, -0.71185, 685.90579, 10.07521, 14.75546,  9.86434
-4.21968, -1.42370, 685.90579, 10.07521, 15.21656,  9.86434
-4.21968, -1.42370, 685.90579, 10.07521, 15.21656,  9.63493
-4.21968, -1.42370, 685.90579, 10.07521, 14.75546,  9.86434
-3.51640, -2.13555, 685.90579, 10.07521, 14.75546,  9.86434
-3.51640, -1.42370, 682.84371, 10.07521, 14.75546,  9.63493
-3.51640, -2.13555, 682.84371,  9.54494, 14.75546,  9.86434
-3.51640, -2.13555, 685.90579,  9.54494, 14.75546,  9.63493
-3.51640, -2.84740, 685.90579, 10.07521, 14.75546,  9.63493
-3.51640, -2.13555, 685.90579,  9.54494, 14.75546,  9.63493
-3.51640, -2.13555, 685.90579,  9.54494, 14.75546,  9.63493
-3.51640, -2.13555, 685.90579, 10.07521, 14.75546,  9.63493
-3.51640, -2.13555, 685.90579, 10.07521, 14.75546,  9.63493
-3.51640, -2.13555, 682.84371, 10.07521, 14.75546,  9.63493
-3.51640, -1.42370, 685.90579, 10.07521, 14.29435,  9.86434
-3.51640, -1.42370, 685.90579, 10.07521, 14.75546,  9.63493
-3.51640, -2.13555, 682.84371, 10.07521, 14.29435,  9.86434
-3.51640, -1.42370, 685.90579, 10.07521, 14.29435,  9.86434
-3.51640, -2.13555, 682.84371, 10.07521, 14.29435,  9.63493
-4.21968, -1.42370, 685.90579, 10.07521, 14.29435,  9.86434
-3.51640, -1.42370, 682.84371, 10.07521, 14.29435,  9.86434
-3.51640, -1.42370, 685.90579, 10.07521, 14.29435,  9.63493
-3.51640, -2.13555, 685.90579, 10.07521, 14.29435,  9.63493
-3.51640, -2.13555, 682.84371,  9.54494, 14.29435,  9.63493
-3.51640, -2.13555, 685.90579,  9.54494, 14.29435,  9.63493
-3.51640, -2.13555, 685.90579, 10.07521, 14.29435,  9.63493
-3.51640, -2.13555, 685.90579, 10.07521, 14.75546,  9.63493
-4.21968, -2.13555, 685.90579, 10.07521, 14.75546,  9.63493
-3.51640, -2.13555, 685.90579, 10.60548, 14.75546,  9.63493
-3.51640, -1.42370, 685.90579, 10.07521, 14.75546,  9.63493
-3.51640, -1.42370, 685.90579, 10.60548, 14.75546,  9.63493
-4.21968, -2.13555, 685.90579, 10.07521, 14.75546,  9.86434
-4.21968, -2.13555, 685.90579, 10.07521, 14.75546,  9.86434
-4.21968, -2.84740, 685.90579,  9.54494, 14.75546,  9.63493
-3.51640, -2.84740, 685.90579,  9.54494, 14.75546,  9.63493
-3.51640, -2.13555, 685.90579, 10.07521, 14.75546,  9.63493
-3.51640, -2.13555, 685.90579, 10.60548, 15.21656,  9.63493
-3.51640, -2.13555, 685.90579, 10.07521, 15.21656,  9.63493
-3.51640, -2.13555, 682.84371, 10.07521, 14.75546,  9.63493
-3.51640, -2.13555, 682.84371, 10.07521, 15.21656,  9.63493
-3.51640, -2.13555, 682.84371, 10.60548, 14.75546,  9.63493
-3.51640, -1.42370, 685.90579, 10.07521, 15.21656,  9.63493
-3.51640, -2.13555, 685.90579, 10.60548, 14.75546,  9.63493
-4.21968, -2.13555, 685.90579, 10.60548, 15.21656,  9.63493
-3.51640, -2.13555, 682.84371, 10.60548, 15.67767,  9.63493
-3.51640, -2.13555, 682.84371, 10.60548, 15.21656,  9.63493
-3.51640, -1.42370, 685.90579, 10.60548, 15.21656,  9.86434
-4.21968, -1.42370, 688.96787, 11.13576, 15.21656,  9.86434
-4.21968, -1.42370, 688.96787, 11.13576, 15.67767,  9.86434
-4.21968, -1.42370, 685.90579, 11.13576, 15.21656,  9.86434
-4.21968, -1.42370, 685.90579, 11.13576, 15.67767,  9.86434
-3.51640, -1.42370, 682.84371, 11.66603, 15.67767,  9.86434
-4.21968, -1.42370, 682.84371, 11.13576, 15.21656,  9.63493
-4.21968, -2.13555, 682.84371, 11.66603, 15.21656,  9.63493
-4.21968, -2.13555, 682.84371, 11.66603, 15.21656,  9.63493
-4.21968, -2.13555, 685.90579, 11.66603, 15.21656,  9.86434
-4.21968, -2.13555, 685.90579, 11.66603, 15.21656,  9.63493
-3.51640, -2.13555, 685.90579, 11.66603, 15.21656,  9.86434
-3.51640, -1.42370, 685.90579, 12.72658, 15.67767,  9.86434
-4.21968, -1.42370, 682.84371, 12.72658, 15.21656,  9.86434
-3.51640, -1.42370, 682.84371, 12.19631, 15.21656,  9.63493
-3.51640, -1.42370, 685.90579, 12.72658, 15.21656,  9.86434
-3.51640, -1.42370, 685.90579, 13.25686, 15.21656,  9.63493
-3.51640, -0.71185, 685.90579, 13.25686, 14.75546,  9.86434
-3.51640, -0.71185, 682.84371, 13.25686, 15.21656,  9.63493
-4.21968, -0.71185, 685.90579, 13.25686, 15.21656,  9.86434
-4.21968, -0.71185, 682.84371, 13.25686, 14.75546,  9.63493
-3.51640, -1.42370, 682.84371, 13.25686, 14.75546,  9.63493
-3.51640, -1.42370, 682.84371, 13.25686, 14.75546,  9.86434
-3.51640, -1.42370, 685.90579, 13.25686, 14.75546,  9.86434
-3.51640, -1.42370, 685.90579, 13.25686, 14.75546,  9.63493
-3.51640, -1.42370, 685.90579, 12.72658, 14.75546,  9.63493
-3.51640, -1.42370, 685.90579, 13.25686, 14.75546,  9.63493
-3.51640, -1.42370, 685.90579, 12.72658, 14.75546,  9.63493
-3.51640, -1.42370, 685.90579, 12.72658, 14.29435,  9.86434
-3.51640, -1.42370, 685.90579, 13.25686, 14.75546,  9.63493
-3.51640, -1.42370, 685.90579, 13.25686, 14.75546,  9.86434
-3.51640, -1.42370, 685.90579, 13.25686, 14.29435,  9.86434
-3.51640, -1.42370, 685.90579, 13.25686, 14.29435,  9.86434
-3.51640, -1.42370, 685.90579, 13.25686, 14.29435,  9.86434
-3.51640, -0.71185, 685.90579, 13.25686, 14.29435,  9.86434
-3.51640, -1.42370, 685.90579, 13.25686, 14.29435,  9.86434
-3.51640, -0.71185, 685.90579, 13.25686, 14.29435,  9.86434
-3.51640, -1.42370, 682.84371, 13.78713, 14.29435,  9.86434
-3.51640, -1.42370, 685.90579, 13.78713, 14.29435, 10.09374
-3.51640, -1.42370, 685.90579, 13.78713, 14.75546,  9.86434
-3.51640, -1.42370, 685.90579, 13.78713, 14.75546,  9.86434
-3.51640, -0.71185, 685.90579, 13.25686, 14.75546,  9.63493
-3.51640, -0.71185, 685.90579, 13.25686, 14.75546,  9.63493
-2.81312, -1.42370, 685.90579, 13.78713, 14.75546,  9.63493
-2.81312, -0.71185, 685.90579, 13.78713, 14.75546,  9.63493
-3.51640, -0.71185, 685.90579, 13.78713, 14.29435,  9.63493
-3.51640, -1.42370, 685.90579, 13.78713, 14.75546,  9.63493
-3.51640, -1.42370, 685.90579, 13.78713, 14.75546,  9.63493
-3.51640, -1.42370, 685.90579, 13.78713, 14.29435,  9.63493
-3.51640, -1.42370, 682.84371, 13.25686, 14.29435,  9.63493
-3.51640, -1.42370, 682.84371, 13.78713, 14.29435,  9.63493
-3.51640, -2.13555, 685.90579, 13.78713, 14.29435,  9.63493
-3.51640, -2.13555, 685.90579, 13.78713, 14.75546,  9.63493
-3.51640, -2.13555, 682.84371, 13.78713, 14.75546,  9.86434
-3.51640, -2.13555, 685.90579, 13.25686, 14.75546,  9.86434
-3.51640, -1.42370, 685.90579, 13.78713, 14.29435,  9.86434
-3.51640, -1.42370, 682.84371, 13.25686, 14.75546,  9.86434
-2.81312, -1.42370, 682.84371, 13.78713, 14.75546,  9.86434
-3.51640, -1.42370, 685.90579, 13.78713, 14.29435,  9.86434
-3.51640, -1.42370, 685.90579, 13.78713, 14.75546,  9.63493
-3.51640, -0.71185, 685.90579, 13.78713, 14.29435,  9.86434
-3.51640, -1.42370, 685.90579, 13.78713, 14.75546,  9.63493
-3.51640, -1.42370, 685.90579, 13.78713, 14.29435,  9.63493
-3.51640, -1.42370, 685.90579, 14.31740, 14.75546,  9.86434
-3.51640, -1.42370, 682.84371, 13.25686, 14.29435,  9.86434
-3.51640, -1.42370, 682.84371, 13.78713, 14.75546,  9.86434
-3.51640, -1.42370, 685.90579, 13.78713, 14.75546,  9.63493
-3.51640, -1.42370, 682.84371, 13.78713, 14.75546,  9.86434
-3.51640, -2.13555, 682.84371, 13.25686, 14.75546,  9.86434
-4.21968, -2.13555, 685.90579, 13.78713, 14.75546,  9.86434
-3.51640, -2.13555, 682.84371, 13.25686, 15.21656,  9.63493
-4.21968, -2.13555, 685.90579, 13.78713, 14.75546,  9.86434
-3.51640, -2.13555, 685.90579, 13.78713, 15.21656,  9.63493
-3.51640, -2.13555, 682.84371, 13.78713, 15.21656,  9.63493
-3.51640, -1.42370, 682.84371, 13.78713, 14.75546,  9.86434
-4.21968, -1.42370, 685.90579, 13.78713, 15.21656,  9.86434
-4.21968, -1.42370, 685.90579, 13.78713, 14.75546,  9.63493
-4.21968, -1.42370, 685.90579, 13.78713, 14.75546,  9.86434
-3.51640, -2.13555, 685.90579, 13.78713, 14.75546,  9.86434
-3.51640, -2.13555, 685.90579, 13.25686, 14.75546,  9.86434
-3.51640, -2.13555, 685.90579, 13.78713, 14.75546,  9.63493
-4.21968, -2.13555, 682.84371, 13.25686, 15.21656,  9.63493
-3.51640, -2.13555, 682.84371, 13.78713, 14.75546,  9.63493
-4.21968, -2.13555, 685.90579, 13.78713, 14.75546,  9.63493
-3.51640, -1.42370, 685.90579, 13.78713, 15.21656,  9.86434
-3.51640, -1.42370, 682.84371, 13.78713, 15.21656,  9.63493
-4.21968, -2.13555, 682.84371, 13.78713, 15.21656,  9.86434
-4.21968, -1.42370, 685.90579, 14.31740, 15.21656,  9.63493
-4.21968, -1.42370, 682.84371, 14.31740, 15.21656,  9.86434
-4.21968, -1.42370, 685.90579, 14.31740, 15.21656,  9.86434
-4.21968, -1.42370, 685.90579, 14.31740, 15.21656,  9.86434
-4.21968, -2.13555, 685.90579, 14.31740, 15.21656,  9.86434
-4.21968, -2.13555, 685.90579, 14.31740, 15.21656,  9.86434
-4.21968, -1.42370, 682.84371, 14.31740, 15.21656,  9.86434
-4.21968, -1.42370, 682.84371, 14.84768, 15.67767,  9.86434
-4.21968, -1.42370, 682.84371, 14.84768, 15.67767,  9.63493
-4.21968, -1.42370, 685.90579, 14.31740, 15.21656,  9.86434
-4.21968, -1.42370, 682.84371, 14.84768, 15.21656,  9.86434
-4.21968, -1.42370, 685.90579, 14.84768, 15.21656,  9.86434
-4.21968, -2.13555, 685.90579, 15.37795, 15.21656,  9.86434
-4.21968, -0.71185, 685.90579, 14.84768, 15.21656,  9.86434
-4.21968, -0.71185, 682.84371, 15.37795, 15.21656,  9.86434
-4.21968, -0.71185, 682.84371, 15.37795, 15.67767,  9.86434
-3.51640, -1.42370, 685.90579, 15.37795, 15.21656,  9.86434
-4.21968, -0.71185, 685.90579, 15.37795, 15.21656,  9.86434
-4.21968, -0.71185, 685.90579, 15.37795, 15.21656,  9.63493
-4.21968, -0.71185, 685.90579, 15.37795, 15.67767,  9.63493
-4.21968, -0.71185, 685.90579, 15.37795, 15.21656,  9.63493
-4.21968, -0.71185, 682.84371, 15.37795, 15.21656,  9.63493
-4.21968, -1.42370, 685.90579, 15.37795, 15.67767,  9.63493
-4.21968, -1.42370, 682.84371, 15.37795, 15.21656,  9.86434
-4.21968, -1.42370, 682.84371, 14.84768, 15.21656,  9.63493
-4.21968, -1.42370, 685.90579, 15.37795, 15.21656,  9.86434
-3.51640, -1.42370, 685.90579, 15.37795, 15.21656,  9.63493
-4.21968, -1.42370, 685.90579, 14.84768, 15.67767,  9.86434
-4.21968, -1.42370, 685.90579, 14.84768, 15.21656,  9.86434
-4.21968, -2.13555, 682.84371, 14.84768, 14.75546,  9.63493
-3.51640, -2.13555, 685.90579, 15.37795, 14.75546,  9.86434
-4.21968, -1.42370, 685.90579, 14.31740, 14.75546,  9.63493
-4.21968, -2.13555, 685.90579, 14.84768, 14.75546,  9.63493
-4.21968, -2.13555, 682.84371, 14.84768, 14.29435,  9.86434
-4.21968, -1.42370, 682.84371, 15.37795, 14.29435,  9.86434
-3.51640, -1.42370, 685.90579, 14.84768, 14.29435,  9.86434
-3.51640, -1.42370, 682.84371, 15.37795, 14.29435,  9.86434
-3.51640, -1.42370, 682.84371, 15.37795, 14.29435,  9.63493
-3.51640, -1.42370, 682.84371, 14.84768, 14.29435,  9.86434
-4.21968, -1.42370, 685.90579, 14.84768, 14.29435,  9.86434
-3.51640, -1.42370, 682.84371, 15.37795, 14.29435,  9.86434
-3.51640, -1.42370, 685.90579, 15.37795, 13.83324,  9.86434
-3.51640, -0.71185, 682.84371, 15.37795, 14.29435,  9.86434
-3.51640, -1.42370, 685.90579, 15.37795, 13.83324,  9.86434
-3.51640, -1.42370, 682.84371, 15.37795, 13.83324,  9.63493
-3.51640, -1.42370, 682.84371, 15.37795, 13.83324,  9.86434
-3.51640, -1.42370, 682.84371, 15.37795, 13.83324,  9.63493
-3.51640, -1.42370, 682.84371, 15.37795, 13.83324,  9.63493
-3.51640, -1.42370, 685.90579, 15.37795, 13.83324,  9.86434
-3.51640, -1.42370, 685.90579, 15.37795, 13.83324,  9.86434
-3.51640, -1.42370, 685.90579, 14.84768, 13.83324,  9.86434
-3.51640, -1.42370, 685.90579, 14.84768, 13.37213,  9.63493
-3.51640, -1.42370, 685.90579, 14.84768, 13.37213,  9.86434
-4.21968, -1.42370, 685.90579, 15.37795, 13.37213,  9.86434
-3.51640, -1.42370, 685.90579, 14.84768, 13.83324,  9.63493
-4.21968, -0.71185, 682.84371, 14.84768, 13.83324,  9.86434
-3.51640, -1.42370, 682.84371, 14.84768, 13.83324,  9.63493
-3.51640, -1.42370, 682.84371, 14.84768, 13.83324,  9.63493
-3.51640, -1.42370, 682.84371, 15.37795, 13.83324,  9.63493
-4.21968, -1.42370, 682.84371, 15.37795, 13.83324,  9.86434
-4.21968, -1.42370, 685.90579, 15.37795, 14.29435,  9.86434
-3.51640, -1.42370, 685.90579, 14.84768, 13.83324,  9.63493
-4.21968, -1.42370, 685.90579, 15.37795, 13.83324,  9.86434
-3.51640, -0.71185, 685.90579, 15.37795, 13.83324,  9.86434
-4.21968, -0.71185, 685.90579, 14.84768, 13.83324,  9.86434
-3.51640, -1.42370, 682.84371, 15.37795, 14.29435,  9.63493
-3.51640, -0.71185, 685.90579, 14.84768, 13.83324,  9.63493
-3.51640, -0.71185, 682.84371, 15.37795, 13.83324,  9.63493
-4.21968, -0.71185, 682.84371, 15.37795, 14.75546,  9.63493
-3.51640, -1.42370, 682.84371, 15.37795, 14.29435,  9.63493
-4.21968, -1.42370, 685.90579, 15.37795, 14.29435,  9.63493
-4.21968, -1.42370, 682.84371, 14.84768, 14.29435,  9.63493
-4.21968, -1.42370, 682.84371, 14.84768, 14.29435,  9.63493
-4.21968, -1.42370, 682.84371, 14.84768, 14.29435,  9.86434
-4.21968, -1.42370, 685.90579, 14.84768, 14.29435,  9.63493
-4.21968, -1.42370, 682.84371, 14.31740, 14.29435,  9.63493
-4.21968, -1.42370, 682.84371, 14.31740, 14.29435,  9.86434
-4.21968, -1.42370, 685.90579, 14.31740, 14.29435,  9.86434
-3.51640, -1.42370, 685.90579, 14.84768, 14.29435,  9.63493
-4.21968, -0.71185, 682.84371, 14.31740, 13.83324,  9.86434
-4.21968, -1.42370, 682.84371, 14.31740, 13.83324,  9.86434
-3.51640, -1.42370, 682.84371, 14.31740, 13.83324,  9.86434
-4.21968, -2.13555, 682.84371, 13.78713, 13.83324,  9.63493
-4.21968, -2.13555, 685.90579, 13.78713, 14.29435,  9.86434
-3.51640, -2.13555, 682.84371, 14.31740, 13.83324,  9.86434
-4.21968, -2.13555, 682.84371, 13.78713, 13.83324,  9.86434
-3.51640, -2.13555, 685.90579, 13.78713, 13.83324,  9.86434
-4.21968, -1.42370, 682.84371, 13.25686, 14.29435,  9.86434
-4.21968, -2.13555, 682.84371, 13.25686, 13.83324,  9.63493
-3.51640, -2.13555, 682.84371, 13.25686, 13.83324,  9.86434
-3.51640, -1.42370, 682.84371, 13.25686, 14.29435,  9.63493
-3.51640, -2.84740, 682.84371, 12.72658, 13.83324,  9.63493
-4.21968, -2.84740, 685.90579, 12.72658, 14.29435,  9.86434
-4.21968, -2.13555, 682.84371, 13.25686, 14.29435,  9.86434
-4.21968, -2.84740, 682.84371, 13.25686, 13.83324,  9.63493
-4.21968, -2.13555, 682.84371, 13.25686, 14.29435,  9.86434
-4.21968, -2.13555, 682.84371, 12.72658, 14.29435,  9.86434
-4.21968, -2.13555, 682.84371, 12.72658, 14.29435,  9.86434
-4.21968, -2.13555, 682.84371, 12.72658, 14.29435,  9.63493
-4.21968, -2.13555, 682.84371, 12.72658, 14.29435,  9.86434
-4.21968, -2.13555, 682.84371, 13.25686, 14.29435,  9.63493
-4.21968, -1.42370, 682.84371, 12.72658, 14.29435,  9.86434
-4.21968, -2.13555, 685.90579, 12.72658, 14.29435,  9.86434
-4.21968, -2.13555, 682.84371, 13.25686, 14.75546,  9.63493
-4.21968, -2.13555, 682.84371, 12.72658, 14.75546,  9.86434
-4.21968, -2.13555, 685.90579, 12.72658, 14.29435,  9.86434
-4.21968, -2.84740, 682.84371, 12.72658, 14.75546,  9.86434
-4.21968, -2.84740, 685.90579, 12.72658, 14.75546,  9.63493
-4.21968, -3.55925, 682.84371, 12.72658, 15.21656,  9.86434
-4.92295, -2.13555, 679.78163, 13.25686, 15.21656,  9.63493
-4.92295, -2.84740, 682.84371, 13.25686, 14.75546,  9.63493
-4.21968, -2.84740, 682.84371, 13.25686, 14.75546,  9.86434
-4.21968, -2.84740, 682.84371, 13.25686, 14.75546,  9.86434
-4.21968, -2.13555, 682.84371, 13.78713, 14.75546,  9.86434
-4.21968, -2.13555, 682.84371, 13.78713, 14.75546,  9.86434
-4.21968, -1.42370, 682.84371, 13.78713, 14.75546,  9.86434
-4.21968, -1.42370, 685.90579, 14.31740, 14.75546,  9.86434
-4.21968, -1.42370, 682.84371, 13.78713, 14.75546,  9.86434
-4.21968, -1.42370, 682.84371, 14.31740, 14.75546,  9.63493
-4.21968, -1.42370, 682.84371, 14.31740, 14.29435,  9.63493
-4.21968, -1.42370, 685.90579, 14.84768, 14.75546,  9.86434
-4.21968, -0.71185, 682.84371, 14.31740, 14.75546,  9.63493
-4.21968, -0.71185, 685.90579, 14.84768, 14.29435,  9.63493
-4.21968, -0.71185, 685.90579, 14.84768, 14.75546,  9.63493
-4.21968, -1.42370, 682.84371, 14.84768, 14.75546,  9.86434
-4.21968, -1.42370, 682.84371, 14.84768, 14.75546,  9.86434
-4.92295, -1.42370, 682.84371, 14.84768, 14.29435,  9.86434
-4.21968, -1.42370, 682.84371, 14.84768, 14.75546,  9.86434
-4.92295, -1.42370, 682.84371, 14.84768, 14.75546,  9.86434
-4.21968, -1.42370, 685.90579, 14.84768, 14.75546,  9.86434
-4.92295, -1.42370, 682.84371, 14.84768, 14.75546,  9.86434
-4.92295, -1.42370, 682.84371, 14.84768, 14.75546,  9.86434
-4.92295, -1.42370, 682.84371, 14.84768, 14.29435,  9.86434
-4.21968, -1.42370, 682.84371, 14.84768, 14.75546,  9.86434
-4.21968, -1.42370, 685.90579, 14.84768, 14.75546,  9.86434
-4.21968, -1.42370, 682.84371, 14.84768, 14.75546,  9.86434
-4.21968, -1.42370, 685.90579, 15.37795, 14.75546,  9.63493
-4.21968, -1.42370, 685.90579, 15.37795, 14.29435,  9.63493
-4.21968, -1.42370, 682.84371, 15.37795, 14.29435,  9.63493
-4.21968, -0.71185, 682.84371, 15.37795, 14.29435,  9.86434
-4.21968, -1.42370, 682.84371, 15.37795, 14.29435,  9.86434
-4.21968, -1.42370, 685.90579, 14.84768, 14.29435,  9.86434
-4.21968, -1.42370, 682.84371, 14.84768, 14.29435,  9.86434
-4.21968, -1.42370, 682.84371, 14.84768, 14.29435,  9.63493
-4.21968, -1.42370, 682.84371, 15.37795, 14.29435,  9.86434
-4.21968, -2.13555, 682.84371, 14.84768, 14.29435,  9.63493
-4.92295, -1.42370, 682.84371, 14.84768, 14.29435,  9.86434
-4.21968, -0.71185, 685.90579, 15.37795, 14.29435,  9.63493
-4.21968, -1.42370, 682.84371, 14.84768, 13.83324,  9.63493
-3.51640, -1.42370, 682.84371, 14.84768, 13.83324,  9.86434
-3.51640, -2.13555, 685.90579, 14.84768, 14.29435,  9.86434
-3.51640, -1.42370, 682.84371, 14.84768, 14.29435,  9.63493
-4.21968, -2.13555, 682.84371, 14.84768, 13.83324,  9.63493
-3.51640, -2.13555, 685.90579, 14.84768, 13.83324,  9.86434
-4.21968, -1.42370, 682.84371, 14.84768, 13.83324,  9.63493
-4.21968, -1.42370, 685.90579, 14.84768, 13.83324,  9.63493
-4.21968, -1.42370, 682.84371, 14.84768, 13.83324,  9.63493
-4.21968, -1.42370, 682.84371, 14.84768, 13.83324,  9.86434
-4.21968, -2.13555, 685.90579, 14.84768, 14.29435,  9.86434
-4.21968, -2.84740, 685.90579, 14.84768, 13.83324,  9.86434
-4.21968, -2.13555, 685.90579, 14.84768, 13.83324,  9.86434
-4.21968, -1.42370, 685.90579, 14.84768, 13.37213,  9.86434
-4.21968, -1.42370, 685.90579, 14.84768, 13.37213,  9.86434
-4.21968, -1.42370, 685.90579, 15.37795, 13.37213,  9.86434
-3.51640, -1.42370, 679.78163, 15.37795, 13.37213,  9.63493
-4.21968, -1.42370, 682.84371, 15.37795, 13.37213,  9.86434
-4.21968, -1.42370, 682.84371, 15.37795, 13.37213,  9.86434
-4.21968, -1.42370, 685.90579, 15.37795, 12.91102,  9.86434
-3.51640, -1.42370, 685.90579, 15.37795, 12.91102, 10.09374
-3.51640, -1.42370, 682.84371, 15.37795, 12.91102,  9.86434
-3.51640, -1.42370, 685.90579, 15.90823, 12.91102,  9.86434
-3.51640, -1.42370, 682.84371, 15.90823, 12.91102,  9.86434
-3.51640, -1.42370, 682.84371, 15.90823, 12.91102,  9.86434
-3.51640, -0.71185, 682.84371, 15.90823, 12.91102,  9.86434
-3.51640, -0.71185, 682.84371, 15.90823, 12.91102,  9.63493
-3.51640, -0.71185, 685.90579, 15.90823, 12.91102,  9.63493
-3.51640, -1.42370, 685.90579, 16.43850, 12.91102,  9.86434
-3.51640, -0.71185, 685.90579, 15.90823, 12.91102,  9.63493
-4.21968, -0.71185, 682.84371, 15.90823, 13.37213,  9.63493
-4.21968, -0.71185, 682.84371, 15.37795, 12.91102,  9.63493
-4.21968, -1.42370, 682.84371, 15.90823, 12.91102,  9.63493
-4.21968, -1.42370, 685.90579, 15.90823, 13.37213,  9.63493
-4.21968, -1.42370, 682.84371, 15.90823, 13.37213,  9.63493
-4.21968, -1.42370, 685.90579, 15.37795, 13.37213,  9.63493
-4.21968, -0.71185, 682.84371, 15.90823, 13.37213,  9.63493
-3.51640, -1.42370, 682.84371, 15.37795, 13.37213,  9.63493
-4.21968, -0.71185, 682.84371, 15.90823, 13.37213,  9.63493
-4.21968, -0.71185, 682.84371, 15.37795, 13.37213,  9.63493
-3.51640, -0.71185, 682.84371, 15.90823, 13.37213,  9.63493
-3.51640, -1.42370, 682.84371, 15.37795, 13.37213,  9.86434
-4.21968, -0.71185, 682.84371, 15.37795, 13.83324,  9.86434
-4.21968, -1.42370, 685.90579, 15.37795, 13.37213,  9.86434
-4.21968, -1.42370, 682.84371, 15.37795, 13.37213,  9.86434
-3.51640, -2.13555, 682.84371, 15.37795, 13.37213,  9.86434
-3.51640, -1.42370, 685.90579, 15.37795, 13.37213,  9.63493
-4.21968, -1.42370, 682.84371, 15.37795, 13.83324,  9.86434
-4.21968, -2.13555, 682.84371, 15.37795, 13.37213,  9.63493
-4.21968, -1.42370, 682.84371, 14.84768, 13.37213,  9.86434
-4.21968, -1.42370, 682.84371, 15.37795, 13.37213,  9.86434
-4.21968, -1.42370, 682.84371, 14.84768, 13.37213,  9.86434
-4.21968, -1.42370, 682.84371, 15.37795, 13.37213,  9.86434
-4.21968, -1.42370, 682.84371, 15.37795, 13.37213,  9.86434
-4.21968, -1.42370, 682.84371, 14.84768, 13.83324,  9.86434
-4.21968, -1.42370, 685.90579, 14.84768, 13.37213,  9.86434
-4.21968, -1.42370, 682.84371, 14.84768, 12.91102,  9.86434
-4.21968, -1.42370, 682.84371, 15.37795, 13.37213,  9.86434
-4.21968, -2.13555, 682.84371, 14.84768, 13.37213,  9.86434
-4.21968, -1.42370, 682.84371, 14.84768, 13.37213,  9.86434
-4.21968, -1.42370, 682.84371, 14.84768, 13.37213,  9.63493
-4.21968, -1.42370, 685.90579, 14.84768, 13.37213,  9.63493
-3.51640, -1.42370, 682.84371, 15.37795, 13.37213,  9.86434
-3.51640, -1.42370, 685.90579, 14.84768, 12.91102,  9.86434
-4.21968, -2.13555, 682.84371, 14.31740, 13.37213,  9.86434
-3.51640, -2.13555, 682.84371, 14.84768, 12.91102,  9.86434
-4.21968, -2.13555, 682.84371, 14.84768, 13.37213,  9.86434
-4.21968, -2.13555, 682.84371, 14.84768, 13.37213,  9.86434
-4.21968, -2.13555, 682.84371, 14.84768, 12.91102,  9.86434
-4.21968, -2.13555, 682.84371, 14.31740, 13.37213,  9.86434
-3.51640, -2.13555, 685.90579, 14.84768, 12.91102,  9.86434
-4.21968, -2.13555, 682.84371, 15.37795, 12.91102,  9.86434
-3.51640, -2.13555, 682.84371, 14.84768, 12.91102,  9.63493
-3.51640, -2.13555, 682.84371, 15.37795, 12.91102,  9.86434
-3.51640, -2.13555, 685.90579, 15.37795, 12.91102,  9.63493
-3.51640, -1.42370, 682.84371, 15.37795, 13.37213,  9.86434
-4.21968, -1.42370, 682.84371, 15.37795, 13.37213,  9.86434
-4.21968, -1.42370, 682.84371, 15.37795, 13.37213,  9.86434
-3.51640, -1.42370, 682.84371, 15.37795, 13.37213,  9.86434
-4.21968, -0.71185, 685.90579, 15.37795, 12.91102,  9.63493
-3.51640, -0.71185, 685.90579, 15.37795, 13.37213,  9.86434
-3.51640, -1.42370, 682.84371, 15.90823, 13.37213,  9.86434
-3.51640, -1.42370, 682.84371, 15.37795, 13.37213,  9.63493
-4.21968, -0.71185, 682.84371, 15.37795, 13.37213,  9.86434
-3.51640, -0.71185, 682.84371, 15.90823, 13.37213,  9.63493
-4.21968, -1.42370, 685.90579, 15.37795, 13.37213,  9.63493
-4.21968, -1.42370, 682.84371, 15.37795, 13.37213,  9.63493
-4.21968, -0.71185, 685.90579, 15.37795, 12.91102,  9.86434
-4.21968, -1.42370, 685.90579, 15.90823, 13.37213,  9.86434
-4.21968, -0.71185, 682.84371, 15.90823, 12.91102,  9.86434
-4.21968,  0.00000, 682.84371, 15.90823, 13.37213,  9.86434
-4.21968,  0.00000, 682.84371, 15.37795, 13.37213,  9.86434
-3.51640, -1.42370, 682.84371, 15.37795, 12.91102,  9.86434
-4.21968, -1.42370, 685.90579, 14.84768, 12.91102,  9.86434
-3.51640, -1.42370, 685.90579, 14.84768, 12.91102,  9.86434
-4.21968, -1.42370, 685.90579, 14.84768, 12.91102,  9.86434
-3.51640, -1.42370, 682.84371, 14.84768, 12.91102,  9.86434
-3.51640, -1.42370, 682.84371, 14.84768, 12.91102,  9.63493
-3.51640, -1.42370, 682.84371, 14.84768, 12.91102,  9.86434
-3.51640, -1.42370, 682.84371, 14.31740, 12.91102,  9.63493
-3.51640, -1.42370, 685.90579, 14.84768, 12.91102,  9.86434
-3.51640, -2.13555, 685.90579, 14.31740, 12.91102,  9.63493
-2.81312, -2.13555, 685.90579, 14.84768, 12.91102,  9.86434
-3.51640, -2.13555, 685.90579, 14.31740, 12.91102,  9.86434
-3.51640, -2.13555, 685.90579, 14.31740, 12.44992,  9.63493
-4.21968, -2.13555, 682.84371, 14.31740, 12.91102,  9.86434
-2.81312, -2.13555, 682.84371, 13.78713, 12.44992,  9.63493
-3.51640, -2.13555, 682.84371, 14.31740, 12.44992,  9.63493
-3.51640, -1.42370, 685.90579, 14.31740, 12.44992,  9.86434
-3.51640, -1.42370, 682.84371, 13.78713, 12.44992,  9.63493
-3.51640, -1.42370, 682.84371, 14.31740, 12.44992,  9.63493
-3.51640, -2.13555, 682.84371, 14.31740, 12.44992,  9.63493
-3.51640, -1.42370, 685.90579, 14.31740, 12.44992,  9.63493
-2.81312, -1.42370, 682.84371, 14.31740, 12.44992,  9.63493
-3.51640, -1.42370, 685.90579, 13.78713, 12.91102,  9.63493
-3.51640, -2.13555, 685.90579, 13.78713, 12.91102,  9.63493
-3.51640, -2.13555, 685.90579, 13.25686, 12.91102,  9.86434
-4.21968, -2.13555, 682.84371, 13.25686, 12.91102,  9.63493
-3.51640, -2.13555, 685.90579, 13.78713, 12.91102,  9.86434
-3.51640, -1.42370, 685.90579, 13.78713, 12.91102,  9.86434
-3.51640, -1.42370, 682.84371, 13.78713, 12.91102,  9.63493
-3.51640, -2.13555, 682.84371, 13.78713, 12.91102,  9.63493
-3.51640, -2.13555, 682.84371, 13.25686, 12.91102,  9.63493
-4.21968, -2.13555, 682.84371, 13.25686, 12.91102,  9.86434
-3.51640, -2.84740, 685.90579, 12.72658, 12.91102,  9.86434
-3.51640, -2.13555, 685.90579, 13.25686, 12.91102,  9.86434
-3.51640, -2.84740, 685.90579, 12.72658, 12.91102,  9.63493
-3.51640, -2.13555, 682.84371, 12.72658, 12.91102,  9.63493
-3.51640, -2.13555, 682.84371, 13.25686, 12.91102,  9.86434
-3.51640, -1.42370, 682.84371, 13.25686, 12.91102,  9.63493
-3.51640, -2.13555, 682.84371, 13.25686, 12.44992,  9.86434
-3.51640, -2.13555, 682.84371, 13.25686, 12.91102,  9.63493
-3.51640, -1.42370, 685.90579, 13.25686, 12.91102,  9.86434
-3.51640, -1.42370, 685.90579, 13.25686, 12.91102,  9.63493
-4.21968, -2.13555, 682.84371, 13.25686, 12.91102,  9.86434
-3.51640, -2.13555, 685.90579, 13.25686, 12.91102,  9.63493
-4.21968, -2.13555, 685.90579, 13.25686, 12.91102,  9.86434
-4.21968, -2.13555, 685.90579, 13.25686, 12.91102,  9.63493
-3.51640, -1.42370, 682.84371, 13.25686, 13.37213,  9.63493
-3.51640, -1.42370, 682.84371, 13.25686, 13.37213,  9.63493
-4.21968, -2.13555, 682.84371, 13.25686, 12.91102,  9.63493
-4.92295, -2.13555, 682.84371, 13.25686, 13.83324,  9.63493
-4.92295, -2.13555, 685.90579, 13.25686, 13.37213,  9.63493
-4.92295, -1.42370, 682.84371, 13.78713, 13.37213,  9.63493
-4.21968, -1.42370, 685.90579, 13.78713, 13.37213,  9.63493
-4.21968, -1.42370, 682.84371, 13.78713, 13.37213,  9.86434
-4.21968, -1.42370, 682.84371, 13.25686, 13.37213,  9.86434
-4.92295, -1.42370, 682.84371, 13.25686, 13.37213,  9.86434
-4.21968, -2.13555, 682.84371, 13.25686, 13.37213,  9.63493
-4.21968, -2.13555, 685.90579, 13.25686, 12.91102,  9.86434
-4.92295, -2.84740, 685.90579, 12.72658, 12.91102,  9.86434
-4.21968, -2.84740, 685.90579, 12.72658, 12.91102,  9.86434
-4.21968, -2.13555, 685.90579, 12.72658, 12.44992,  9.86434
-4.21968, -2.13555, 685.90579, 12.72658, 12.44992,  9.86434
-4.21968, -2.84740, 682.84371, 12.72658, 12.44992,  9.63493
-4.21968, -2.84740, 682.84371, 12.72658, 12.91102,  9.63493
-4.21968, -2.13555, 682.84371, 12.72658, 12.44992,  9.63493
-4.21968, -2.84740, 682.84371, 12.72658, 12.44992,  9.86434
-4.21968, -2.84740, 685.90579, 12.72658, 12.44992,  9.63493
-4.21968, -2.84740, 685.90579, 12.72658, 11.98881,  9.86434
-4.21968, -2.13555, 685.90579, 13.25686, 12.44992,  9.86434
-3.51640, -2.84740, 685.90579, 12.72658, 11.98881,  9.63493
-3.51640, -2.84740, 685.90579, 12.72658, 11.98881,  9.63493
-4.21968, -2.13555, 682.84371, 12.72658, 11.98881,  9.63493
-4.21968, -2.13555, 682.84371, 12.72658, 11.98881,  9.63493
-4.21968, -2.84740, 682.84371, 12.72658, 11.52770,  9.63493
-4.21968, -2.13555, 682.84371, 13.78713, 11.98881,  9.63493
-4.21968, -2.13555, 685.90579, 13.78713, 11.98881,  9.63493
-3.51640, -2.13555, 682.84371, 13.78713, 11.98881,  9.86434
-4.21968, -2.13555, 685.90579, 14.31740, 11.98881,  9.63493
-4.21968, -2.13555, 685.90579, 13.78713, 11.98881,  9.63493
-4.21968, -2.84740, 682.84371, 14.31740, 11.98881,  9.63493
-4.21968, -2.13555, 682.84371, 14.31740, 11.98881,  9.86434
-4.21968, -2.13555, 685.90579, 14.84768, 11.98881,  9.63493
-3.51640, -2.13555, 682.84371, 14.84768, 11.52770,  9.63493
-4.21968, -2.13555, 685.90579, 15.37795, 11.52770,  9.63493
-4.21968, -1.42370, 682.84371, 15.37795, 11.52770,  9.86434
-4.21968, -0.71185, 682.84371, 15.90823, 11.52770,  9.63493
-4.21968, -0.71185, 682.84371, 15.90823, 11.98881,  9.63493
-4.21968, -0.71185, 685.90579, 15.90823, 11.52770,  9.63493
-3.51640, -0.71185, 685.90579, 15.90823, 11.98881,  9.63493
-4.21968, -0.71185, 685.90579, 15.90823, 11.98881,  9.63493
-4.21968, -0.71185, 682.84371, 16.43850, 11.98881,  9.86434
-4.21968, -0.71185, 685.90579, 16.43850, 11.98881,  9.63493
-4.21968, -0.71185, 685.90579, 16.43850, 11.98881,  9.86434
-4.21968, -0.71185, 682.84371, 15.90823, 11.98881,  9.86434
-4.21968, -0.71185, 685.90579, 15.90823, 12.44992,  9.86434
-4.21968, -1.42370, 685.90579, 16.43850, 12.44992,  9.86434
-4.21968, -1.42370, 682.84371, 15.90823, 11.98881,  9.86434
-4.21968, -1.42370, 682.84371, 15.90823, 12.44992,  9.86434
-4.92295, -1.42370, 682.84371, 15.90823, 11.98881,  9.86434
-4.92295, -1.42370, 685.90579, 15.90823, 12.44992,  9.86434
-4.21968, -1.42370, 685.90579, 15.90823, 11.98881,  9.86434
-4.92295, -1.42370, 685.90579, 15.90823, 12.44992,  9.86434
-4.21968, -1.42370, 682.84371, 15.90823, 12.44992,  9.86434
-4.21968, -2.13555, 682.84371, 16.43850, 11.98881,  9.63493
-4.21968, -1.42370, 682.84371, 15.90823, 11.98881,  9.63493
-4.92295, -1.42370, 682.84371, 16.43850, 11.98881,  9.86434
-4.21968, -1.42370, 685.90579, 16.43850, 11.98881,  9.63493
-4.21968, -1.42370, 685.90579, 16.43850, 11.98881,  9.86434
-4.21968, -2.13555, 682.84371, 15.90823, 11.98881,  9.86434
-4.21968, -1.42370, 682.84371, 16.43850, 11.98881,  9.86434
-4.92295, -1.42370, 682.84371, 16.43850, 11.98881,  9.63493
-4.21968, -1.42370, 682.84371, 16.43850, 11.98881,  9.86434
-4.92295, -1.42370, 682.84371, 16.43850, 11.98881,  9.63493
-4.21968, -1.42370, 682.84371, 16.43850, 11.98881,  9.86434
-4.21968, -1.42370, 682.84371, 16.96877, 11.98881,  9.86434
-4.21968, -1.42370, 682.84371, 16.43850, 11.98881,  9.86434
-4.92295, -1.42370, 685.90579, 16.96877, 11.98881,  9.86434
-4.21968, -2.13555, 682.84371, 16.96877, 11.98881,  9.86434
-4.21968, -1.42370, 682.84371, 16.43850, 11.98881,  9.86434
-4.21968, -0.71185, 685.90579, 16.96877, 11.98881,  9.86434
-4.21968, -1.42370, 685.90579, 16.43850, 11.98881,  9.86434
-4.21968, -1.42370, 685.90579, 16.96877, 11.98881,  9.63493
-4.21968, -1.42370, 682.84371, 17.49905, 11.98881,  9.86434
-4.21968, -1.42370, 682.84371, 16.96877, 11.98881,  9.86434
-4.21968, -1.42370, 682.84371, 16.96877, 11.52770, 10.09374
-3.51640, -1.42370, 682.84371, 16.96877, 11.52770,  9.86434
-4.21968, -1.42370, 682.84371, 16.96877, 11.52770,  9.86434
-4.21968, -0.71185, 682.84371, 16.96877, 11.98881,  9.86434
-4.92295, -1.42370, 682.84371, 16.96877, 11.98881,  9.86434
-4.21968, -1.42370, 685.90579, 16.96877, 11.52770,  9.86434
-4.21968, -1.42370, 682.84371, 17.49905, 11.98881,  9.86434
-4.21968, -1.42370, 685.90579, 17.49905, 11.98881,  9.86434
-4.21968, -0.71185, 685.90579, 16.96877, 11.98881,  9.86434
-4.21968, -1.42370, 685.90579, 17.49905, 11.98881,  9.86434
-4.21968, -1.42370, 685.90579, 16.96877, 11.98881,  9.86434
-4.21968, -1.42370, 682.84371, 17.49905, 11.98881,  9.86434
-4.92295, -0.71185, 682.84371, 17.49905, 11.52770,  9.86434
-4.21968, -1.42370, 682.84371, 17.49905, 11.98881,  9.86434
-4.21968, -1.42370, 682.84371, 17.49905, 11.98881,  9.86434
-4.21968, -1.42370, 682.84371, 17.49905, 11.52770,  9.86434
-4.21968, -1.42370, 685.90579, 17.49905, 11.52770,  9.86434
-4.21968, -1.42370, 685.90579, 17.49905, 11.98881,  9.86434
-4.92295, -1.42370, 685.90579, 17.49905, 11.98881,  9.86434
-4.21968, -1.42370, 685.90579, 17.49905, 11.98881,  9.86434
-3.51640, -1.42370, 682.84371, 17.49905, 11.98881,  9.86434
-4.21968, -1.42370, 685.90579, 17.49905, 11.98881,  9.86434
-4.21968, -1.42370, 682.84371, 16.96877, 11.98881,  9.63493
-3.51640, -1.42370, 685.90579, 16.96877, 11.98881,  9.86434
-4.21968, -2.13555, 682.84371, 16.96877, 11.52770,  9.86434
-4.21968, -1.42370, 685.90579, 17.49905, 11.98881,  9.63493
-4.21968, -1.42370, 682.84371, 16.96877, 11.52770,  9.86434
-4.21968, -1.42370, 682.84371, 17.49905, 11.52770,  9.86434
-4.21968, -1.42370, 682.84371, 17.49905, 11.52770, 10.09374
-4.21968, -1.42370, 682.84371, 17.49905, 11.06659,  9.86434
-4.21968, -1.42370, 685.90579, 17.49905, 11.52770,  9.86434
-4.21968, -0.71185, 682.84371, 17.49905, 11.52770,  9.63493
-4.21968, -1.42370, 685.90579, 16.96877, 11.52770,  9.86434
-4.21968, -0.71185, 685.90579, 17.49905, 11.52770,  9.86434
-4.21968, -0.71185, 682.84371, 17.49905, 11.52770,  9.86434
-4.21968, -0.71185, 685.90579, 16.96877, 11.52770,  9.86434
-4.21968, -0.71185, 685.90579, 17.49905, 11.52770,  9.86434
-4.21968, -0.71185, 685.90579, 17.49905, 11.52770,  9.86434
-4.21968, -1.42370, 682.84371, 16.96877, 11.06659, 10.09374
-4.21968, -0.71185, 682.84371, 16.96877, 11.06659,  9.86434
-4.21968, -1.42370, 685.90579, 16.96877, 11.52770,  9.86434
-3.51640, -1.42370, 685.90579, 15.90823, 11.06659,  9.86434
-4.21968, -1.42370, 685.90579, 16.43850, 11.52770,  9.86434
-3.51640, -1.42370, 685.90579, 16.43850, 11.06659,  9.86434
-4.21968, -1.42370, 685.90579, 15.90823, 11.52770,  9.86434
-3.51640, -1.42370, 682.84371, 16.43850, 11.52770,  9.86434
-3.51640, -2.13555, 682.84371, 15.90823, 11.06659,  9.86434
-4.21968, -2.13555, 682.84371, 15.37795, 11.06659,  9.86434
-4.21968, -2.13555, 682.84371, 15.37795, 11.52770,  9.86434
-4.21968, -2.13555, 682.84371, 14.84768, 11.52770,  9.86434
-3.51640, -2.13555, 685.90579, 15.37795, 11.06659,  9.86434
-3.51640, -1.42370, 682.84371, 15.37795, 11.06659,  9.86434
-3.51640, -2.13555, 685.90579, 15.37795, 11.52770,  9.86434
-4.21968, -2.13555, 685.90579, 14.84768, 11.06659,  9.86434
-4.21968, -2.84740, 685.90579, 14.84768, 11.06659,  9.86434
-3.51640, -2.13555, 685.90579, 15.37795, 11.06659,  9.86434
-3.51640, -2.13555, 682.84371, 14.84768, 11.06659,  9.86434
-3.51640, -2.13555, 685.90579, 14.84768, 11.06659,  9.86434
-3.51640, -2.84740, 685.90579, 14.84768, 11.06659,  9.86434
-3.51640, -2.84740, 685.90579, 14.84768, 11.06659,  9.63493
-3.51640, -2.13555, 685.90579, 14.84768, 11.06659,  9.86434
-3.51640, -2.13555, 685.90579, 14.84768, 11.06659,  9.63493
-3.51640, -2.13555, 688.96787, 14.84768, 11.06659,  9.86434
-3.51640, -2.13555, 685.90579, 14.84768, 11.06659,  9.86434
-3.51640, -1.42370, 685.90579, 14.84768, 11.06659,  9.63493
-3.51640, -2.13555, 682.84371, 14.84768, 11.06659,  9.86434
-4.21968, -2.13555, 682.84371, 14.84768, 11.06659,  9.63493
-3.51640, -2.13555, 682.84371, 14.84768, 11.06659,  9.86434
-3.51640, -2.84740, 682.84371, 14.31740, 10.60548,  9.63493
-4.21968, -2.13555, 682.84371, 14.31740, 11.06659,  9.86434
-4.21968, -2.13555, 685.90579, 14.31740, 11.06659,  9.86434
-3.51640, -2.84740, 685.90579, 14.84768, 11.06659,  9.63493
-3.51640, -2.13555, 685.90579, 14.84768, 11.06659,  9.86434
-3.51640, -2.13555, 685.90579, 14.84768, 11.06659,  9.86434
-3.51640, -1.42370, 685.90579, 15.37795, 11.06659,  9.86434
-3.51640, -1.42370, 685.90579, 15.37795, 10.60548,  9.86434
-3.51640, -1.42370, 682.84371, 15.37795, 11.06659,  9.86434
-3.51640, -1.42370, 688.96787, 15.37795, 10.60548,  9.86434
-3.51640, -1.42370, 685.90579, 15.37795, 11.06659,  9.63493
-4.21968, -0.71185, 685.90579, 15.90823, 11.06659,  9.86434
-3.51640, -1.42370, 685.90579, 15.37795, 11.06659,  9.86434
-3.51640, -1.42370, 682.84371, 15.90823, 11.06659,  9.86434
-4.21968, -0.71185, 685.90579, 15.37795, 11.06659,  9.63493
-3.51640, -1.42370, 685.90579, 14.84768, 11.06659,  9.86434
-4.21968, -1.42370, 682.84371, 15.37795, 11.06659,  9.63493
-3.51640, -1.42370, 685.90579, 15.37795, 11.06659,  9.86434
-3.51640, -1.42370, 685.90579, 14.84768, 11.06659,  9.86434
-3.51640, -1.42370, 685.90579, 14.84768, 11.06659,  9.86434
-4.21968, -2.13555, 685.90579, 14.84768, 11.06659,  9.86434
-3.51640, -2.13555, 685.90579, 14.84768, 11.06659,  9.86434
-4.21968, -1.42370, 685.90579, 14.84768, 11.06659,  9.86434
-3.51640, -2.13555, 685.90579, 14.31740, 11.52770,  9.63493
-4.21968, -2.13555, 685.90579, 14.84768, 11.06659,  9.63493
-3.51640, -2.13555, 682.84371, 14.84768, 11.52770,  9.86434
-3.51640, -2.13555, 682.84371, 14.84768, 11.06659,  9.86434
-4.21968, -1.42370, 685.90579, 14.84768, 11.06659,  9.86434
-4.21968, -2.13555, 685.90579, 14.84768, 11.06659,  9.86434
-4.21968, -2.13555, 685.90579, 14.84768, 11.52770,  9.63493
-4.21968, -2.13555, 685.90579, 14.84768, 11.52770,  9.86434
-4.21968, -2.13555, 685.90579, 14.84768, 11.06659,  9.63493
-4.21968, -2.13555, 685.90579, 14.84768, 11.06659,  9.86434
-4.21968, -2.13555, 685.90579, 14.84768, 11.52770,  9.86434
-4.21968, -1.42370, 685.90579, 14.84768, 11.06659,  9.86434
-4.21968, -1.42370, 685.90579, 15.37795, 11.52770,  9.86434
-4.21968, -0.71185, 685.90579, 14.84768, 11.52770,  9.63493
-4.21968, -1.42370, 682.84371, 15.37795, 11.52770,  9.86434
-4.21968, -1.42370, 685.90579, 15.37795, 11.52770,  9.63493
-4.92295, -1.42370, 685.90579, 15.37795, 11.52770,  9.86434
-4.21968, -0.71185, 685.90579, 15.37795, 11.52770,  9.86434
-4.21968, -1.42370, 685.90579, 15.90823, 11.98881,  9.63493
-4.21968, -1.42370, 682.84371, 15.37795, 11.52770,  9.86434
-4.92295, -1.42370, 682.84371, 15.37795, 11.52770,  9.86434
-4.21968, -2.13555, 682.84371, 15.37795, 11.52770,  9.86434
-4.21968, -2.13555, 685.90579, 14.84768, 11.52770,  9.86434
-4.21968, -2.13555, 682.84371, 14.84768, 11.52770,  9.86434
-4.21968, -2.13555, 688.96787, 14.84768, 11.98881,  9.86434
-4.21968, -2.13555, 685.90579, 14.84768, 11.98881,  9.86434
-4.92295, -1.42370, 685.90579, 14.84768, 11.52770,  9.86434
-4.92295, -2.13555, 685.90579, 14.84768, 11.52770,  9.63493
-4.92295, -1.42370, 685.90579, 14.31740, 11.52770,  9.63493
-4.92295, -1.42370, 682.84371, 14.84768, 11.98881,  9.63493
-4.92295, -1.42370, 682.84371, 14.84768, 11.52770,  9.86434
-4.92295, -1.42370, 682.84371, 14.84768, 11.52770,  9.86434
-4.92295, -2.13555, 679.78163, 14.84768, 11.98881,  9.86434
-4.92295, -1.42370, 682.84371, 14.31740, 11.98881,  9.86434
-4.92295, -1.42370, 685.90579, 14.31740, 11.98881,  9.86434
-4.92295, -2.13555, 685.90579, 14.84768, 11.98881,  9.63493
-4.92295, -2.13555, 685.90579, 14.84768, 11.98881,  9.86434
-4.92295, -2.13555, 685.90579, 14.31740, 11.98881,  9.86434
-4.92295, -1.42370, 685.90579, 14.31740, 11.98881,  9.86434
-4.92295, -2.13555, 682.84371, 14.31740, 11.98881,  9.86434
-4.92295, -2.13555, 685.90579, 14.31740, 11.98881,  9.86434
-4.92295, -1.42370, 685.90579, 14.31740, 11.98881,  9.63493
-4.92295, -1.42370, 682.84371, 14.31740, 11.98881,  9.63493
-4.92295, -1.42370, 682.84371, 14.31740, 11.98881,  9.63493
-4.92295, -1.42370, 679.78163, 14.31740, 12.44992,  9.63493
-4.92295, -2.13555, 682.84371, 14.84768, 11.98881,  9.86434
-4.92295, -2.13555, 682.84371, 14.31740, 12.44992,  9.86434
-4.92295, -1.42370, 682.84371, 14.31740, 11.98881,  9.63493
-4.92295, -1.42370, 685.90579, 14.31740, 11.98881,  9.86434
-4.92295, -1.42370, 685.90579, 14.31740, 11.98881,  9.86434
-5.62623, -1.42370, 682.84371, 14.31740, 12.44992,  9.86434
-4.92295, -1.42370, 685.90579, 14.31740, 11.98881,  9.63493
-4.92295, -1.42370, 682.84371, 14.31740, 11.98881,  9.86434
-4.92295, -1.42370, 682.84371, 14.31740, 11.98881,  9.86434
-4.92295, -1.42370, 685.90579, 14.31740, 12.44992,  9.63493
-4.92295, -1.42370, 682.84371, 14.31740, 11.52770,  9.63493
-4.21968, -1.42370, 682.84371, 14.31740, 11.98881,  9.86434
-4.92295, -2.13555, 682.84371, 13.78713, 11.52770,  9.86434
-4.92295, -1.42370, 685.90579, 13.78713, 11.98881,  9.86434
-5.62623, -2.13555, 682.84371, 13.25686, 11.98881,  9.86434
-4.92295, -1.42370, 682.84371, 13.78713, 11.98881,  9.86434
-4.92295, -2.13555, 682.84371, 13.25686, 11.98881,  9.86434
-4.92295, -2.13555, 682.84371, 13.78713, 11.52770,  9.86434
-4.92295, -2.13555, 682.84371, 13.25686, 11.98881,  9.63493
-4.92295, -2.84740, 682.84371, 13.25686, 11.98881,  9.86434
-4.92295, -2.13555, 682.84371, 13.25686, 11.98881,  9.86434
-4.92295, -2.13555, 682.84371, 12.72658, 11.98881,  9.86434
-4.21968, -2.84740, 682.84371, 12.72658, 11.98881,  9.86434
-4.92295, -2.84740, 682.84371, 12.72658, 12.44992,  9.86434
-4.92295, -2.84740, 685.90579, 12.72658, 11.98881,  9.86434
-4.92295, -2.84740, 682.84371, 12.72658, 11.98881,  9.86434
-4.21968, -2.84740, 685.90579, 12.72658, 11.98881,  9.86434
-4.92295, -2.13555, 685.90579, 13.25686, 11.98881,  9.86434
-4.92295, -2.13555, 682.84371, 13.25686, 11.98881,  9.63493
-4.92295, -2.13555, 682.84371, 13.25686, 12.44992,  9.63493
-4.92295, -2.84740, 682.84371, 13.25686, 11.98881,  9.63493
-4.92295, -2.84740, 682.84371, 13.25686, 11.98881,  9.86434
-4.21968, -2.13555, 685.90579, 13.25686, 11.98881,  9.86434
-4.92295, -2.13555, 685.90579, 13.78713, 11.98881,  9.86434
-4.21968, -2.13555, 685.90579, 14.31740, 12.44992,  9.86434
-4.92295, -1.42370, 685.90579, 13.78713, 11.98881,  9.63493
-4.92295, -0.71185, 685.90579, 14.31740, 12.44992,  9.86434
-4.92295, -1.42370, 682.84371, 13.78713, 11.98881,  9.63493
-4.92295, -1.42370, 682.84371, 14.31740, 12.44992,  9.63493
-4.92295, -1.42370, 682.84371, 13.78713, 11.98881,  9.63493
-4.92295, -1.42370, 682.84371, 14.31740, 11.98881,  9.86434
-4.92295, -2.13555, 682.84371, 13.78713, 11.98881,  9.63493
-4.92295, -2.13555, 682.84371, 13.78713, 12.44992,  9.86434
-4.92295, -2.13555, 682.84371, 13.78713, 12.44992,  9.86434
-4.92295, -2.13555, 685.90579, 13.78713, 12.44992,  9.86434
-4.92295, -1.42370, 682.84371, 13.78713, 12.44992,  9.86434
-4.92295, -2.13555, 682.84371, 13.78713, 12.44992,  9.86434
-4.92295, -1.42370, 682.84371, 13.78713, 12.44992,  9.86434
-4.92295, -2.13555, 685.90579, 13.25686, 12.44992,  9.86434
-4.92295, -2.13555, 682.84371, 13.25686, 12.44992,  9.86434
-4.92295, -2.13555, 682.84371, 13.78713, 12.44992,  9.86434
-5.62623, -2.13555, 685.90579, 13.78713, 12.44992,  9.86434
-4.92295, -2.13555, 682.84371, 13.78713, 12.44992,  9.63493
-4.92295, -2.13555, 682.84371, 13.78713, 12.44992,  9.86434
-4.92295, -1.42370, 685.90579, 13.78713, 12.44992,  9.86434
-5.62623, -2.13555, 682.84371, 13.78713, 12.44992,  9.86434
-4.92295, -2.13555, 685.90579, 14.31740, 12.44992,  9.86434
-4.92295, -1.42370, 682.84371, 13.78713, 12.44992,  9.86434
-5.62623, -1.42370, 682.84371, 14.31740, 12.44992,  9.86434
-4.92295, -1.42370, 685.90579, 13.78713, 12.44992,  9.86434
-4.92295, -1.42370, 682.84371, 13.78713, 12.44992,  9.86434
-4.92295, -2.13555, 685.90579, 13.78713, 12.44992,  9.86434
-4.92295, -1.42370, 682.84371, 14.31740, 12.44992,  9.86434
-4.92295, -1.42370, 682.84371, 14.31740, 12.44992,  9.86434
-4.92295, -2.13555, 685.90579, 14.31740, 12.44992,  9.86434
-4.92295, -2.13555, 682.84371, 14.31740, 12.44992,  9.63493
-4.21968, -2.13555, 685.90579, 13.78713, 12.44992,  9.63493
-4.92295, -2.13555, 685.90579, 13.78713, 11.98881,  9.86434
-4.21968, -2.13555, 682.84371, 14.31740, 11.98881,  9.86434
-4.92295, -2.13555, 682.84371, 14.31740, 11.98881,  9.86434
-4.92295, -2.13555, 685.90579, 14.31740, 12.44992,  9.86434
-4.92295, -1.42370, 682.84371, 14.31740, 11.98881,  9.86434
-4.92295, -2.13555, 682.84371, 14.31740, 11.98881,  9.63493
-4.92295, -2.13555, 685.90579, 13.78713, 11.98881,  9.86434
-4.92295, -2.13555, 685.90579, 13.78713, 11.98881,  9.86434
-4.92295, -2.13555, 682.84371, 14.84768, 11.98881,  9.86434
-4.21968, -2.13555, 685.90579, 14.31740, 11.98881,  9.86434
-4.92295, -1.42370, 682.84371, 14.31740, 11.98881,  9.86434
-4.92295, -2.13555, 682.84371, 14.31740, 11.98881,  9.63493
-4.92295, -2.13555, 682.84371, 14.31740, 11.98881,  9.86434
-5.62623, -2.13555, 682.84371, 14.31740, 11.98881,  9.63493
-4.92295, -2.13555, 685.90579, 14.31740, 11.98881,  9.86434
-4.92295, -2.13555, 685.90579, 14.31740, 11.98881,  9.86434
-5.62623, -2.13555, 682.84371, 14.31740, 11.98881,  9.86434
-4.92295, -2.13555, 685.90579, 14.84768, 12.44992,  9.86434
-4.92295, -2.13555, 682.84371, 14.31740, 11.98881,  9.86434
-4.92295, -2.13555, 685.90579, 14.31740, 11.98881,  9.63493
-4.92295, -2.13555, 685.90579, 14.84768, 11.98881,  9.86434
-4.92295, -2.13555, 685.90579, 14.31740, 11.52770,  9.86434
-4.92295, -2.13555, 685.90579, 14.31740, 11.52770,  9.63493
-4.92295, -2.13555, 685.90579, 14.84768, 11.52770,  9.86434
-4.92295, -2.13555, 682.84371, 14.84768, 11.52770,  9.63493
-4.92295, -2.13555, 682.84371, 14.84768, 11.52770,  9.86434
-4.92295, -2.13555, 682.84371, 14.84768, 11.52770,  9.63493
-4.92295, -2.13555, 682.84371, 15.37795, 11.06659,  9.86434
-4.92295, -2.13555, 685.90579, 15.37795, 11.06659,  9.86434
-4.21968, -2.13555, 685.90579, 15.37795, 11.06659,  9.86434
-4.92295, -2.13555, 682.84371, 15.37795, 11.52770,  9.86434
-4.92295, -2.13555, 685.90579, 15.37795, 11.52770,  9.63493
-4.92295, -2.13555, 685.90579, 15.37795, 11.52770,  9.86434
-4.92295, -1.42370, 685.90579, 15.90823, 11.52770,  9.86434
-4.92295, -0.71185, 682.84371, 16.43850, 11.52770,  9.86434
-4.21968, -0.71185, 682.84371, 16.43850, 11.52770,  9.86434
-4.92295, -0.71185, 682.84371, 15.90823, 11.52770,  9.86434
-4.92295, -1.42370, 685.90579, 16.43850, 11.52770,  9.86434
-4.92295, -0.71185, 682.84371, 15.90823, 11.98881,  9.86434
-4.92295, -1.42370, 682.84371, 15.90823, 11.52770,  9.86434
-4.92295, -1.42370, 682.84371, 15.90823, 11.06659,  9.86434
-4.92295, -1.42370, 682.84371, 15.90823, 11.52770,  9.86434
-4.92295, -1.42370, 682.84371, 15.90823, 11.06659,  9.86434
-4.92295, -1.42370, 682.84371, 15.90823, 11.06659,  9.86434
-4.92295, -1.42370, 682.84371, 15.90823, 11.52770,  9.86434
-5.62623, -1.42370, 682.84371, 15.90823, 11.52770,  9.86434
-4.92295, -1.42370, 682.84371, 16.43850, 11.52770,  9.63493
-4.92295, -2.13555, 685.90579, 15.90823, 11.52770,  9.86434
-5.62623, -2.13555, 682.84371, 16.43850, 11.52770,  9.86434
-4.92295, -2.13555, 685.90579, 16.43850, 11.06659,  9.86434
-4.92295, -2.13555, 685.90579, 15.90823, 11.52770,  9.86434
-4.92295, -1.42370, 682.84371, 16.43850, 11.06659,  9.86434
-4.92295, -1.42370, 682.84371, 16.43850, 11.06659,  9.86434
-4.92295, -2.13555, 682.84371, 16.43850, 11.06659,  9.86434
-4.92295, -2.13555, 682.84371, 15.90823, 11.06659,  9.86434
-5.62623, -1.42370, 682.84371, 15.90823, 11.06659,  9.63493
-4.92295, -1.42370, 682.84371, 16.43850, 11.06659,  9.63493
-4.92295, -1.42370, 685.90579, 16.43850, 11.06659,  9.86434
-4.92295, -1.42370, 682.84371, 16.43850, 11.06659,  9.86434
-4.92295, -1.42370, 682.84371, 16.43850, 10.60548,  9.86434
-4.92295, -1.42370, 682.84371, 16.43850, 11.06659,  9.86434
-4.92295, -1.42370, 682.84371, 16.43850, 11.06659,  9.86434
-4.92295, -1.42370, 682.84371, 16.43850, 11.06659,  9.86434
-4.92295, -1.42370, 685.90579, 16.43850, 10.60548,  9.63493
-4.92295, -1.42370, 682.84371, 16.43850, 11.06659,  9.86434
-4.92295, -1.42370, 682.84371, 16.43850, 11.06659,  9.86434
-4.92295, -1.42370, 685.90579, 16.43850, 11.06659,  9.86434
-4.92295, -1.42370, 685.90579, 16.43850, 11.06659,  9.86434
-4.92295, -2.13555, 682.84371, 15.90823, 11.06659,  9.86434
-4.92295, -1.42370, 682.84371, 15.90823, 11.06659,  9.86434
-5.62623, -2.13555, 682.84371, 15.90823, 11.06659,  9.86434
-4.92295, -1.42370, 682.84371, 16.43850, 11.06659,  9.86434
-4.92295, -1.42370, 682.84371, 16.43850, 10.60548,  9.86434
-4.92295, -1.42370, 682.84371, 15.90823, 11.06659,  9.86434
-4.92295, -1.42370, 685.90579, 15.90823, 11.06659,  9.86434
-4.92295, -1.42370, 682.84371, 15.90823, 11.06659,  9.86434
-4.92295, -1.42370, 685.90579, 15.37795, 11.06659,  9.86434
-4.92295, -1.42370, 685.90579, 15.90823, 11.06659,  9.63493
-4.92295, -1.42370, 685.90579, 15.90823, 10.60548,  9.63493
-4.92295, -2.13555, 682.84371, 15.90823, 11.06659,  9.86434
-4.92295, -1.42370, 682.84371, 15.37795, 11.06659,  9.63493
-4.21968, -2.13555, 682.84371, 15.37795, 11.06659,  9.63493
-4.92295, -2.13555, 682.84371, 15.37795, 11.06659,  9.86434
-4.92295, -2.13555, 685.90579, 15.37795, 10.60548,  9.86434
-4.92295, -2.13555, 685.90579, 15.37795, 10.60548,  9.86434
-4.92295, -2.84740, 685.90579, 15.37795, 10.60548,  9.86434
-4.21968, -2.13555, 682.84371, 15.37795, 11.06659,  9.86434
-4.92295, -2.13555, 682.84371, 15.37795, 11.06659,  9.86434
-4.21968, -2.13555, 682.84371, 15.37795, 11.06659,  9.86434
-4.92295, -2.13555, 685.90579, 15.37795, 11.06659,  9.86434
-4.21968, -2.13555, 685.90579, 15.37795, 11.06659,  9.86434
-4.92295, -2.13555, 685.90579, 14.84768, 11.06659,  9.86434
-4.92295, -2.13555, 685.90579, 15.37795, 11.06659,  9.86434
-4.92295, -2.13555, 682.84371, 15.37795, 11.06659,  9.86434
-4.92295, -2.13555, 679.78163, 15.37795, 11.06659,  9.86434
-4.92295, -2.84740, 682.84371, 15.37795, 11.52770,  9.86434
-4.92295, -2.13555, 685.90579, 15.37795, 11.52770,  9.63493
-4.92295, -2.13555, 685.90579, 15.37795, 11.52770,  9.63493
-4.92295, -2.13555, 682.84371, 15.37795, 11.98881,  9.86434
-4.92295, -2.13555, 682.84371, 15.90823, 11.98881,  9.86434
-4.92295, -2.13555, 682.84371, 15.37795, 11.98881,  9.86434
-5.62623, -2.13555, 682.84371, 15.37795, 11.52770,  9.86434
-4.92295, -2.13555, 682.84371, 15.37795, 11.98881,  9.86434
-4.92295, -1.42370, 685.90579, 15.37795, 11.98881,  9.86434
-4.92295, -1.42370, 685.90579, 15.37795, 11.98881,  9.86434
-5.62623, -1.42370, 685.90579, 15.37795, 11.98881,  9.63493
-4.92295, -1.42370, 685.90579, 15.37795, 11.98881,  9.86434
-5.62623, -1.42370, 685.90579, 15.37795, 11.98881,  9.86434
-5.62623, -1.42370, 682.84371, 15.37795, 11.98881,  9.86434
-5.62623, -1.42370, 682.84371, 15.37795, 11.98881,  9.86434
-5.62623, -1.42370, 682.84371, 15.37795, 11.98881, 10.09374
-5.62623, -1.42370, 682.84371, 15.37795, 12.44992,  9.86434
-5.62623, -1.42370, 685.90579, 15.37795, 11.98881,  9.86434
-5.62623, -1.42370, 682.84371, 15.90823, 12.44992,  9.86434
-4.92295, -1.42370, 682.84371, 15.90823, 11.98881, 10.09374
-4.92295, -1.42370, 682.84371, 15.90823, 11.98881,  9.86434
-4.92295, -1.42370, 682.84371, 15.90823, 11.98881,  9.86434
-4.92295, -1.42370, 685.90579, 15.90823, 11.98881,  9.86434
-4.92295, -1.42370, 685.90579, 15.37795, 11.52770,  9.86434
-5.62623, -1.42370, 682.84371, 15.37795, 11.98881,  9.63493
-4.92295, -1.42370, 682.84371, 15.37795, 12.44992,  9.63493
-4.92295, -2.13555, 685.90579, 14.84768, 11.98881,  9.86434
-4.92295, -2.13555, 682.84371, 14.84768, 11.98881,  9.86434
-4.92295, -2.13555, 682.84371, 14.84768, 11.98881,  9.86434
-4.92295, -2.13555, 682.84371, 14.84768, 11.98881,  9.63493
-4.92295, -2.13555, 682.84371, 14.84768, 11.98881,  9.63493
-4.92295, -2.84740, 685.90579, 14.84768, 11.98881,  9.86434
-4.92295, -2.84740, 685.90579, 14.84768, 11.98881,  9.86434
-4.92295, -2.13555, 685.90579, 14.31740, 11.98881,  9.86434
-4.92295, -2.84740, 685.90579, 14.31740, 11.98881,  9.86434
-4.92295, -2.13555, 685.90579, 14.84768, 11.98881,  9.86434
-4.92295, -2.84740, 685.90579, 14.31740, 11.98881,  9.86434
-4.92295, -2.84740, 682.84371, 14.31740, 11.98881,  9.86434
-4.92295, -2.13555, 682.84371, 14.84768, 11.52770,  9.86434
-4.92295, -2.84740, 682.84371, 14.31740, 11.52770,  9.86434
-4.92295, -2.84740, 682.84371, 14.84768, 11.52770,  9.86434
-4.92295, -2.84740, 685.90579, 14.84768, 11.52770,  9.86434
-4.92295, -2.84740, 682.84371, 14.84768, 11.52770,  9.63493
-4.92295, -2.13555, 682.84371, 14.84768, 11.52770,  9.86434
-4.92295, -2.13555, 685.90579, 14.84768, 11.52770,  9.86434
-4.92295, -1.42370, 685.90579, 14.84768, 11.06659,  9.86434
-4.92295, -2.13555, 682.84371, 15.37795, 11.06659,  9.63493
-4.21968, -2.13555, 682.84371, 15.37795, 11.06659,  9.86434
-4.92295, -2.13555, 682.84371, 14.84768, 11.06659,  9.86434
-4.21968, -1.42370, 685.90579, 15.37795, 11.06659,  9.86434
-4.92295, -2.13555, 685.90579, 15.37795, 11.06659,  9.86434
-5.62623, -2.13555, 685.90579, 15.37795, 11.52770,  9.86434
-4.92295, -1.42370, 682.84371, 15.37795, 11.06659,  9.86434
-4.92295, -2.13555, 682.84371, 15.37795, 11.06659,  9.86434
-4.92295, -2.13555, 682.84371, 15.37795, 11.52770,  9.86434
-4.92295, -2.13555, 685.90579, 15.37795, 11.06659,  9.86434
-4.92295, -2.13555, 685.90579, 15.37795, 11.06659,  9.86434
-5.62623, -2.13555, 685.90579, 15.37795, 11.06659,  9.63493
-4.21968, -1.42370, 682.84371, 15.90823, 11.06659,  9.86434
-4.92295, -1.42370, 682.84371, 15.90823, 11.06659,  9.63493
-4.92295, -1.42370, 685.90579, 15.90823, 11.06659,  9.86434
-4.92295, -2.13555, 685.90579, 15.37795, 11.52770,  9.86434
-4.92295, -1.42370, 685.90579, 15.90823, 11.06659,  9.86434
-4.92295, -2.13555, 682.84371, 15.90823, 11.52770,  9.86434
-4.92295, -1.42370, 685.90579, 15.90823, 11.06659,  9.86434
-4.92295, -2.13555, 682.84371, 15.90823, 11.06659,  9.86434
-4.92295, -1.42370, 685.90579, 15.90823, 11.52770,  9.86434
-4.92295, -2.13555, 682.84371, 15.37795, 11.52770,  9.86434
-4.21968, -2.13555, 685.90579, 15.90823, 11.52770,  9.86434
-4.92295, -2.13555, 685.90579, 15.90823, 11.52770,  9.86434
-4.92295, -1.42370, 685.90579, 15.90823, 11.06659,  9.86434
-4.92295, -1.42370, 682.84371, 15.90823, 11.52770,  9.63493
-4.92295, -1.42370, 682.84371, 15.90823, 11.52770,  9.86434
-4.92295, -1.42370, 682.84371, 15.90823, 11.06659,  9.86434
-4.92295, -1.42370, 685.90579, 15.90823, 11.06659,  9.86434
-4.92295, -1.42370, 685.90579, 15.90823, 11.06659,  9.86434
-4.92295, -1.42370, 685.90579, 15.90823, 11.06659,  9.86434
-4.92295, -1.42370, 685.90579, 15.37795, 11.06659,  9.86434
-4.21968, -1.42370, 685.90579, 15.90823, 11.06659,  9.63493
-4.92295, -0.71185, 685.90579, 15.90823, 11.06659,  9.86434
-4.21968, -1.42370, 682.84371, 15.90823, 11.06659,  9.86434
-4.21968, -2.13555, 685.90579, 15.37795, 11.06659,  9.86434
-4.21968, -2.13555, 685.90579, 15.90823, 11.06659,  9.86434
-4.21968, -2.84740, 682.84371, 15.37795, 10.60548,  9.63493
-4.21968, -2.13555, 685.90579, 15.37795, 11.06659,  9.86434
-4.21968, -2.13555, 685.90579, 15.90823, 11.06659,  9.86434
-4.21968, -2.13555, 685.90579, 15.37795, 11.06659,  9.86434
-4.21968, -2.13555, 685.90579, 15.37795, 11.06659,  9.63493
-4.92295, -2.13555, 685.90579, 15.37795, 11.06659,  9.86434
-4.92295, -1.42370, 685.90579, 15.90823, 11.06659,  9.86434
-4.21968, -2.13555, 685.90579, 15.37795, 11.06659,  9.63493
-4.21968, -2.13555, 685.90579, 15.37795, 11.06659,  9.86434
-4.92295, -2.13555, 682.84371, 15.37795, 11.06659,  9.86434
-4.21968, -2.13555, 685.90579, 14.84768, 10.60548,  9.63493
-4.21968, -2.13555, 682.84371, 15.37795, 10.60548,  9.86434
-4.21968, -2.13555, 685.90579, 15.37795, 11.06659,  9.63493
-4.21968, -2.84740, 685.90579, 14.84768, 10.60548,  9.86434
-4.21968, -2.84740, 688.96787, 14.84768, 10.60548,  9.86434
-3.51640, -2.84740, 685.90579, 15.37795, 10.60548,  9.86434
-4.21968, -2.13555, 685.90579, 14.84768, 10.60548,  9.86434
-3.51640, -2.84740, 685.90579, 15.37795, 10.14438,  9.86434
-3.51640, -2.13555, 685.90579, 15.37795, 10.60548,  9.63493
-4.21968, -2.13555, 682.84371, 15.37795, 10.60548,  9.63493
-4.21968, -2.13555, 685.90579, 15.37795, 10.60548,  9.86434
-4.21968, -2.13555, 682.84371, 15.37795, 11.06659,  9.63493
-4.21968, -1.42370, 682.84371, 15.37795, 10.60548,  9.86434
-4.21968, -2.13555, 682.84371, 15.37795, 10.60548,  9.63493
-4.21968, -1.42370, 685.90579, 15.90823, 11.06659,  9.86434
-4.21968, -2.13555, 682.84371, 15.90823, 11.06659,  9.86434
-4.21968, -2.13555, 682.84371, 15.37795, 11.06659,  9.86434
-4.21968, -2.13555, 685.90579, 15.90823, 11.06659,  9.86434
-4.92295, -2.13555, 685.90579, 15.90823, 11.06659,  9.86434
-4.21968, -2.13555, 685.90579, 15.37795, 11.52770,  9.86434
-4.92295, -1.42370, 685.90579, 15.90823, 11.06659,  9.86434
-4.92295, -2.13555, 682.84371, 15.90823, 11.06659,  9.63493
-4.21968, -2.13555, 685.90579, 15.90823, 11.52770,  9.86434
-4.92295, -1.42370, 685.90579, 15.90823, 11.52770,  9.63493
-4.21968, -2.13555, 685.90579, 15.90823, 11.52770,  9.63493
-4.92295, -1.42370, 685.90579, 15.90823, 11.52770,  9.86434
-4.92295, -1.42370, 685.90579, 15.90823, 11.52770,  9.63493
-4.92295, -1.42370, 685.90579, 15.90823, 11.52770,  9.86434
-4.92295, -2.13555, 682.84371, 15.90823, 11.52770,  9.86434
-4.92295, -1.42370, 685.90579, 15.90823, 11.98881,  9.86434
-4.21968, -1.42370, 685.90579, 15.90823, 11.98881, 10.09374
-4.92295, -1.42370, 685.90579, 15.90823, 11.98881,  9.86434
-4.92295, -2.13555, 685.90579, 15.90823, 11.98881,  9.86434
-4.92295, -2.13555, 685.90579, 15.90823, 11.98881,  9.86434
-4.92295, -1.42370, 682.84371, 15.90823, 11.98881, 10.09374
-4.92295, -2.13555, 682.84371, 15.90823, 11.98881,  9.86434
-5.62623, -2.13555, 682.84371, 15.90823, 11.98881,  9.86434
-4.92295, -1.42370, 685.90579, 15.90823, 12.44992,  9.86434
-5.62623, -2.13555, 682.84371, 15.90823, 12.44992,  9.86434
-4.92295, -1.42370, 685.90579, 15.90823, 12.44992,  9.86434
-5.62623, -1.42370, 685.90579, 15.37795, 11.98881,  9.86434
-5.62623, -2.13555, 682.84371, 15.37795, 12.44992,  9.86434
-5.62623, -2.84740, 682.84371, 15.90823, 12.44992,  9.86434
-5.62623, -2.13555, 685.90579, 15.90823, 11.98881,  9.86434
-5.62623, -2.13555, 682.84371, 15.90823, 11.98881,  9.86434
-5.62623, -2.13555, 682.84371, 15.90823, 11.98881,  9.86434
-4.92295, -2.13555, 682.84371, 15.90823, 11.98881,  9.86434
-5.62623, -1.42370, 685.90579, 15.90823, 11.98881,  9.86434
-5.62623, -2.13555, 682.84371, 15.90823, 11.52770,  9.86434
-5.62623, -2.13555, 685.90579, 15.90823, 11.52770,  9.86434
-5.62623, -1.42370, 685.90579, 15.90823, 11.52770,  9.63493
-5.62623, -2.13555, 682.84371, 16.43850, 11.52770,  9.86434
-4.92295, -1.42370, 679.78163, 16.43850, 11.06659,  9.63493
-4.92295, -1.42370, 682.84371, 15.90823, 11.06659,  9.86434
-5.62623, -2.13555, 682.84371, 16.43850, 11.06659,  9.86434
-5.62623, -2.13555, 682.84371, 16.43850, 11.06659,  9.86434
-4.92295, -1.42370, 682.84371, 16.43850, 11.06659, 10.09374
-4.92295, -1.42370, 685.90579, 16.43850, 11.06659,  9.86434
-4.92295, -2.13555, 685.90579, 16.43850, 10.60548,  9.86434
-4.92295, -1.42370, 685.90579, 16.43850, 10.60548,  9.86434
-4.92295, -1.42370, 682.84371, 16.96877, 10.60548,  9.86434
-4.92295, -1.42370, 685.90579, 16.96877, 10.60548,  9.63493
-4.92295, -1.42370, 682.84371, 16.43850, 10.60548,  9.63493
-4.92295, -1.42370, 685.90579, 16.96877, 10.60548,  9.86434
-4.21968, -1.42370, 685.90579, 16.43850, 10.60548,  9.86434
-4.92295, -1.42370, 682.84371, 16.43850, 11.06659,  9.86434
-4.92295, -2.13555, 682.84371, 16.43850, 10.60548,  9.86434
-4.92295, -1.42370, 682.84371, 16.43850, 10.60548,  9.86434
-4.92295, -1.42370, 682.84371, 16.96877, 11.06659,  9.86434
-4.92295, -1.42370, 682.84371, 16.96877, 10.60548,  9.86434
-4.92295, -1.42370, 685.90579, 16.96877, 11.06659,  9.86434
-5.62623, -1.42370, 682.84371, 16.96877, 11.06659,  9.86434
-4.92295, -1.42370, 682.84371, 16.43850, 11.06659,  9.86434
-4.92295, -1.42370, 682.84371, 16.96877, 11.06659,  9.86434
-5.62623, -2.13555, 682.84371, 16.43850, 11.06659,  9.63493
-5.62623, -1.42370, 682.84371, 16.96877, 11.06659,  9.86434
-5.62623, -1.42370, 682.84371, 16.96877, 11.06659, 10.09374
-5.62623, -1.42370, 682.84371, 16.96877, 11.06659, 10.09374
-5.62623, -1.42370, 682.84371, 16.96877, 11.06659,  9.86434
-4.92295, -0.71185, 682.84371, 16.96877, 10.60548,  9.63493
-5.62623, -0.71185, 682.84371, 16.96877, 11.06659,  9.86434
-5.62623, -1.42370, 682.84371, 16.96877, 11.06659,  9.86434
-4.92295, -1.42370, 685.90579, 16.96877, 11.06659,  9.86434
-4.92295, -1.42370, 682.84371, 16.96877, 11.06659,  9.86434
-4.92295, -1.42370, 682.84371, 16.43850, 11.06659,  9.86434
-4.92295, -2.13555, 682.84371, 16.43850, 11.06659,  9.86434
-5.62623, -2.13555, 682.84371, 16.43850, 10.60548,  9.86434
-4.92295, -1.42370, 682.84371, 15.90823, 11.06659,  9.86434
-4.92295, -1.42370, 682.84371, 15.90823, 10.60548,  9.86434
-4.92295, -1.42370, 682.84371, 16.43850, 10.60548,  9.86434
-4.92295, -2.13555, 682.84371, 15.90823, 11.06659,  9.86434
-4.92295, -1.42370, 682.84371, 15.90823, 11.06659,  9.63493
-5.62623, -1.42370, 682.84371, 15.90823, 11.06659,  9.86434
-5.62623, -1.42370, 682.84371, 15.37795, 11.06659,  9.86434
-4.92295, -2.13555, 682.84371, 15.90823, 11.06659,  9.86434
-5.62623, -2.13555, 682.84371, 14.84768, 11.06659,  9.86434
-4.92295, -2.84740, 685.90579, 14.84768, 11.06659,  9.86434
-5.62623, -2.84740, 679.78163, 15.37795, 10.60548,  9.86434
-5.62623, -2.84740, 682.84371, 15.37795, 11.06659,  9.86434
-5.62623, -2.13555, 682.84371, 15.37795, 11.06659,  9.86434
-5.62623, -2.13555, 682.84371, 14.84768, 11.52770,  9.86434
-5.62623, -2.13555, 685.90579, 15.37795, 11.06659,  9.63493
-4.92295, -2.84740, 682.84371, 14.84768, 11.52770,  9.86434
-4.92295, -2.13555, 682.84371, 14.84768, 11.06659,  9.86434
-5.62623, -2.13555, 682.84371, 15.37795, 11.52770,  9.86434
-4.92295, -2.84740, 679.78163, 14.84768, 11.06659,  9.86434
-5.62623, -2.13555, 682.84371, 14.84768, 11.52770, 10.09374
-4.92295, -2.84740, 682.84371, 14.84768, 11.52770,  9.86434
-4.92295, -2.84740, 682.84371, 15.37795, 11.06659,  9.86434
-4.92295, -2.13555, 682.84371, 14.84768, 10.60548,  9.86434
-4.92295, -2.84740, 685.90579, 15.37795, 11.06659,  9.86434
-4.92295, -2.84740, 682.84371, 15.37795, 11.06659,  9.86434
-4.92295, -2.13555, 682.84371, 15.37795, 11.06659,  9.86434
-4.92295, -2.13555, 685.90579, 14.84768, 10.60548,  9.86434
-4.21968, -2.13555, 685.90579, 15.37795, 10.60548,  9.86434
-4.92295, -2.13555, 682.84371, 15.37795, 11.06659,  9.86434
-4.92295, -2.13555, 682.84371, 15.37795, 11.06659,  9.86434
-4.92295, -2.13555, 682.84371, 15.37795, 10.60548,  9.86434
-4.92295, -2.13555, 682.84371, 15.37795, 11.06659,  9.86434
-4.92295, -2.13555, 685.90579, 15.37795, 11.06659,  9.86434
-4.92295, -2.13555, 682.84371, 15.37795, 11.06659,  9.86434
-4.92295, -2.13555, 682.84371, 15.37795, 10.60548,  9.63493
-4.92295, -2.13555, 682.84371, 15.90823, 11.06659,  9.63493
-4.92295, -2.13555, 685.90579, 15.37795, 10.60548,  9.63493
-5.62623, -2.13555, 685.90579, 15.37795, 10.60548,  9.63493
-4.92295, -1.42370, 685.90579, 15.37795, 10.60548,  9.86434
-4.92295, -1.42370, 682.84371, 15.90823, 10.60548,  9.86434
-4.92295, -1.42370, 685.90579, 15.90823, 10.60548,  9.86434
-4.92295, -1.42370, 685.90579, 15.90823, 10.60548,  9.86434
-4.92295, -1.42370, 682.84371, 15.37795, 10.60548,  9.86434
-4.92295, -2.13555, 682.84371, 15.90823, 10.60548,  9.86434
-4.21968, -1.42370, 685.90579, 15.90823, 10.14438,  9.63493
-4.92295, -1.42370, 685.90579, 16.43850, 10.14438,  9.86434
-4.21968, -2.13555, 685.90579, 16.43850, 10.14438,  9.86434
-4.92295, -1.42370, 682.84371, 16.43850, 10.60548,  9.63493
-4.21968, -1.42370, 682.84371, 16.43850, 10.14438,  9.86434
-4.21968, -1.42370, 682.84371, 15.90823, 10.14438,  9.86434
-4.92295, -1.42370, 685.90579, 15.90823, 10.14438,  9.86434
-4.92295, -1.42370, 685.90579, 15.90823, 10.14438,  9.86434
-4.21968, -2.13555, 685.90579, 15.90823, 10.14438,  9.86434
-4.21968, -1.42370, 685.90579, 15.90823, 10.60548,  9.86434
-4.92295, -1.42370, 685.90579, 16.43850, 10.14438,  9.86434
-4.21968, -1.42370, 685.90579, 15.90823, 10.14438,  9.86434
-4.92295, -1.42370, 682.84371, 16.43850, 10.60548,  9.86434
-4.92295, -1.42370, 685.90579, 16.43850, 10.14438,  9.86434
-4.92295, -1.42370, 682.84371, 16.43850, 10.14438,  9.63493
-4.21968, -2.13555, 685.90579, 16.43850, 10.14438,  9.86434
-4.92295, -2.13555, 685.90579, 15.90823, 10.14438,  9.63493
-4.21968, -1.42370, 685.90579, 16.43850, 10.60548,  9.86434
-4.21968, -1.42370, 685.90579, 16.43850, 10.14438,  9.86434
-4.92295, -1.42370, 682.84371, 16.43850, 10.14438,  9.86434
-4.92295, -0.71185, 682.84371, 16.43850, 10.14438,  9.86434
-4.92295, -0.71185, 682.84371, 16.43850, 10.14438,  9.86434
-4.21968, -1.42370, 682.84371, 16.43850, 10.14438,  9.86434
-4.92295, -1.42370, 682.84371, 16.43850, 10.14438,  9.86434
-4.92295, -0.71185, 685.90579, 16.43850, 10.14438,  9.86434
-4.92295, -0.71185, 682.84371, 16.43850, 10.14438,  9.86434
-4.92295, -1.42370, 685.90579, 15.90823, 10.14438,  9.86434
-4.92295, -1.42370, 682.84371, 16.43850, 10.14438, 10.09374
-4.92295, -0.71185, 682.84371, 16.43850, 10.14438,  9.86434
-4.21968, -1.42370, 682.84371, 15.37795, 10.14438,  9.86434
-4.92295, -1.42370, 685.90579, 15.90823, 10.14438,  9.63493
-4.21968, -1.42370, 682.84371, 15.37795, 10.14438,  9.86434
-4.21968, -1.42370, 682.84371, 15.37795, 10.14438,  9.63493
-4.92295, -2.13555, 682.84371, 14.84768, 10.14438,  9.63493
-4.92295, -2.13555, 682.84371, 15.37795, 10.14438,  9.63493
-4.92295, -2.13555, 682.84371, 14.84768, 10.14438,  9.86434
-4.21968, -2.13555, 682.84371, 13.78713, 10.60548,  9.63493
-4.92295, -2.13555, 682.84371, 14.31740, 10.60548,  9.86434
-4.92295, -2.84740, 682.84371, 14.31740, 10.60548,  9.86434
-4.92295, -2.84740, 685.90579, 13.25686, 10.60548,  9.86434
-5.62623, -2.84740, 682.84371, 12.72658, 10.60548,  9.86434
-4.92295, -3.55925, 682.84371, 12.72658, 10.60548,  9.63493
-4.92295, -3.55925, 682.84371, 12.19631, 10.60548,  9.86434
-5.62623, -4.27110, 682.84371, 12.19631, 10.60548,  9.63493
-6.32951, -4.27110, 682.84371, 12.19631, 10.60548,  9.86434
-5.62623, -3.55925, 682.84371, 12.72658, 10.60548,  9.86434
-5.62623, -3.55925, 682.84371, 13.25686, 10.60548,  9.86434
-5.62623, -2.84740, 682.84371, 13.25686, 10.60548,  9.86434
-4.92295, -2.84740, 682.84371, 13.25686, 10.60548,  9.86434
-5.62623, -2.84740, 682.84371, 13.25686, 11.06659,  9.86434
-4.92295, -2.84740, 682.84371, 13.78713, 10.60548,  9.86434
-4.92295, -2.13555, 682.84371, 14.31740, 10.60548,  9.86434
-4.92295, -2.13555, 682.84371, 14.84768, 10.60548,  9.86434
-4.92295, -2.13555, 682.84371, 14.84768, 10.60548,  9.86434
-4.92295, -2.13555, 682.84371, 14.31740, 10.60548,  9.86434
-4.92295, -2.13555, 682.84371, 14.84768, 10.60548,  9.86434
-4.92295, -1.42370, 679.78163, 14.84768, 10.60548,  9.86434
-4.92295, -1.42370, 682.84371, 14.84768, 10.60548,  9.63493
-4.92295, -1.42370, 682.84371, 15.37795, 10.60548,  9.86434
-4.92295, -1.42370, 682.84371, 15.37795, 10.60548,  9.86434
-4.92295, -2.13555, 682.84371, 15.90823, 11.06659,  9.86434
-4.92295, -1.42370, 682.84371, 15.90823, 11.06659,  9.86434
-4.92295, -0.71185, 682.84371, 15.90823, 10.60548,  9.86434
-5.62623, -1.42370, 682.84371, 15.90823, 10.60548,  9.86434
-4.92295, -1.42370, 682.84371, 15.90823, 10.60548,  9.86434
-5.62623, -0.71185, 682.84371, 15.90823, 10.60548,  9.86434
-5.62623, -0.71185, 682.84371, 15.90823, 10.60548,  9.63493
-4.92295, -0.71185, 682.84371, 16.96877, 11.06659,  9.86434
-4.92295, -0.71185, 682.84371, 16.43850, 11.06659,  9.86434
-5.62623, -0.71185, 682.84371, 16.43850, 10.60548,  9.86434
-5.62623, -0.71185, 682.84371, 16.43850, 10.60548,  9.86434
-5.62623, -0.71185, 682.84371, 16.43850, 10.60548,  9.86434
-5.62623, -0.71185, 682.84371, 16.43850, 10.60548,  9.86434
-5.62623, -0.71185, 682.84371, 16.43850, 10.60548,  9.86434
-5.62623, -0.71185, 682.84371, 16.43850, 11.06659,  9.63493
-4.92295, -0.71185, 682.84371, 16.43850, 10.60548,  9.86434
-5.62623, -1.42370, 682.84371, 16.43850, 10.60548,  9.86434
-4.92295, -1.42370, 682.84371, 16.43850, 10.60548,  9.86434
-4.92295, -1.42370, 682.84371, 15.90823, 10.60548, 10.09374
-4.92295, -1.42370, 682.84371, 15.90823, 10.14438,  9.86434
-4.21968, -1.42370, 682.84371, 16.43850, 10.14438,  9.63493
-4.92295, -0.71185, 679.78163, 15.90823, 10.60548,  9.86434
-4.92295, -0.71185, 682.84371, 16.43850, 10.14438,  9.86434
-4.21968, -1.42370, 682.84371, 15.90823, 10.14438,  9.86434
-4.92295, -0.71185, 682.84371, 15.90823, 10.60548,  9.86434
-4.92295, -1.42370, 682.84371, 15.90823, 10.14438,  9.86434
-4.92295, -0.71185, 682.84371, 15.37795, 10.14438,  9.86434
-4.92295, -1.42370, 682.84371, 15.90823, 10.14438,  9.86434
-4.92295, -1.42370, 682.84371, 15.37795, 10.14438,  9.86434
-4.92295, -1.42370, 682.84371, 15.37795, 10.14438,  9.63493
-4.92295, -2.13555, 682.84371, 15.37795, 10.14438,  9.63493
-4.92295, -2.13555, 682.84371, 14.84768, 10.14438,  9.86434
-4.92295, -2.13555, 682.84371, 14.84768, 10.14438,  9.86434
-4.92295, -2.13555, 682.84371, 14.31740, 10.14438,  9.63493
-4.21968, -1.42370, 679.78163, 14.31740, 10.60548,  9.63493
-4.92295, -2.13555, 682.84371, 14.31740, 10.14438,  9.86434
-4.92295, -2.84740, 682.84371, 14.31740, 10.14438,  9.63493
-4.92295, -2.13555, 682.84371, 13.78713, 10.14438,  9.86434
-4.92295, -2.13555, 682.84371, 14.31740, 10.14438,  9.86434
-4.92295, -2.84740, 682.84371, 13.78713, 10.14438,  9.86434
-4.92295, -2.13555, 682.84371, 13.78713, 10.60548,  9.86434
-4.92295, -2.84740, 682.84371, 13.25686, 10.60548,  9.86434
-4.92295, -2.84740, 682.84371, 13.78713, 10.60548,  9.63493
-5.62623, -2.13555, 682.84371, 13.25686, 10.60548,  9.63493
-5.62623, -1.42370, 682.84371, 13.25686, 10.14438,  9.63493
-5.62623, -1.42370, 682.84371, 13.25686, 10.14438,  9.86434
-4.92295, -1.42370, 682.84371, 13.25686, 10.60548,  9.86434
-4.92295, -2.13555, 682.84371, 13.25686, 10.60548,  9.86434
-4.92295, -2.13555, 682.84371, 13.78713, 10.60548,  9.86434
-4.92295, -2.13555, 682.84371, 13.25686, 10.60548,  9.86434
-4.92295, -2.13555, 682.84371, 13.25686, 10.60548,  9.86434
-4.92295, -2.13555, 682.84371, 13.25686, 10.60548,  9.86434
-4.92295, -2.13555, 682.84371, 13.25686, 10.60548,  9.86434
-4.92295, -2.13555, 685.90579, 13.25686, 10.60548,  9.86434
-4.92295, -2.13555, 682.84371, 12.72658, 10.60548,  9.86434
-4.92295, -2.13555, 682.84371, 12.72658, 10.14438,  9.86434
-5.62623, -2.13555, 679.78163, 12.72658, 10.60548,  9.86434
-4.92295, -2.13555, 682.84371, 12.19631, 10.60548,  9.63493
-4.92295, -2.13555, 682.84371, 12.72658, 10.60548,  9.86434
-4.92295, -2.84740, 682.84371, 12.19631, 10.60548,  9.63493
-4.92295, -2.84740, 682.84371, 12.19631, 10.14438,  9.63493
-4.92295, -3.55925, 679.78163, 12.19631, 10.60548,  9.63493
-4.92295, -2.84740, 682.84371, 12.19631, 10.60548,  9.86434
-4.92295, -2.84740, 682.84371, 12.19631, 10.60548,  9.63493
-4.92295, -2.84740, 682.84371, 12.19631, 10.60548,  9.63493
-4.92295, -3.55925, 682.84371, 11.66603, 10.60548,  9.63493
-4.92295, -3.55925, 682.84371, 12.72658, 11.06659,  9.63493
-4.92295, -2.84740, 682.84371, 12.19631, 10.60548,  9.63493
-4.92295, -2.13555, 682.84371, 12.19631, 11.06659,  9.63493
-4.92295, -2.13555, 679.78163, 12.72658, 11.06659,  9.63493
-4.21968, -2.84740, 682.84371, 12.72658, 11.06659,  9.86434
-4.92295, -2.84740, 682.84371, 13.25686, 10.60548,  9.63493
-4.21968, -2.13555, 682.84371, 13.25686, 11.06659,  9.63493
-4.92295, -2.13555, 685.90579, 13.25686, 11.06659,  9.86434
-4.92295, -1.42370, 682.84371, 13.78713, 11.06659,  9.86434
-4.92295, -1.42370, 682.84371, 13.78713, 10.60548,  9.63493
-4.92295, -2.13555, 679.78163, 13.78713, 11.06659,  9.86434
-4.92295, -2.13555, 682.84371, 13.78713, 11.06659,  9.86434
-4.92295, -2.13555, 682.84371, 13.78713, 11.06659,  9.63493
-4.92295, -1.42370, 682.84371, 13.25686, 11.06659,  9.86434
-4.92295, -1.42370, 682.84371, 13.78713, 11.06659,  9.86434
-4.92295, -1.42370, 682.84371, 13.78713, 11.06659,  9.63493
-4.92295, -2.13555, 679.78163, 13.78713, 11.52770,  9.86434
-5.62623, -2.13555, 682.84371, 14.31740, 11.52770,  9.86434
-5.62623, -2.13555, 682.84371, 14.31740, 11.06659,  9.86434
-5.62623, -2.13555, 682.84371, 14.31740, 11.52770,  9.86434
-5.62623, -1.42370, 682.84371, 14.84768, 11.52770,  9.86434
-4.92295, -2.13555, 682.84371, 14.84768, 11.52770,  9.86434
-5.62623, -2.13555, 682.84371, 14.84768, 11.52770,  9.63493
-5.62623, -2.13555, 682.84371, 14.84768, 11.52770,  9.86434
-5.62623, -2.13555, 679.78163, 14.31740, 11.52770,  9.63493
-4.92295, -2.13555, 682.84371, 14.84768, 11.06659,  9.86434
-5.62623, -1.42370, 682.84371, 14.84768, 11.52770,  9.63493
-5.62623, -2.13555, 682.84371, 14.84768, 11.06659,  9.86434
-4.92295, -1.42370, 682.84371, 15.37795, 11.06659,  9.86434
-5.62623, -1.42370, 682.84371, 15.37795, 11.52770,  9.86434
-5.62623, -1.42370, 682.84371, 15.90823, 11.06659,  9.86434
-5.62623, -0.71185, 682.84371, 15.90823, 11.06659,  9.86434
-5.62623, -0.71185, 682.84371, 16.43850, 11.06659,  9.86434
-5.62623,  0.00000, 682.84371, 15.90823, 11.06659,  9.86434
-4.92295,  0.00000, 682.84371, 16.43850, 10.60548,  9.86434
-4.92295,  0.00000, 682.84371, 16.43850, 10.60548,  9.86434
-4.92295, -0.71185, 682.84371, 16.43850, 11.06659,  9.63493
-4.92295, -0.71185, 682.84371, 16.43850, 11.06659,  9.86434
-5.62623, -0.71185, 682.84371, 16.43850, 10.60548,  9.63493
-4.92295, -0.71185, 682.84371, 16.43850, 10.60548,  9.86434
-5.62623, -0.71185, 682.84371, 15.90823, 10.60548,  9.86434
-4.92295, -0.71185, 682.84371, 16.43850, 10.60548,  9.63493
-5.62623,  0.00000, 679.78163, 16.43850, 10.60548,  9.86434
-4.92295, -0.71185, 682.84371, 16.43850, 10.60548,  9.86434
-5.62623, -0.71185, 682.84371, 16.43850, 11.06659,  9.86434
-4.92295, -0.71185, 682.84371, 15.90823, 10.60548,  9.86434
-5.62623, -2.13555, 682.84371, 15.90823, 10.60548,  9.86434
-5.62623, -1.42370, 679.78163, 15.37795, 10.60548,  9.86434
-4.92295, -1.42370, 682.84371, 15.37795, 10.60548,  9.86434
-5.62623, -1.42370, 682.84371, 15.37795, 10.14438,  9.86434
-5.62623, -1.42370, 682.84371, 15.37795, 10.60548,  9.86434
-4.92295, -1.42370, 682.84371, 15.37795, 10.60548,  9.86434
-5.62623, -1.42370, 682.84371, 14.84768, 10.60548,  9.63493
-5.62623, -1.42370, 682.84371, 15.37795, 10.14438,  9.63493
-5.62623, -1.42370, 679.78163, 15.37795, 10.14438,  9.86434
-4.92295, -2.13555, 682.84371, 14.84768, 10.14438,  9.86434
-4.92295, -1.42370, 679.78163, 14.84768, 10.14438,  9.63493
-4.92295, -1.42370, 679.78163, 14.84768, 10.14438,  9.86434
-4.92295, -1.42370, 682.84371, 15.37795, 10.14438,  9.63493
-4.92295, -1.42370, 682.84371, 15.37795, 10.14438,  9.63493
-4.92295, -1.42370, 682.84371, 15.37795, 10.14438,  9.86434
-5.62623, -1.42370, 682.84371, 14.84768, 10.14438,  9.63493
-5.62623, -0.71185, 682.84371, 14.84768, 10.14438,  9.63493
-5.62623, -1.42370, 682.84371, 14.31740, 10.14438,  9.63493
-5.62623, -1.42370, 682.84371, 14.31740, 10.14438,  9.63493
