
-6.06578, -1.86861, 732.98526, 48.78523, -5.53330, 12.15837
-5.36250, -1.86861, 732.98526, 49.31550, -5.53330, 12.38777
-6.06578, -1.86861, 732.98526, 49.84577, -5.53330, 12.38777
-6.06578, -1.15676, 732.98526, 50.37605, -5.07219, 12.38777
-6.06578, -1.15676, 732.98526, 50.37605, -5.07219, 12.15837
-5.36250, -1.15676, 732.98526, 50.37605, -4.61108, 11.92896
-5.36250, -1.86861, 732.98526, 50.90632, -5.07219, 11.92896
-5.36250, -0.44491, 729.92318, 50.90632, -4.61108, 11.69956
-5.36250, -1.86861, 732.98526, 51.43660, -5.53330, 11.69956
-5.36250, -1.15676, 729.92318, 51.43660, -5.07219, 11.47016
-4.65923, -1.15676, 732.98526, 51.43660, -6.45551, 11.69956
-4.65923, -1.15676, 729.92318, 51.43660, -6.91662, 11.92896
-3.95595, -1.15676, 729.92318, 51.43660, -7.37773, 11.69956
-3.95595, -0.44491, 732.98526, 51.96687, -7.83884, 11.69956
-2.54939, -0.44491, 729.92318, 51.43660, -8.29994, 12.15837
-2.54939, -0.44491, 732.98526, 51.43660, -8.76105, 12.15837
-3.25267, -1.15676, 732.98526, 51.43660, -8.76105, 12.15837
-2.54939, -1.15676, 732.98526, 51.43660, -8.76105, 12.15837
-3.25267, -1.15676, 732.98526, 50.90632, -8.76105, 12.15837
-2.54939, -1.15676, 729.92318, 51.43660, -8.29994, 11.92896
-3.95595, -1.15676, 729.92318, 50.90632, -8.29994, 12.15837
-3.95595, -1.15676, 732.98526, 50.90632, -7.83884, 12.15837
-4.65923, -1.15676, 732.98526, 50.90632, -7.83884, 11.92896
-4.65923, -1.15676, 732.98526, 50.90632, -7.83884, 11.92896
-4.65923, -1.15676, 732.98526, 50.37605, -7.37773, 11.92896
-5.36250, -1.15676, 732.98526, 50.37605, -7.37773, 11.92896
-3.95595, -1.86861, 729.92318, 50.37605, -7.37773, 11.92896
-3.95595, -2.58046, 732.98526, 49.84577, -7.83884, 11.92896
-3.95595, -2.58046, 732.98526, 49.84577, -7.83884, 11.92896
-3.25267, -1.86861, 732.98526, 49.31550, -8.29994, 11.92896
-3.25267, -1.86861, 732.98526, 49.84577, -8.29994, 11.92896
-3.95595, -2.58046, 732.98526, 49.84577, -8.29994, 11.92896
-3.25267, -1.86861, 732.98526, 49.84577, -8.76105, 11.92896
-3.25267, -2.58046, 732.98526, 49.31550, -8.76105, 11.92896
-3.25267, -1.86861, 732.98526, 49.31550, -8.76105, 11.92896
-3.95595, -1.86861, 732.98526, 50.37605, -8.76105, 11.92896
-3.95595, -1.86861, 729.92318, 49.84577, -8.29994, 11.69956
-3.25267, -1.86861, 732.98526, 50.37605, -9.22216, 11.69956
-3.25267, -1.86861, 732.98526, 50.37605, -9.22216, 11.69956
-2.54939, -1.86861, 736.04734, 49.84577, -9.22216, 11.69956
-2.54939, -1.86861, 729.92318, 49.84577, -9.22216, 11.92896
-3.25267, -1.15676, 729.92318, 49.84577, -8.76105, 11.92896
-2.54939, -1.86861, 729.92318, 50.37605, -8.76105, 11.92896
-3.25267, -1.86861, 729.92318, 50.37605, -8.76105, 11.92896
-3.25267, -1.86861, 729.92318, 50.90632, -8.29994, 11.92896
-3.95595, -0.44491, 736.04734, 50.90632, -8.76105, 11.92896
-3.95595, -0.44491, 732.98526, 50.90632, -8.29994, 11.92896
-3.95595, -1.15676, 732.98526, 51.43660, -9.22216, 11.92896
-3.25267, -1.15676, 732.98526, 51.43660, -8.76105, 11.92896
-3.25267, -0.44491, 732.98526, 51.43660, -9.22216, 11.92896
-3.25267, -0.44491, 732.98526, 51.96687, -9.22216, 11.92896
-2.54939, -1.15676, 736.04734, 51.96687, -9.22216, 11.92896
-3.25267, -1.15676, 732.98526, 51.96687, -9.22216, 11.92896
-3.95595, -1.15676, 732.98526, 51.43660, -8.76105, 11.69956
-3.25267, -1.15676, 729.92318, 50.90632, -9.22216, 11.69956
-3.25267, -1.86861, 729.92318, 50.90632, -9.22216, 11.92896
-3.25267, -1.15676, 729.92318, 50.90632, -9.22216, 11.69956
-2.54939, -1.86861, 729.92318, 49.84577, -9.22216, 11.92896
-2.54939, -2.58046, 732.98526, 49.84577, -9.68327, 11.69956
-2.54939, -2.58046, 732.98526, 49.31550, -9.22216, 11.92896
-1.84611, -2.58046, 732.98526, 48.78523, -9.68327, 11.92896
-2.54939, -2.58046, 732.98526, 48.78523, -9.68327, 11.92896
-2.54939, -2.58046, 732.98526, 48.78523, -9.22216, 11.92896
-2.54939, -2.58046, 732.98526, 49.31550, -9.68327, 11.92896
-2.54939, -1.86861, 732.98526, 49.31550, -9.68327, 11.92896
-1.84611, -1.86861, 732.98526, 48.78523, -9.68327, 11.69956
-1.14283, -2.58046, 732.98526, 48.78523, -9.68327, 11.69956
-1.84611, -1.86861, 732.98526, 49.84577, -9.68327, 11.69956
-1.84611, -1.86861, 732.98526, 48.78523, -8.76105, 11.69956
-1.84611, -1.86861, 729.92318, 49.84577, -8.76105, 11.92896
-2.54939, -1.86861, 732.98526, 49.84577, -8.76105, 11.92896
-3.25267, -1.15676, 732.98526, 50.37605, -8.29994, 11.92896
-3.25267, -1.15676, 732.98526, 50.37605, -7.83884, 11.92896
-3.95595, -1.15676, 732.98526, 50.37605, -7.37773, 11.92896
-3.95595, -1.15676, 736.04734, 50.37605, -6.91662, 12.15837
-4.65923, -0.44491, 732.98526, 50.90632, -6.91662, 12.15837
-4.65923, -1.15676, 736.04734, 50.90632, -6.45551, 12.15837
-3.95595, -1.15676, 732.98526, 50.90632, -6.45551, 12.15837
-3.95595, -1.15676, 729.92318, 50.37605, -6.45551, 11.92896
-3.95595, -1.86861, 729.92318, 50.90632, -5.99440, 11.92896
-3.95595, -0.44491, 729.92318, 50.90632, -5.99440, 11.92896
-3.25267, -1.15676, 732.98526, 50.90632, -5.99440, 11.69956
-3.25267, -1.15676, 729.92318, 50.90632, -6.45551, 11.69956
-3.25267, -1.86861, 732.98526, 50.90632, -5.99440, 11.69956
-3.25267, -1.86861, 736.04734, 50.37605, -6.45551, 11.92896
-3.25267, -1.86861, 729.92318, 49.84577, -6.45551, 11.92896
-3.95595, -1.86861, 732.98526, 49.84577, -5.99440, 11.92896
-3.25267, -1.86861, 729.92318, 50.37605, -5.99440, 12.15837
-3.95595, -1.15676, 732.98526, 50.90632, -5.99440, 12.15837
-3.95595, -1.86861, 736.04734, 50.90632, -5.99440, 12.15837
-3.25267, -1.15676, 732.98526, 50.90632, -5.53330, 12.15837
-3.25267, -1.86861, 732.98526, 50.37605, -5.53330, 12.38777
-3.95595, -1.15676, 732.98526, 50.37605, -5.53330, 12.15837
-3.95595, -1.86861, 732.98526, 50.37605, -5.07219, 12.38777
-3.25267, -1.86861, 732.98526, 50.37605, -4.61108, 12.15837
-3.25267, -1.15676, 732.98526, 50.37605, -4.61108, 12.38777
-3.25267, -1.86861, 732.98526, 51.43660, -4.14997, 12.15837
-3.95595, -1.86861, 732.98526, 50.90632, -4.14997, 11.92896
-3.25267, -2.58046, 732.98526, 50.90632, -3.68886, 11.92896
-3.95595, -1.86861, 732.98526, 50.37605, -3.68886, 11.92896
-4.65923, -1.15676, 732.98526, 50.90632, -3.22776, 11.92896
-5.36250, -1.86861, 732.98526, 51.43660, -2.76665, 11.92896
-5.36250, -1.15676, 732.98526, 50.90632, -2.76665, 12.15837
-5.36250, -1.15676, 732.98526, 50.90632, -3.22776, 12.15837
-5.36250, -1.86861, 732.98526, 50.90632, -2.76665, 12.15837
-5.36250, -1.86861, 732.98526, 50.90632, -2.76665, 12.15837
-5.36250, -1.15676, 732.98526, 50.90632, -2.76665, 12.15837
-5.36250, -1.15676, 732.98526, 51.43660, -2.30554, 12.15837
-4.65923, -1.15676, 732.98526, 50.90632, -2.30554, 11.92896
-4.65923, -1.86861, 732.98526, 50.90632, -2.30554, 12.15837
-5.36250, -1.86861, 732.98526, 50.37605, -2.30554, 12.15837
-5.36250, -1.86861, 729.92318, 50.90632, -1.84443, 11.92896
-4.65923, -1.86861, 732.98526, 50.90632, -2.30554, 11.92896
-4.65923, -1.86861, 736.04734, 50.37605, -2.30554, 11.92896
-3.95595, -1.86861, 732.98526, 49.84577, -2.30554, 11.92896
-4.65923, -1.86861, 732.98526, 50.37605, -2.30554, 12.15837
-3.95595, -1.86861, 732.98526, 50.37605, -2.30554, 11.92896
-3.95595, -1.86861, 732.98526, 50.37605, -2.30554, 11.92896
-3.95595, -1.86861, 732.98526, 50.37605, -1.84443, 12.15837
-4.65923, -1.86861, 729.92318, 50.37605, -1.84443, 12.15837
-4.65923, -1.86861, 732.98526, 50.37605, -1.38332, 12.15837
-5.36250, -1.86861, 729.92318, 50.37605, -1.38332, 12.61717
-5.36250, -2.58046, 732.98526, 49.84577, -1.38332, 12.61717
-6.06578, -1.86861, 732.98526, 49.84577, -1.38332, 12.61717
-6.06578, -1.86861, 732.98526, 49.84577, -1.38332, 12.38777
-6.06578, -1.86861, 732.98526, 49.31550, -0.92222, 12.61717
-6.06578, -1.86861, 732.98526, 49.84577, -1.38332, 12.38777
-6.06578, -1.86861, 732.98526, 49.84577, -1.38332, 12.38777
-5.36250, -2.58046, 732.98526, 49.84577, -1.38332, 12.38777
-4.65923, -2.58046, 732.98526, 49.31550, -1.84443, 12.38777
-4.65923, -2.58046, 732.98526, 49.31550, -1.84443, 12.15837
-3.95595, -2.58046, 732.98526, 49.31550, -2.76665, 12.38777
-3.95595, -2.58046, 732.98526, 49.31550, -2.30554, 12.15837
-3.25267, -2.58046, 732.98526, 49.84577, -2.76665, 12.15837
-3.95595, -2.58046, 732.98526, 50.37605, -2.76665, 12.15837
-3.25267, -1.86861, 732.98526, 50.90632, -2.76665, 11.92896
-3.25267, -1.86861, 732.98526, 51.43660, -3.22776, 11.92896
-3.95595, -1.86861, 736.04734, 51.43660, -3.22776, 11.92896
-3.95595, -1.15676, 732.98526, 51.43660, -3.22776, 11.92896
-3.95595, -1.15676, 736.04734, 51.43660, -3.22776, 12.15837
-3.25267, -1.86861, 732.98526, 50.90632, -3.22776, 11.92896
-3.25267, -1.15676, 732.98526, 50.90632, -3.68886, 12.15837
-3.95595, -1.86861, 732.98526, 50.90632, -3.22776, 12.15837
-3.95595, -1.15676, 729.92318, 50.90632, -3.22776, 12.15837
-4.65923, -1.15676, 729.92318, 51.43660, -3.22776, 12.15837
-3.95595, -1.15676, 729.92318, 51.43660, -3.22776, 12.15837
-3.25267, -1.15676, 732.98526, 51.43660, -3.22776, 12.15837
-3.25267, -1.15676, 736.04734, 51.43660, -3.22776, 12.38777
-3.95595, -1.86861, 732.98526, 51.43660, -3.22776, 12.15837
-4.65923, -1.15676, 732.98526, 51.43660, -2.76665, 12.15837
-4.65923, -1.15676, 736.04734, 51.43660, -2.76665, 12.15837
-3.95595, -1.15676, 732.98526, 50.90632, -2.76665, 12.15837
-3.95595, -1.15676, 732.98526, 50.90632, -2.76665, 12.15837
-4.65923, -1.15676, 729.92318, 50.90632, -2.30554, 12.15837
-5.36250, -1.86861, 729.92318, 50.90632, -2.30554, 12.15837
-4.65923, -1.86861, 732.98526, 50.90632, -2.30554, 12.15837
-4.65923, -1.86861, 732.98526, 50.90632, -2.30554, 12.15837
-4.65923, -1.86861, 732.98526, 50.90632, -2.30554, 12.15837
-4.65923, -1.86861, 736.04734, 50.90632, -2.30554, 11.92896
-4.65923, -2.58046, 732.98526, 50.37605, -2.30554, 11.92896
-5.36250, -2.58046, 732.98526, 50.37605, -2.30554, 11.92896
-5.36250, -2.58046, 732.98526, 50.90632, -2.30554, 11.92896
-4.65923, -2.58046, 732.98526, 50.90632, -2.76665, 12.15837
-4.65923, -2.58046, 732.98526, 50.90632, -2.76665, 12.15837
-4.65923, -2.58046, 736.04734, 50.37605, -2.76665, 12.15837
-4.65923, -1.86861, 732.98526, 50.37605, -2.30554, 12.15837
-3.95595, -1.86861, 732.98526, 50.37605, -2.76665, 12.15837
-4.65923, -2.58046, 732.98526, 50.90632, -2.76665, 12.38777
-3.95595, -1.86861, 732.98526, 50.90632, -2.76665, 12.15837
-4.65923, -1.86861, 736.04734, 50.90632, -3.22776, 12.38777
-4.65923, -1.86861, 732.98526, 51.43660, -2.76665, 12.38777
-3.95595, -1.86861, 732.98526, 51.96687, -2.76665, 12.38777
-3.25267, -1.86861, 732.98526, 52.49715, -3.22776, 12.15837
-3.95595, -1.86861, 732.98526, 51.96687, -2.76665, 12.38777
-3.95595, -1.86861, 732.98526, 52.49715, -2.76665, 12.38777
-3.95595, -0.44491, 732.98526, 52.49715, -2.76665, 12.38777
-3.95595, -1.15676, 732.98526, 53.02742, -2.76665, 12.38777
-3.95595, -1.15676, 732.98526, 52.49715, -3.22776, 12.38777
-3.95595, -1.15676, 732.98526, 52.49715, -3.22776, 12.38777
-3.95595, -0.44491, 732.98526, 53.02742, -3.22776, 12.38777
-3.95595, -1.15676, 736.04734, 52.49715, -3.22776, 12.38777
-3.95595, -0.44491, 732.98526, 53.02742, -3.22776, 12.15837
-4.65923, -0.44491, 736.04734, 53.02742, -3.22776, 12.15837
-4.65923, -1.15676, 732.98526, 52.49715, -3.22776, 12.15837
-4.65923, -1.15676, 732.98526, 52.49715, -3.22776, 11.92896
-3.95595, -1.15676, 736.04734, 51.96687, -2.76665, 12.15837
-3.95595, -1.86861, 736.04734, 51.96687, -3.22776, 12.15837
-3.95595, -1.86861, 736.04734, 51.43660, -3.22776, 12.15837
-4.65923, -1.86861, 732.98526, 51.43660, -2.76665, 12.15837
-5.36250, -1.86861, 729.92318, 50.90632, -2.76665, 11.92896
-6.06578, -1.86861, 729.92318, 50.90632, -2.76665, 12.15837
-4.65923, -2.58046, 732.98526, 50.37605, -3.22776, 12.15837
-4.65923, -2.58046, 736.04734, 50.37605, -3.68886, 12.15837
-3.95595, -2.58046, 736.04734, 49.84577, -4.14997, 12.15837
-3.25267, -3.29231, 736.04734, 49.84577, -4.14997, 12.15837
-3.25267, -2.58046, 732.98526, 50.37605, -4.61108, 12.15837
-3.25267, -2.58046, 732.98526, 49.84577, -4.61108, 12.15837
-3.25267, -2.58046, 736.04734, 50.37605, -5.07219, 12.15837
-2.54939, -2.58046, 732.98526, 50.90632, -5.53330, 12.15837
-1.84611, -2.58046, 732.98526, 50.37605, -5.99440, 11.92896
-1.84611, -2.58046, 736.04734, 50.90632, -5.99440, 12.15837
-2.54939, -2.58046, 736.04734, 50.90632, -5.99440, 12.15837
-2.54939, -1.86861, 732.98526, 50.90632, -5.99440, 12.15837
-2.54939, -1.86861, 732.98526, 50.37605, -5.99440, 12.15837
-2.54939, -2.58046, 732.98526, 50.37605, -6.45551, 12.15837
-2.54939, -1.86861, 732.98526, 50.37605, -6.45551, 12.15837
-2.54939, -1.86861, 732.98526, 50.90632, -6.45551, 12.15837
-2.54939, -1.86861, 732.98526, 50.90632, -6.45551, 12.15837
-2.54939, -2.58046, 732.98526, 50.90632, -5.99440, 12.38777
-1.84611, -2.58046, 732.98526, 50.90632, -5.99440, 12.15837
-1.84611, -1.86861, 732.98526, 51.43660, -5.53330, 12.38777
-2.54939, -1.86861, 732.98526, 51.43660, -5.53330, 12.38777
-3.25267, -1.15676, 732.98526, 51.43660, -5.07219, 12.38777
-3.25267, -1.15676, 732.98526, 51.43660, -4.61108, 12.38777
-3.95595, -1.15676, 736.04734, 51.96687, -5.07219, 12.38777
-3.25267, -1.15676, 736.04734, 51.43660, -4.61108, 12.61717
-3.25267, -1.86861, 732.98526, 51.43660, -4.14997, 12.15837
-3.25267, -1.86861, 736.04734, 51.96687, -4.14997, 12.15837
-3.25267, -1.15676, 736.04734, 52.49715, -4.14997, 12.15837
-3.25267, -1.15676, 732.98526, 52.49715, -3.68886, 12.15837
-3.95595, -1.15676, 736.04734, 52.49715, -3.22776, 12.15837
-3.25267, -1.86861, 736.04734, 52.49715, -3.68886, 12.15837
-3.25267, -1.15676, 736.04734, 51.96687, -3.22776, 12.15837
-3.95595, -1.15676, 736.04734, 52.49715, -2.76665, 12.15837
-3.95595, -1.86861, 732.98526, 51.96687, -2.76665, 12.15837
-4.65923, -1.86861, 729.92318, 51.43660, -2.30554, 12.15837
-3.95595, -1.15676, 732.98526, 51.43660, -2.76665, 11.92896
-4.65923, -1.86861, 732.98526, 51.43660, -2.76665, 11.92896
-4.65923, -2.58046, 736.04734, 51.43660, -2.30554, 12.15837
-5.36250, -1.86861, 736.04734, 51.43660, -2.30554, 12.38777
-5.36250, -2.58046, 732.98526, 50.90632, -2.30554, 12.15837
-4.65923, -1.86861, 736.04734, 50.90632, -2.76665, 12.38777
-3.95595, -2.58046, 732.98526, 50.90632, -2.76665, 12.38777
-3.95595, -2.58046, 736.04734, 51.43660, -2.76665, 12.15837
-3.95595, -2.58046, 732.98526, 50.90632, -2.76665, 12.15837
-3.95595, -2.58046, 736.04734, 50.90632, -3.22776, 12.38777
-3.95595, -1.86861, 732.98526, 50.90632, -3.22776, 12.38777
-3.95595, -2.58046, 736.04734, 50.90632, -2.76665, 12.15837
-3.25267, -2.58046, 732.98526, 50.90632, -2.76665, 12.15837
-3.95595, -2.58046, 736.04734, 51.43660, -3.22776, 12.15837
-3.95595, -2.58046, 736.04734, 51.43660, -2.76665, 12.15837
-3.25267, -2.58046, 736.04734, 51.43660, -2.76665, 12.15837
-2.54939, -2.58046, 732.98526, 51.43660, -2.76665, 12.15837
-3.25267, -1.86861, 732.98526, 51.43660, -2.76665, 12.15837
-3.25267, -1.86861, 736.04734, 51.96687, -2.30554, 12.15837
-3.25267, -1.86861, 736.04734, 52.49715, -2.30554, 12.38777
-3.95595, -1.86861, 736.04734, 51.96687, -2.30554, 12.15837
-3.95595, -1.15676, 732.98526, 52.49715, -1.84443, 12.15837
-4.65923, -1.86861, 732.98526, 52.49715, -1.38332, 12.38777
-4.65923, -1.15676, 732.98526, 51.96687, -1.38332, 12.15837
-4.65923, -1.86861, 736.04734, 51.96687, -1.38332, 12.15837
-4.65923, -1.86861, 732.98526, 51.96687, -1.38332, 12.15837
-4.65923, -1.86861, 732.98526, 51.96687, -1.38332, 12.15837
-4.65923, -1.15676, 732.98526, 51.43660, -1.84443, 12.15837
-4.65923, -1.86861, 736.04734, 51.43660, -1.38332, 12.38777
-3.25267, -1.86861, 732.98526, 51.43660, -1.84443, 12.38777
-3.25267, -2.58046, 736.04734, 51.43660, -1.84443, 12.15837
-2.54939, -1.86861, 736.04734, 51.43660, -1.84443, 12.38777
-3.95595, -2.58046, 736.04734, 51.43660, -1.84443, 12.38777
-3.95595, -1.86861, 736.04734, 51.43660, -1.84443, 12.38777
-3.95595, -1.15676, 732.98526, 51.96687, -1.38332, 12.38777
-3.95595, -1.15676, 732.98526, 52.49715, -1.84443, 12.38777
-3.25267, -1.86861, 732.98526, 52.49715, -1.84443, 12.15837
-3.25267, -1.86861, 736.04734, 52.49715, -1.38332, 12.15837
-3.95595, -1.86861, 736.04734, 52.49715, -1.84443, 12.15837
-3.95595, -1.86861, 736.04734, 53.02742, -1.84443, 12.15837
-3.95595, -1.86861, 736.04734, 52.49715, -1.38332, 12.15837
-4.65923, -1.15676, 732.98526, 52.49715, -0.92222, 12.15837
-4.65923, -1.86861, 732.98526, 52.49715, -0.92222, 12.15837
-4.65923, -1.86861, 736.04734, 52.49715, -0.92222, 12.38777
-4.65923, -1.15676, 736.04734, 52.49715, -1.38332, 12.38777
-4.65923, -1.86861, 736.04734, 52.49715, -0.92222, 12.38777
-4.65923, -1.86861, 736.04734, 51.96687, -1.38332, 12.38777
-5.36250, -1.86861, 736.04734, 51.43660, -0.92222, 12.38777
-3.95595, -1.86861, 732.98526, 51.96687, -0.92222, 12.61717
-3.95595, -1.86861, 736.04734, 51.96687, -1.38332, 12.38777
-3.95595, -2.58046, 736.04734, 51.96687, -0.92222, 12.38777
-4.65923, -1.86861, 736.04734, 52.49715, -0.92222, 12.38777
-4.65923, -1.86861, 732.98526, 53.02742, -0.92222, 12.38777
-3.95595, -1.86861, 736.04734, 53.02742, -0.92222, 12.15837
-3.95595, -1.86861, 736.04734, 53.02742, -0.92222, 12.15837
-3.25267, -1.86861, 736.04734, 53.02742, -0.92222, 12.38777
-3.95595, -1.86861, 736.04734, 53.02742, -0.92222, 12.15837
-4.65923, -1.15676, 736.04734, 52.49715, -0.46111, 12.15837
-5.36250, -1.86861, 736.04734, 52.49715, -0.46111, 12.38777
-5.36250, -1.15676, 732.98526, 52.49715, -0.46111, 12.38777
-5.36250, -1.86861, 732.98526, 52.49715, -0.46111, 12.38777
-5.36250, -2.58046, 736.04734, 51.96687, -0.46111, 12.38777
-6.06578, -2.58046, 732.98526, 51.96687, -0.92222, 12.15837
-6.06578, -1.86861, 732.98526, 51.43660, -0.92222, 12.38777
-5.36250, -1.86861, 736.04734, 51.96687, -1.38332, 12.38777
-4.65923, -1.86861, 732.98526, 51.96687, -1.84443, 12.38777
-3.25267, -2.58046, 736.04734, 51.96687, -2.76665, 12.38777
-2.54939, -2.58046, 736.04734, 51.96687, -3.22776, 12.15837
-1.84611, -1.86861, 736.04734, 51.96687, -3.68886, 12.15837
-2.54939, -1.86861, 729.92318, 51.43660, -3.68886, 12.15837
-2.54939, -1.86861, 729.92318, 51.96687, -3.68886, 12.15837
-2.54939, -1.86861, 732.98526, 52.49715, -3.22776, 11.92896
-3.25267, -1.15676, 732.98526, 53.02742, -3.22776, 12.15837
-3.25267, -1.86861, 736.04734, 53.02742, -3.22776, 11.92896
-3.95595, -1.86861, 736.04734, 52.49715, -3.68886, 11.92896
-3.25267, -1.86861, 736.04734, 52.49715, -3.68886, 12.15837
-3.25267, -1.15676, 736.04734, 52.49715, -4.14997, 12.15837
-3.25267, -1.15676, 732.98526, 53.02742, -3.68886, 12.15837
-3.25267, -1.15676, 736.04734, 53.55769, -4.14997, 12.15837
-2.54939, -1.86861, 736.04734, 53.55769, -3.68886, 12.15837
-2.54939, -1.86861, 732.98526, 52.49715, -4.14997, 12.15837
-3.25267, -1.86861, 736.04734, 52.49715, -4.14997, 12.15837
-3.25267, -1.15676, 736.04734, 52.49715, -3.68886, 12.38777
-3.25267, -1.86861, 732.98526, 52.49715, -3.68886, 12.15837
-3.25267, -1.86861, 736.04734, 52.49715, -4.14997, 12.15837
-3.95595, -1.15676, 736.04734, 52.49715, -3.68886, 12.15837
-3.25267, -1.86861, 736.04734, 51.96687, -3.68886, 12.15837
-3.25267, -1.86861, 736.04734, 51.96687, -3.68886, 12.15837
-3.25267, -1.86861, 736.04734, 52.49715, -3.68886, 12.15837
-3.25267, -1.86861, 732.98526, 52.49715, -3.68886, 12.38777
-2.54939, -1.86861, 736.04734, 52.49715, -4.14997, 12.38777
-3.25267, -2.58046, 732.98526, 51.96687, -3.68886, 12.38777
-3.95595, -2.58046, 732.98526, 51.43660, -3.68886, 12.38777
-4.65923, -1.86861, 732.98526, 51.43660, -3.22776, 12.38777
-4.65923, -1.86861, 732.98526, 51.43660, -3.22776, 12.61717
-3.95595, -1.86861, 736.04734, 51.43660, -3.22776, 12.61717
-3.95595, -2.58046, 736.04734, 51.43660, -3.68886, 12.38777
-3.95595, -2.58046, 736.04734, 51.43660, -3.68886, 12.38777
-3.95595, -2.58046, 736.04734, 51.96687, -3.68886, 12.15837
-3.95595, -1.86861, 736.04734, 51.96687, -3.68886, 12.15837
-3.25267, -1.86861, 736.04734, 51.96687, -3.68886, 12.15837
-3.25267, -2.58046, 736.04734, 52.49715, -4.14997, 12.15837
-3.25267, -1.15676, 736.04734, 53.02742, -4.14997, 11.92896
-3.25267, -1.86861, 736.04734, 53.02742, -4.14997, 11.92896
-2.54939, -1.86861, 732.98526, 53.02742, -4.61108, 11.69956
-3.25267, -1.86861, 732.98526, 53.02742, -4.14997, 11.92896
-3.25267, -1.86861, 732.98526, 53.55769, -4.61108, 11.92896
-2.54939, -1.86861, 732.98526, 53.55769, -4.61108, 11.92896
-1.84611, -1.15676, 732.98526, 53.55769, -4.61108, 11.92896
-2.54939, -1.15676, 732.98526, 53.02742, -4.61108, 11.92896
-2.54939, -1.15676, 736.04734, 52.49715, -4.61108, 12.15837
-3.25267, -1.86861, 739.10942, 51.96687, -4.61108, 12.15837
-3.25267, -1.15676, 736.04734, 51.96687, -3.68886, 12.15837
-3.95595, -1.15676, 732.98526, 51.96687, -3.68886, 12.15837
-3.95595, -1.86861, 732.98526, 52.49715, -3.68886, 12.38777
-3.95595, -1.86861, 732.98526, 52.49715, -3.68886, 12.15837
-3.95595, -1.86861, 732.98526, 52.49715, -3.22776, 12.38777
-4.65923, -1.15676, 732.98526, 52.49715, -3.22776, 12.15837
-3.95595, -1.86861, 732.98526, 52.49715, -3.22776, 12.38777
-3.95595, -1.86861, 732.98526, 52.49715, -2.76665, 12.15837
-3.25267, -1.86861, 736.04734, 52.49715, -2.76665, 12.15837
-3.95595, -1.15676, 732.98526, 51.96687, -2.76665, 12.61717
-3.95595, -1.86861, 732.98526, 52.49715, -2.30554, 12.15837
-3.95595, -1.86861, 732.98526, 51.96687, -2.30554, 12.15837
-3.95595, -1.86861, 736.04734, 52.49715, -2.30554, 12.38777
-3.95595, -1.86861, 736.04734, 52.49715, -2.30554, 12.61717
-3.95595, -1.15676, 736.04734, 52.49715, -1.84443, 12.61717
-4.65923, -1.86861, 736.04734, 51.96687, -1.84443, 12.38777
-4.65923, -1.15676, 732.98526, 51.96687, -1.38332, 12.38777
-5.36250, -1.86861, 732.98526, 52.49715, -1.84443, 12.38777
-4.65923, -2.58046, 736.04734, 51.96687, -1.84443, 12.38777
-5.36250, -2.58046, 736.04734, 51.96687, -1.84443, 12.15837
-4.65923, -2.58046, 736.04734, 51.96687, -1.84443, 12.15837
-3.95595, -2.58046, 732.98526, 51.43660, -1.84443, 12.15837
-4.65923, -2.58046, 732.98526, 51.43660, -1.84443, 12.15837
-3.95595, -2.58046, 732.98526, 51.43660, -1.84443, 12.15837
-3.95595, -2.58046, 732.98526, 51.43660, -1.84443, 12.15837
-3.95595, -2.58046, 732.98526, 51.43660, -1.38332, 12.38777
-3.95595, -1.86861, 732.98526, 51.43660, -1.38332, 12.38777
-4.65923, -1.86861, 736.04734, 51.96687, -1.38332, 12.38777
-5.36250, -1.86861, 736.04734, 51.96687, -1.38332, 12.38777
-4.65923, -1.86861, 736.04734, 51.43660, -1.38332, 12.38777
-3.95595, -2.58046, 736.04734, 51.43660, -1.38332, 12.15837
-3.95595, -2.58046, 736.04734, 51.43660, -0.92222, 12.38777
-4.65923, -1.86861, 732.98526, 51.96687, -0.92222, 12.15837
-3.95595, -1.86861, 729.92318, 51.96687, -1.38332, 12.15837
-4.65923, -1.86861, 732.98526, 52.49715, -0.92222, 12.15837
-4.65923, -1.86861, 736.04734, 52.49715, -0.92222, 12.15837
-4.65923, -1.86861, 736.04734, 52.49715, -0.92222, 12.38777
-4.65923, -1.86861, 736.04734, 52.49715, -0.92222, 12.15837
-4.65923, -1.86861, 732.98526, 51.96687, -0.46111, 12.15837
-4.65923, -1.86861, 736.04734, 51.96687, -0.46111, 12.38777
-4.65923, -1.86861, 736.04734, 52.49715, -0.92222, 12.61717
-4.65923, -1.86861, 732.98526, 52.49715, -0.92222, 12.38777
-4.65923, -1.86861, 736.04734, 53.02742, -0.46111, 12.61717
-4.65923, -1.86861, 732.98526, 52.49715, -0.46111, 12.38777
-5.36250, -1.86861, 736.04734, 53.02742, -0.46111, 12.15837
-4.65923, -1.86861, 736.04734, 53.02742, -0.92222, 12.15837
-4.65923, -1.86861, 732.98526, 53.02742, -0.92222, 12.15837
-4.65923, -1.86861, 732.98526, 53.02742, -0.92222, 12.15837
-4.65923, -2.58046, 736.04734, 53.55769, -0.92222, 12.38777
-4.65923, -1.86861, 736.04734, 53.55769, -0.92222, 12.15837
-4.65923, -1.86861, 732.98526, 53.55769, -0.92222, 12.38777
-4.65923, -2.58046, 736.04734, 53.02742, -0.92222, 12.38777
-4.65923, -1.86861, 732.98526, 53.02742, -0.92222, 12.38777
-4.65923, -1.86861, 732.98526, 53.02742, -0.92222, 12.38777
-4.65923, -1.86861, 732.98526, 53.02742, -0.92222, 12.61717
-3.95595, -1.86861, 732.98526, 53.02742, -0.92222, 12.61717
-3.95595, -1.86861, 732.98526, 53.02742, -0.92222, 12.38777
-3.95595, -1.86861, 732.98526, 53.02742, -0.92222, 12.15837
-4.65923, -1.86861, 736.04734, 53.55769, -0.92222, 12.61717
-5.36250, -1.15676, 732.98526, 53.02742, -1.38332, 12.38777
-4.65923, -1.15676, 736.04734, 53.55769, -0.92222, 12.38777
-4.65923, -1.15676, 736.04734, 53.55769, -0.92222, 12.15837
-4.65923, -1.15676, 732.98526, 54.08797, -0.92222, 12.15837
-3.95595, -1.86861, 732.98526, 54.08797, -0.92222, 12.15837
-3.95595, -1.86861, 736.04734, 53.55769, -1.38332, 12.15837
-4.65923, -1.86861, 732.98526, 53.02742, -0.92222, 12.38777
-4.65923, -1.86861, 736.04734, 53.55769, -0.92222, 12.15837
-4.65923, -1.86861, 736.04734, 54.08797, -0.92222, 12.15837
-4.65923, -1.86861, 732.98526, 53.55769, -0.92222, 12.38777
-5.36250, -1.86861, 732.98526, 53.02742, -0.92222, 12.15837
-4.65923, -1.86861, 729.92318, 53.02742, -0.46111, 12.38777
-5.36250, -1.86861, 732.98526, 53.02742, -0.46111, 12.38777
-5.36250, -1.86861, 732.98526, 53.55769, -0.46111, 12.15837
-5.36250, -1.86861, 736.04734, 53.55769, -0.46111, 12.15837
-6.06578, -1.86861, 736.04734, 53.02742,  0.00000, 12.15837
-6.06578, -1.86861, 736.04734, 52.49715, -0.46111, 12.15837
-5.36250, -2.58046, 732.98526, 53.02742, -0.46111, 12.15837
-5.36250, -2.58046, 736.04734, 53.55769, -0.46111, 12.15837
-5.36250, -2.58046, 736.04734, 53.02742, -0.92222, 12.15837
-4.65923, -2.58046, 732.98526, 53.55769, -0.92222, 12.15837
-3.95595, -2.58046, 736.04734, 54.08797, -1.38332, 12.38777
-3.95595, -1.86861, 736.04734, 54.08797, -1.38332, 12.38777
-3.95595, -2.58046, 732.98526, 54.61824, -1.84443, 12.15837
-3.95595, -1.86861, 732.98526, 54.61824, -2.30554, 12.38777
-3.95595, -1.86861, 732.98526, 54.61824, -2.30554, 12.38777
-4.65923, -1.86861, 736.04734, 55.14852, -1.84443, 12.38777
-4.65923, -1.86861, 736.04734, 55.14852, -1.84443, 12.38777
-4.65923, -1.15676, 732.98526, 55.67879, -1.84443, 12.61717
-5.36250, -1.15676, 729.92318, 55.67879, -2.30554, 12.38777
-5.36250, -1.15676, 732.98526, 55.67879, -2.30554, 12.38777
-4.65923, -0.44491, 732.98526, 55.67879, -2.76665, 12.38777
-3.95595, -1.15676, 732.98526, 55.67879, -2.76665, 12.38777
-3.95595, -1.15676, 732.98526, 55.67879, -2.76665, 12.38777
-3.95595, -1.15676, 736.04734, 55.67879, -2.76665, 12.15837
-3.95595, -1.15676, 736.04734, 55.14852, -3.22776, 12.15837
-3.95595, -1.15676, 736.04734, 54.61824, -2.76665, 12.15837
-4.65923, -1.15676, 732.98526, 55.14852, -3.22776, 11.92896
-3.25267, -1.15676, 732.98526, 55.14852, -3.22776, 11.92896
-3.25267, -1.86861, 732.98526, 54.61824, -3.68886, 11.92896
-3.95595, -1.15676, 732.98526, 54.61824, -3.22776, 11.69956
-3.95595, -1.15676, 736.04734, 54.61824, -3.68886, 11.69956
-3.25267, -1.15676, 732.98526, 54.08797, -4.14997, 11.92896
-3.25267, -1.15676, 732.98526, 54.61824, -3.68886, 12.15837
-3.25267, -1.15676, 736.04734, 54.08797, -3.68886, 12.15837
-3.25267, -1.86861, 736.04734, 54.61824, -3.68886, 12.15837
-3.25267, -1.86861, 732.98526, 54.08797, -3.68886, 12.15837
-3.25267, -1.86861, 732.98526, 53.55769, -3.68886, 12.38777
-3.95595, -1.86861, 732.98526, 53.55769, -3.68886, 12.38777
-4.65923, -1.86861, 729.92318, 53.55769, -3.68886, 12.38777
-3.95595, -1.86861, 732.98526, 54.08797, -3.68886, 12.38777
-3.95595, -2.58046, 732.98526, 53.55769, -4.14997, 12.38777
-3.95595, -1.86861, 732.98526, 53.55769, -3.68886, 12.38777
-3.95595, -2.58046, 732.98526, 53.02742, -3.68886, 12.38777
-4.65923, -2.58046, 732.98526, 53.02742, -3.68886, 12.61717
-3.95595, -2.58046, 732.98526, 53.02742, -3.68886, 12.38777
-3.95595, -2.58046, 736.04734, 53.02742, -4.14997, 12.38777
-3.95595, -2.58046, 732.98526, 53.02742, -3.68886, 12.38777
-3.95595, -2.58046, 732.98526, 52.49715, -4.14997, 12.38777
-3.25267, -2.58046, 732.98526, 53.02742, -4.14997, 12.38777
-3.25267, -2.58046, 732.98526, 53.02742, -4.14997, 12.61717
-4.65923, -1.86861, 736.04734, 53.02742, -3.68886, 12.61717
-4.65923, -1.86861, 732.98526, 54.08797, -3.68886, 12.38777
-4.65923, -1.86861, 732.98526, 53.55769, -3.68886, 12.38777
-4.65923, -1.86861, 732.98526, 54.08797, -4.14997, 12.15837
-3.25267, -1.86861, 732.98526, 54.08797, -4.61108, 11.69956
-3.25267, -1.86861, 736.04734, 53.55769, -5.07219, 11.92896
-2.54939, -2.58046, 732.98526, 54.08797, -5.07219, 11.92896
-1.84611, -2.58046, 732.98526, 54.08797, -5.53330, 11.69956
-1.84611, -1.86861, 732.98526, 54.08797, -5.53330, 11.69956
-1.84611, -1.15676, 736.04734, 54.08797, -5.07219, 11.69956
-2.54939, -1.86861, 736.04734, 54.08797, -5.07219, 11.69956
-2.54939, -1.86861, 732.98526, 54.08797, -5.07219, 11.92896
-2.54939, -1.15676, 732.98526, 54.61824, -5.07219, 12.15837
-3.25267, -1.15676, 732.98526, 54.08797, -4.61108, 12.15837
-3.95595, -1.15676, 732.98526, 54.61824, -4.14997, 12.38777
-3.95595, -1.86861, 732.98526, 54.61824, -3.68886, 12.38777
-3.95595, -1.15676, 732.98526, 54.61824, -3.68886, 12.38777
-4.65923, -1.15676, 736.04734, 54.61824, -3.68886, 12.38777
-3.95595, -1.15676, 732.98526, 54.61824, -3.68886, 12.38777
-4.65923, -1.15676, 732.98526, 55.14852, -3.22776, 12.38777
-3.95595, -1.15676, 736.04734, 54.61824, -3.22776, 12.61717
-3.95595, -1.86861, 736.04734, 54.08797, -3.22776, 12.61717
-3.25267, -1.86861, 736.04734, 54.08797, -2.76665, 12.61717
-3.95595, -1.86861, 732.98526, 54.08797, -2.30554, 12.38777
-4.65923, -1.15676, 732.98526, 54.08797, -2.76665, 12.38777
-4.65923, -1.15676, 732.98526, 53.55769, -2.30554, 12.15837
-3.95595, -1.86861, 732.98526, 53.55769, -2.30554, 12.15837
-3.95595, -2.58046, 732.98526, 53.55769, -2.30554, 12.15837
-3.95595, -2.58046, 736.04734, 54.08797, -2.30554, 12.15837
-3.95595, -1.86861, 736.04734, 54.08797, -2.30554, 12.15837
-3.95595, -2.58046, 736.04734, 53.55769, -2.30554, 12.15837
-3.95595, -2.58046, 736.04734, 53.02742, -2.30554, 12.15837
-4.65923, -1.86861, 732.98526, 53.02742, -2.30554, 12.38777
-4.65923, -2.58046, 736.04734, 53.02742, -2.30554, 12.38777
-5.36250, -2.58046, 732.98526, 53.55769, -2.30554, 12.38777
-4.65923, -1.86861, 732.98526, 53.02742, -1.84443, 12.38777
-4.65923, -1.86861, 732.98526, 53.55769, -2.30554, 12.15837
-3.95595, -1.86861, 732.98526, 53.02742, -2.76665, 12.15837
-4.65923, -1.86861, 732.98526, 52.49715, -2.30554, 12.38777
-4.65923, -1.86861, 732.98526, 53.02742, -1.84443, 12.38777
-4.65923, -1.86861, 732.98526, 53.55769, -1.84443, 12.61717
-3.95595, -1.86861, 732.98526, 53.55769, -2.30554, 12.38777
-3.95595, -1.86861, 732.98526, 54.08797, -2.30554, 12.61717
-3.25267, -1.86861, 736.04734, 54.08797, -2.76665, 12.38777
-3.25267, -1.15676, 736.04734, 54.61824, -2.76665, 12.15837
-3.25267, -1.15676, 736.04734, 54.61824, -2.30554, 12.38777
-3.25267, -1.86861, 732.98526, 54.08797, -2.30554, 12.15837
-3.25267, -1.86861, 736.04734, 53.55769, -2.76665, 12.38777
-2.54939, -1.86861, 732.98526, 54.08797, -2.76665, 12.15837
-3.25267, -1.86861, 732.98526, 54.08797, -2.30554, 12.38777
-3.25267, -1.86861, 732.98526, 54.08797, -2.30554, 12.38777
-3.25267, -1.86861, 736.04734, 54.08797, -2.30554, 12.15837
-3.25267, -2.58046, 732.98526, 53.55769, -1.84443, 12.15837
-3.25267, -2.58046, 732.98526, 53.55769, -1.84443, 12.38777
-3.95595, -2.58046, 732.98526, 53.02742, -1.84443, 12.38777
-3.95595, -2.58046, 732.98526, 52.49715, -1.84443, 12.38777
-4.65923, -2.58046, 732.98526, 53.02742, -1.38332, 12.38777
-4.65923, -2.58046, 732.98526, 53.02742, -1.38332, 12.61717
-4.65923, -2.58046, 732.98526, 52.49715, -1.38332, 12.61717
-3.95595, -2.58046, 736.04734, 52.49715, -1.38332, 12.61717
-3.95595, -2.58046, 736.04734, 53.02742, -0.92222, 12.38777
-3.95595, -1.86861, 736.04734, 53.02742, -1.38332, 12.61717
-4.65923, -1.86861, 736.04734, 53.55769, -0.92222, 12.38777
-4.65923, -1.86861, 732.98526, 53.55769, -0.92222, 12.38777
-3.95595, -1.86861, 732.98526, 53.55769, -0.92222, 12.15837
-3.95595, -1.86861, 732.98526, 53.55769, -1.38332, 12.15837
-3.95595, -1.15676, 732.98526, 53.55769, -1.38332, 11.92896
-3.95595, -1.15676, 732.98526, 54.08797, -1.38332, 11.92896
-3.95595, -1.15676, 732.98526, 54.08797, -1.38332, 12.15837
-3.95595, -1.15676, 736.04734, 54.08797, -1.38332, 12.38777
-3.25267, -1.15676, 732.98526, 54.08797, -1.38332, 12.38777
-3.25267, -1.86861, 736.04734, 54.61824, -1.38332, 12.15837
-3.25267, -1.15676, 736.04734, 55.14852, -1.38332, 12.15837
-3.25267, -1.15676, 736.04734, 54.61824, -1.38332, 12.15837
-3.95595, -1.15676, 732.98526, 54.61824, -0.92222, 12.15837
-4.65923, -1.15676, 736.04734, 54.61824, -1.38332, 11.92896
-3.95595, -1.86861, 732.98526, 53.55769, -1.84443, 11.92896
-3.95595, -1.86861, 732.98526, 53.55769, -1.38332, 11.92896
-3.25267, -1.86861, 732.98526, 53.02742, -1.38332, 12.15837
-3.25267, -1.86861, 732.98526, 53.55769, -1.84443, 12.15837
-3.95595, -2.58046, 732.98526, 53.02742, -1.38332, 11.92896
-3.25267, -3.29231, 736.04734, 53.02742, -1.38332, 11.92896
-3.25267, -3.29231, 736.04734, 53.02742, -1.38332, 12.15837
-3.25267, -3.29231, 732.98526, 52.49715, -1.38332, 12.38777
-3.95595, -3.29231, 736.04734, 52.49715, -1.38332, 12.38777
-3.95595, -3.29231, 736.04734, 52.49715, -0.92222, 12.38777
-3.95595, -3.29231, 732.98526, 52.49715, -0.92222, 12.61717
-3.95595, -3.29231, 736.04734, 53.02742, -0.92222, 12.84658
-3.95595, -2.58046, 732.98526, 53.55769, -0.92222, 12.61717
-3.25267, -2.58046, 736.04734, 53.55769, -0.92222, 12.61717
-3.95595, -2.58046, 736.04734, 54.08797, -1.38332, 12.38777
-3.25267, -1.15676, 736.04734, 55.14852, -1.38332, 12.38777
-3.25267, -1.86861, 736.04734, 54.61824, -0.92222, 12.61717
-3.25267, -1.15676, 736.04734, 55.67879, -1.38332, 12.38777
-3.25267, -1.15676, 736.04734, 55.67879, -0.92222, 12.15837
-3.25267, -0.44491, 732.98526, 56.20907, -1.38332, 12.15837
-3.25267, -1.15676, 732.98526, 56.20907, -1.38332, 12.15837
-3.25267, -0.44491, 732.98526, 56.20907, -0.92222, 12.15837
-3.25267, -0.44491, 732.98526, 56.20907, -0.46111, 12.15837
-3.95595, -0.44491, 736.04734, 56.20907, -0.46111, 12.15837
-3.25267, -0.44491, 736.04734, 56.20907, -0.92222, 12.15837
-3.95595, -1.15676, 736.04734, 55.67879, -0.46111, 12.15837
-3.95595, -1.15676, 732.98526, 55.14852, -0.46111, 11.92896
-3.25267, -1.86861, 729.92318, 54.61824,  0.00000, 12.15837
-3.95595, -1.86861, 732.98526, 54.08797,  0.00000, 11.92896
-3.95595, -1.86861, 732.98526, 54.61824,  0.00000, 11.92896
-3.95595, -1.86861, 732.98526, 54.61824,  0.00000, 11.92896
-3.95595, -1.86861, 736.04734, 54.61824,  0.00000, 11.92896
-3.25267, -2.58046, 736.04734, 54.08797,  0.00000, 12.15837
-3.25267, -2.58046, 736.04734, 54.08797,  0.00000, 12.15837
-3.95595, -2.58046, 732.98526, 54.08797,  0.00000, 12.15837
-3.95595, -2.58046, 732.98526, 54.08797,  0.00000, 12.38777
-3.95595, -2.58046, 732.98526, 54.61824,  0.00000, 12.38777
-4.65923, -1.86861, 736.04734, 54.61824,  0.00000, 12.38777
-3.95595, -1.86861, 732.98526, 54.61824,  0.00000, 12.38777
-3.95595, -1.86861, 732.98526, 54.08797,  0.46111, 12.38777
-3.95595, -2.58046, 732.98526, 54.61824,  0.00000, 12.38777
-3.25267, -1.86861, 732.98526, 54.61824,  0.00000, 12.38777
-3.25267, -2.58046, 732.98526, 54.61824, -0.46111, 12.15837
-2.54939, -2.58046, 736.04734, 54.61824,  0.00000, 12.38777
-3.25267, -2.58046, 732.98526, 55.14852,  0.00000, 12.38777
-2.54939, -1.86861, 732.98526, 54.61824,  0.00000, 12.15837
-3.25267, -1.86861, 732.98526, 55.14852,  0.00000, 12.38777
-3.25267, -1.15676, 732.98526, 55.67879,  0.46111, 12.15837
-3.95595, -1.86861, 736.04734, 55.67879,  0.46111, 12.15837
-3.25267, -1.86861, 736.04734, 55.67879,  0.46111, 12.15837
-3.25267, -1.15676, 732.98526, 55.67879,  0.92222, 12.38777
-3.25267, -1.15676, 732.98526, 55.67879,  0.92222, 12.15837
-3.95595, -1.15676, 736.04734, 55.67879,  0.92222, 12.38777
-3.95595, -1.15676, 732.98526, 56.20907,  1.84443, 12.38777
-3.95595, -1.15676, 732.98526, 56.20907,  1.84443, 12.15837
-4.65923, -0.44491, 732.98526, 56.20907,  1.84443, 12.15837
-4.65923, -1.15676, 736.04734, 56.20907,  2.30554, 12.38777
-4.65923, -1.15676, 736.04734, 56.20907,  2.30554, 12.15837
-4.65923, -1.15676, 732.98526, 55.67879,  2.30554, 12.15837
-4.65923, -1.15676, 736.04734, 55.67879,  1.84443, 12.15837
-3.95595, -1.86861, 732.98526, 55.67879,  2.30554, 12.15837
-3.95595, -1.86861, 736.04734, 54.61824,  1.84443, 12.38777
-4.65923, -2.58046, 732.98526, 54.61824,  1.84443, 12.15837
-4.65923, -2.58046, 736.04734, 54.61824,  1.84443, 12.15837
-3.95595, -2.58046, 732.98526, 54.08797,  1.38332, 11.92896
-3.95595, -2.58046, 732.98526, 54.61824,  1.38332, 11.92896
-3.25267, -2.58046, 729.92318, 54.08797,  1.38332, 12.15837
-2.54939, -2.58046, 732.98526, 55.14852,  0.92222, 11.92896
-2.54939, -2.58046, 732.98526, 54.61824,  0.92222, 11.69956
-2.54939, -2.58046, 732.98526, 55.14852,  0.46111, 11.69956
-2.54939, -2.58046, 736.04734, 54.61824,  0.92222, 11.69956
-2.54939, -2.58046, 732.98526, 54.61824,  0.92222, 11.69956
-2.54939, -1.86861, 732.98526, 55.14852,  0.46111, 11.69956
-3.25267, -1.15676, 732.98526, 55.14852,  1.38332, 11.69956
-3.25267, -1.15676, 732.98526, 55.14852,  0.92222, 11.69956
-2.54939, -1.15676, 736.04734, 55.67879,  0.92222, 11.69956
-3.25267, -1.15676, 736.04734, 56.20907,  1.38332, 11.92896
-3.95595, -1.15676, 736.04734, 55.67879,  2.30554, 12.15837
-3.25267, -1.15676, 736.04734, 55.67879,  2.30554, 11.92896
-3.25267, -1.15676, 732.98526, 55.67879,  2.76665, 12.15837
-3.95595, -1.15676, 732.98526, 55.67879,  2.76665, 12.15837
-3.95595, -1.15676, 732.98526, 55.14852,  2.76665, 12.15837
-4.65923, -1.86861, 732.98526, 55.14852,  3.22776, 12.38777
-4.65923, -1.15676, 732.98526, 55.14852,  3.22776, 12.38777
-3.95595, -1.86861, 732.98526, 54.61824,  3.22776, 12.38777
-3.95595, -1.86861, 736.04734, 54.61824,  3.68886, 12.15837
-4.65923, -1.86861, 736.04734, 55.14852,  4.14997, 12.38777
-5.36250, -1.86861, 736.04734, 54.61824,  4.14997, 12.61717
-5.36250, -1.15676, 732.98526, 55.14852,  4.61108, 12.38777
-5.36250, -1.86861, 732.98526, 54.61824,  4.14997, 12.15837
-4.65923, -2.58046, 736.04734, 54.61824,  4.14997, 12.15837
-3.95595, -2.58046, 736.04734, 54.61824,  4.14997, 12.15837
-4.65923, -1.86861, 736.04734, 54.61824,  4.14997, 12.15837
-4.65923, -2.58046, 732.98526, 54.61824,  4.14997, 12.15837
-4.65923, -1.86861, 732.98526, 54.61824,  4.61108, 12.15837
-4.65923, -1.86861, 732.98526, 54.61824,  4.61108, 12.15837
-3.95595, -1.86861, 736.04734, 55.14852,  4.61108, 12.15837
-5.36250, -2.58046, 732.98526, 54.61824,  4.14997, 12.15837
-5.36250, -1.86861, 732.98526, 54.08797,  4.61108, 12.15837
-5.36250, -2.58046, 732.98526, 54.61824,  4.61108, 12.15837
-5.36250, -2.58046, 732.98526, 54.08797,  4.14997, 12.38777
-4.65923, -2.58046, 736.04734, 54.08797,  4.14997, 12.15837
-3.95595, -2.58046, 736.04734, 54.61824,  3.68886, 12.15837
-3.25267, -2.58046, 736.04734, 54.08797,  3.68886, 11.92896
-3.25267, -2.58046, 736.04734, 54.61824,  3.68886, 11.92896
-3.95595, -2.58046, 732.98526, 55.14852,  3.68886, 11.92896
-3.95595, -1.86861, 729.92318, 55.14852,  4.14997, 11.69956
-3.95595, -2.58046, 729.92318, 55.14852,  3.68886, 11.69956
-3.95595, -1.86861, 732.98526, 55.14852,  4.14997, 11.69956
-4.65923, -1.86861, 732.98526, 55.14852,  4.14997, 11.69956
-4.65923, -1.15676, 732.98526, 55.14852,  4.14997, 11.92896
-5.36250, -1.15676, 732.98526, 55.14852,  4.14997, 11.92896
-4.65923, -2.58046, 732.98526, 55.14852,  3.68886, 11.92896
-3.95595, -1.86861, 736.04734, 55.14852,  4.14997, 12.15837
-3.95595, -1.86861, 736.04734, 55.14852,  3.68886, 12.15837
-3.95595, -1.86861, 732.98526, 55.67879,  4.14997, 12.15837
-3.95595, -1.15676, 736.04734, 55.67879,  4.14997, 12.15837
-4.65923, -1.15676, 736.04734, 56.73934,  4.61108, 12.38777
-4.65923, -1.15676, 732.98526, 56.20907,  3.68886, 12.15837
-4.65923, -1.15676, 732.98526, 55.67879,  4.14997, 11.92896
-3.95595, -1.15676, 732.98526, 55.67879,  3.68886, 11.92896
-3.95595, -1.86861, 732.98526, 55.14852,  3.22776, 11.92896
-4.65923, -1.86861, 732.98526, 55.14852,  3.22776, 12.15837
-3.95595, -1.15676, 732.98526, 55.14852,  3.22776, 12.15837
-3.95595, -1.86861, 732.98526, 55.14852,  3.22776, 11.92896
-3.25267, -2.58046, 732.98526, 54.61824,  2.76665, 12.15837
-3.95595, -3.29231, 732.98526, 54.61824,  3.22776, 12.15837
-3.95595, -2.58046, 732.98526, 54.08797,  3.22776, 12.15837
-3.95595, -2.58046, 732.98526, 54.08797,  3.22776, 12.15837
-3.25267, -2.58046, 732.98526, 53.55769,  2.76665, 12.15837
-3.25267, -3.29231, 736.04734, 54.08797,  2.76665, 12.15837
-2.54939, -3.29231, 732.98526, 54.08797,  2.76665, 12.15837
-3.25267, -2.58046, 732.98526, 54.08797,  3.22776, 12.15837
-3.25267, -2.58046, 732.98526, 54.61824,  2.76665, 12.15837
-3.25267, -1.86861, 729.92318, 55.14852,  2.76665, 11.92896
-3.25267, -2.58046, 736.04734, 55.14852,  2.76665, 11.92896
-3.95595, -1.86861, 736.04734, 55.14852,  2.76665, 11.69956
-3.95595, -1.15676, 736.04734, 55.67879,  2.76665, 11.69956
-3.95595, -1.15676, 732.98526, 56.20907,  2.76665, 11.92896
-3.95595, -1.15676, 732.98526, 55.67879,  3.22776, 11.92896
-3.95595, -1.86861, 732.98526, 56.20907,  3.22776, 11.92896
-3.25267, -1.15676, 732.98526, 56.20907,  3.22776, 11.92896
-3.95595, -1.15676, 736.04734, 55.67879,  3.22776, 11.92896
-4.65923, -1.15676, 736.04734, 56.20907,  3.22776, 12.15837
-4.65923, -1.15676, 736.04734, 56.73934,  3.68886, 12.15837
-4.65923, -1.86861, 736.04734, 56.20907,  3.68886, 12.15837
-4.65923, -1.86861, 736.04734, 55.67879,  4.14997, 12.15837
-5.36250, -1.86861, 729.92318, 55.67879,  4.14997, 12.15837
-4.65923, -1.86861, 729.92318, 55.67879,  4.14997, 12.15837
-3.95595, -2.58046, 729.92318, 56.20907,  3.68886, 12.15837
-3.95595, -2.58046, 732.98526, 56.20907,  3.68886, 11.92896
-3.95595, -1.86861, 736.04734, 56.20907,  3.68886, 11.92896
-3.95595, -2.58046, 732.98526, 56.20907,  3.68886, 11.92896
-3.25267, -1.86861, 736.04734, 56.20907,  3.68886, 11.92896
-3.95595, -1.86861, 732.98526, 56.20907,  3.68886, 11.92896
-4.65923, -1.86861, 732.98526, 56.73934,  3.68886, 11.92896
-4.65923, -1.86861, 732.98526, 56.73934,  3.68886, 11.92896
-4.65923, -1.15676, 732.98526, 56.20907,  4.14997, 12.15837
-4.65923, -1.15676, 732.98526, 56.20907,  3.68886, 12.15837
-4.65923, -1.15676, 732.98526, 55.67879,  3.68886, 12.15837
-4.65923, -1.86861, 732.98526, 55.67879,  3.68886, 12.15837
-4.65923, -1.15676, 732.98526, 56.20907,  4.14997, 12.15837
-4.65923, -1.15676, 732.98526, 56.20907,  4.14997, 12.15837
-3.95595, -1.15676, 732.98526, 56.73934,  3.68886, 11.92896
-3.25267, -1.86861, 732.98526, 56.73934,  3.68886, 11.92896
-3.95595, -1.86861, 732.98526, 56.20907,  3.68886, 11.92896
-3.95595, -1.86861, 729.92318, 56.73934,  3.68886, 11.69956
-3.95595, -1.15676, 732.98526, 56.73934,  3.68886, 11.69956
-3.95595, -1.86861, 732.98526, 56.20907,  4.14997, 11.92896
-3.25267, -1.86861, 732.98526, 56.20907,  3.68886, 11.92896
-3.95595, -1.86861, 736.04734, 55.67879,  4.14997, 12.15837
-4.65923, -1.86861, 736.04734, 55.67879,  4.61108, 12.15837
-4.65923, -1.15676, 736.04734, 55.67879,  4.61108, 12.15837
-5.36250, -1.86861, 732.98526, 55.67879,  4.61108, 12.15837
-5.36250, -1.15676, 732.98526, 55.67879,  4.61108, 12.15837
-6.06578, -1.15676, 732.98526, 55.67879,  4.61108, 11.92896
-6.06578, -1.86861, 732.98526, 56.20907,  4.61108, 11.92896
-5.36250, -1.86861, 736.04734, 56.20907,  4.61108, 11.92896
-5.36250, -1.86861, 732.98526, 56.20907,  4.14997, 11.92896
-4.65923, -2.58046, 736.04734, 55.67879,  3.68886, 11.69956
-3.95595, -2.58046, 732.98526, 55.67879,  3.68886, 11.92896
-3.95595, -2.58046, 732.98526, 55.14852,  3.68886, 11.92896
-4.65923, -2.58046, 732.98526, 55.14852,  4.14997, 12.15837
-4.65923, -2.58046, 736.04734, 55.67879,  3.68886, 12.15837
-3.95595, -1.86861, 736.04734, 55.67879,  4.14997, 12.15837
-3.95595, -2.58046, 732.98526, 55.67879,  4.14997, 12.15837
-5.36250, -1.86861, 732.98526, 55.67879,  4.14997, 12.15837
-5.36250, -1.15676, 732.98526, 55.67879,  4.14997, 12.15837
-6.06578, -1.86861, 729.92318, 55.67879,  4.14997, 12.38777
-5.36250, -1.86861, 729.92318, 55.67879,  4.61108, 12.15837
-4.65923, -2.58046, 732.98526, 55.14852,  4.14997, 12.15837
-3.95595, -1.86861, 736.04734, 55.14852,  3.68886, 12.15837
-4.65923, -2.58046, 732.98526, 55.14852,  3.68886, 12.15837
-4.65923, -2.58046, 732.98526, 55.67879,  3.68886, 12.15837
-4.65923, -2.58046, 729.92318, 55.67879,  3.68886, 12.15837
-3.95595, -1.86861, 732.98526, 55.67879,  3.68886, 12.15837
-3.95595, -1.86861, 732.98526, 55.67879,  3.22776, 12.15837
-3.95595, -1.86861, 732.98526, 55.67879,  3.22776, 12.15837
-4.65923, -2.58046, 732.98526, 55.67879,  3.22776, 12.15837
-4.65923, -1.86861, 732.98526, 55.14852,  2.76665, 12.15837
-4.65923, -1.86861, 732.98526, 55.14852,  3.22776, 12.15837
-5.36250, -1.15676, 732.98526, 56.20907,  3.22776, 12.15837
-4.65923, -1.15676, 732.98526, 55.67879,  3.22776, 12.15837
-4.65923, -1.86861, 732.98526, 55.14852,  3.22776, 12.15837
-4.65923, -1.86861, 729.92318, 55.14852,  2.76665, 12.15837
-4.65923, -1.86861, 732.98526, 55.14852,  3.22776, 12.15837
-4.65923, -2.58046, 732.98526, 54.61824,  3.22776, 12.15837
-4.65923, -2.58046, 732.98526, 54.61824,  3.22776, 12.38777
-4.65923, -2.58046, 732.98526, 54.61824,  2.76665, 12.15837
-4.65923, -2.58046, 732.98526, 54.61824,  2.76665, 12.15837
-5.36250, -2.58046, 732.98526, 55.14852,  2.76665, 12.15837
-4.65923, -2.58046, 732.98526, 54.61824,  2.30554, 12.15837
-3.95595, -2.58046, 732.98526, 55.14852,  2.30554, 11.92896
-3.25267, -2.58046, 732.98526, 54.61824,  1.84443, 12.15837
-3.95595, -2.58046, 729.92318, 54.61824,  1.38332, 12.15837
-3.25267, -2.58046, 729.92318, 54.61824,  1.38332, 12.15837
-3.25267, -1.86861, 729.92318, 55.14852,  1.38332, 12.15837
-3.25267, -1.86861, 732.98526, 55.67879,  0.92222, 12.15837
-3.95595, -1.86861, 732.98526, 56.20907,  1.38332, 12.15837
-3.95595, -1.15676, 736.04734, 56.20907,  1.38332, 12.15837
-4.65923, -1.15676, 732.98526, 56.73934,  1.84443, 12.15837
-4.65923, -0.44491, 732.98526, 56.73934,  1.84443, 12.15837
-4.65923, -1.15676, 732.98526, 56.73934,  1.84443, 12.38777
-3.95595, -1.15676, 732.98526, 56.73934,  2.30554, 12.15837
-4.65923, -0.44491, 732.98526, 57.26961,  1.84443, 12.15837
-4.65923, -0.44491, 732.98526, 56.20907,  2.30554, 11.92896
-4.65923, -0.44491, 732.98526, 56.20907,  2.30554, 11.92896
-5.36250, -1.15676, 729.92318, 56.20907,  2.30554, 11.92896
-5.36250, -1.15676, 729.92318, 56.73934,  1.84443, 11.92896
-4.65923, -1.15676, 729.92318, 56.73934,  1.84443, 11.92896
-4.65923, -1.15676, 732.98526, 56.73934,  1.38332, 11.92896
-4.65923, -1.15676, 732.98526, 56.20907,  1.38332, 11.92896
-4.65923, -1.86861, 732.98526, 56.20907,  1.38332, 11.92896
-4.65923, -1.86861, 732.98526, 56.20907,  1.38332, 12.15837
-4.65923, -1.86861, 732.98526, 55.67879,  1.38332, 12.15837
-4.65923, -1.86861, 732.98526, 56.20907,  1.38332, 11.92896
-3.95595, -1.86861, 736.04734, 55.67879,  0.46111, 12.15837
-3.95595, -1.86861, 732.98526, 55.14852,  0.46111, 12.15837
-3.95595, -1.86861, 736.04734, 54.61824,  0.00000, 11.92896
-3.25267, -2.58046, 732.98526, 54.61824, -0.46111, 11.92896
-3.25267, -2.58046, 732.98526, 54.61824, -0.46111, 11.92896
-3.25267, -2.58046, 732.98526, 54.61824, -0.92222, 12.15837
-3.25267, -2.58046, 732.98526, 54.61824, -0.92222, 12.15837
-3.95595, -2.58046, 736.04734, 54.61824, -0.92222, 12.15837
-3.25267, -3.29231, 732.98526, 54.61824, -0.92222, 12.15837
-2.54939, -3.29231, 736.04734, 55.14852, -0.92222, 12.15837
-2.54939, -2.58046, 736.04734, 55.14852, -1.38332, 12.15837
-2.54939, -3.29231, 732.98526, 55.14852, -1.38332, 12.15837
-2.54939, -2.58046, 732.98526, 55.67879, -1.38332, 12.15837
-3.25267, -1.86861, 732.98526, 56.20907, -1.38332, 12.15837
-3.25267, -1.15676, 732.98526, 56.20907, -0.92222, 12.38777
-3.95595, -1.86861, 732.98526, 56.20907, -0.92222, 12.38777
-3.95595, -1.86861, 732.98526, 56.20907, -0.46111, 12.38777
-4.65923, -1.86861, 732.98526, 56.73934, -0.46111, 12.15837
-4.65923, -1.15676, 732.98526, 57.26961, -0.92222, 12.38777
-4.65923, -0.44491, 732.98526, 57.26961, -0.92222, 12.38777
-3.95595, -1.15676, 732.98526, 56.73934, -0.92222, 12.38777
-3.25267, -1.15676, 736.04734, 56.20907, -1.84443, 12.38777
-3.25267, -1.15676, 732.98526, 55.67879, -1.84443, 12.15837
-3.95595, -1.15676, 736.04734, 56.20907, -1.38332, 12.15837
-3.25267, -1.15676, 732.98526, 55.67879, -1.84443, 12.38777
-2.54939, -1.15676, 736.04734, 55.67879, -2.30554, 12.15837
-1.84611, -1.15676, 736.04734, 55.67879, -2.76665, 12.15837
-1.84611, -1.15676, 732.98526, 56.20907, -2.76665, 12.15837
-2.54939, -1.86861, 736.04734, 55.67879, -2.76665, 11.92896
-2.54939, -1.86861, 736.04734, 55.67879, -3.22776, 11.69956
-1.84611, -1.86861, 732.98526, 56.20907, -3.22776, 11.69956
-1.14283, -1.86861, 729.92318, 56.20907, -3.68886, 11.69956
-1.84611, -2.58046, 729.92318, 55.67879, -3.22776, 11.69956
-1.84611, -1.86861, 729.92318, 55.67879, -2.76665, 11.69956
-2.54939, -1.86861, 732.98526, 55.67879, -2.76665, 11.92896
-2.54939, -1.86861, 732.98526, 55.67879, -2.76665, 11.92896
-2.54939, -1.86861, 736.04734, 55.67879, -2.76665, 11.92896
-2.54939, -1.86861, 736.04734, 55.67879, -2.30554, 11.92896
-3.25267, -1.86861, 732.98526, 56.20907, -2.30554, 11.92896
-3.95595, -1.86861, 732.98526, 56.73934, -1.38332, 11.92896
-4.65923, -1.86861, 732.98526, 56.73934, -1.38332, 12.15837
-3.95595, -1.15676, 732.98526, 56.73934, -1.38332, 12.15837
-3.95595, -1.15676, 736.04734, 56.73934, -0.92222, 12.38777
-3.95595, -1.15676, 732.98526, 56.73934, -0.92222, 12.38777
-3.95595, -1.86861, 736.04734, 56.73934, -1.38332, 12.15837
-3.95595, -1.86861, 732.98526, 56.73934, -1.38332, 12.15837
-3.25267, -1.86861, 732.98526, 56.20907, -1.38332, 11.92896
-3.25267, -1.86861, 736.04734, 56.20907, -0.92222, 12.15837
-3.25267, -1.86861, 732.98526, 56.73934, -1.38332, 11.92896
-3.95595, -1.86861, 732.98526, 56.73934, -1.84443, 11.92896
-3.95595, -1.86861, 732.98526, 56.73934, -1.38332, 11.92896
-3.95595, -2.58046, 732.98526, 56.20907, -1.38332, 11.92896
-2.54939, -2.58046, 736.04734, 55.67879, -1.38332, 11.92896
-3.25267, -1.86861, 732.98526, 56.20907, -0.92222, 12.15837
-3.95595, -1.86861, 736.04734, 56.73934, -0.46111, 12.15837
-3.95595, -1.86861, 732.98526, 56.73934, -0.46111, 11.92896
-3.95595, -1.86861, 732.98526, 56.20907, -0.46111, 11.92896
-3.25267, -1.86861, 732.98526, 56.73934, -0.46111, 12.15837
-3.95595, -1.15676, 732.98526, 56.20907,  0.00000, 12.15837
-3.95595, -0.44491, 732.98526, 56.73934,  0.00000, 11.92896
-3.95595, -1.15676, 732.98526, 56.73934,  0.00000, 11.92896
-3.95595, -1.15676, 732.98526, 56.73934,  0.00000, 11.92896
-3.25267, -1.86861, 736.04734, 56.73934,  0.46111, 12.15837
-3.25267, -1.15676, 736.04734, 56.73934,  0.46111, 12.15837
-3.25267, -1.15676, 732.98526, 56.73934,  0.00000, 12.15837
-3.25267, -1.15676, 732.98526, 56.20907,  0.46111, 12.15837
-3.25267, -1.15676, 736.04734, 56.20907,  0.46111, 12.15837
-2.54939, -1.86861, 736.04734, 55.67879,  0.46111, 12.15837
-2.54939, -2.58046, 736.04734, 55.67879,  0.92222, 12.15837
-4.65923, -1.86861, 732.98526, 55.67879,  0.92222, 12.15837
-4.65923, -1.15676, 729.92318, 55.67879,  0.92222, 11.92896
-3.95595, -1.86861, 729.92318, 55.67879,  0.92222, 11.92896
-3.25267, -2.58046, 729.92318, 55.67879,  0.92222, 11.92896
-2.54939, -1.86861, 736.04734, 56.20907,  0.92222, 11.92896
-3.25267, -1.86861, 736.04734, 56.73934,  0.92222, 12.15837
-3.95595, -1.86861, 736.04734, 56.73934,  1.84443, 12.15837
-3.95595, -1.15676, 736.04734, 56.73934,  1.84443, 11.92896
-3.95595, -1.15676, 732.98526, 56.73934,  1.84443, 12.15837
-3.95595, -1.86861, 732.98526, 56.20907,  1.84443, 12.15837
-4.65923, -1.86861, 736.04734, 55.67879,  1.84443, 12.15837
-3.95595, -1.86861, 732.98526, 56.20907,  1.84443, 12.15837
-4.65923, -1.86861, 736.04734, 56.20907,  2.76665, 12.15837
-4.65923, -1.86861, 732.98526, 56.20907,  2.76665, 12.15837
-4.65923, -1.86861, 736.04734, 56.20907,  3.22776, 12.38777
-4.65923, -1.86861, 732.98526, 56.20907,  2.76665, 12.38777
-4.65923, -1.86861, 732.98526, 56.20907,  3.22776, 12.38777
-4.65923, -1.86861, 736.04734, 56.73934,  2.76665, 12.38777
-3.95595, -1.86861, 736.04734, 56.20907,  2.76665, 12.38777
-3.95595, -1.86861, 736.04734, 56.20907,  3.22776, 12.15837
-3.95595, -1.86861, 736.04734, 56.73934,  2.76665, 11.92896
-3.95595, -1.86861, 732.98526, 56.20907,  2.76665, 11.92896
-3.95595, -2.58046, 732.98526, 55.67879,  2.76665, 11.92896
-3.95595, -2.58046, 736.04734, 55.67879,  2.76665, 11.92896
-3.25267, -1.86861, 736.04734, 55.67879,  2.76665, 11.92896
-3.25267, -2.58046, 736.04734, 56.20907,  2.30554, 12.15837
-3.95595, -1.86861, 732.98526, 56.73934,  2.30554, 12.15837
-3.95595, -1.86861, 732.98526, 56.73934,  2.76665, 12.15837
-3.95595, -1.15676, 732.98526, 56.73934,  2.76665, 12.15837
-4.65923, -1.15676, 732.98526, 56.73934,  2.76665, 12.15837
-4.65923, -0.44491, 732.98526, 56.20907,  2.76665, 12.15837
-3.95595, -1.15676, 732.98526, 56.20907,  2.30554, 11.92896
-3.95595, -1.15676, 732.98526, 56.20907,  2.30554, 12.15837
-3.95595, -1.15676, 732.98526, 55.67879,  2.30554, 11.92896
-3.25267, -1.86861, 732.98526, 55.67879,  2.30554, 11.92896
-3.25267, -1.86861, 732.98526, 55.67879,  2.30554, 12.15837
-2.54939, -1.86861, 736.04734, 55.67879,  2.30554, 12.15837
-2.54939, -1.86861, 736.04734, 55.67879,  1.84443, 12.15837
-3.25267, -1.86861, 736.04734, 55.67879,  2.30554, 12.15837
-2.54939, -1.86861, 736.04734, 56.20907,  2.30554, 11.92896
-2.54939, -1.86861, 736.04734, 56.20907,  2.76665, 11.92896
-3.25267, -1.86861, 732.98526, 55.67879,  2.76665, 11.92896
-3.25267, -1.86861, 732.98526, 55.67879,  2.76665, 11.92896
-3.25267, -1.86861, 732.98526, 56.20907,  2.76665, 11.92896
-3.25267, -1.86861, 732.98526, 56.20907,  2.76665, 11.92896
-2.54939, -1.86861, 732.98526, 56.20907,  2.76665, 11.92896
-3.25267, -1.86861, 732.98526, 55.67879,  3.22776, 12.15837
-3.25267, -1.86861, 736.04734, 56.20907,  3.22776, 12.15837
-3.95595, -1.15676, 732.98526, 55.67879,  3.22776, 12.15837
-3.95595, -1.15676, 732.98526, 55.67879,  2.76665, 12.15837
-3.95595, -1.15676, 732.98526, 56.20907,  3.22776, 12.15837
-3.95595, -1.15676, 732.98526, 56.20907,  2.76665, 12.15837
-3.95595, -1.86861, 736.04734, 56.20907,  3.22776, 12.38777
-3.25267, -1.86861, 736.04734, 55.67879,  3.22776, 12.38777
-4.65923, -1.86861, 736.04734, 55.67879,  3.22776, 12.15837
-3.95595, -1.86861, 732.98526, 55.67879,  3.22776, 12.15837
-3.95595, -1.86861, 732.98526, 55.14852,  3.22776, 12.15837
-3.25267, -1.86861, 732.98526, 55.14852,  2.76665, 12.15837
-3.25267, -2.58046, 736.04734, 55.14852,  2.76665, 12.15837
-2.54939, -2.58046, 736.04734, 55.67879,  3.22776, 12.15837
-2.54939, -3.29231, 736.04734, 55.14852,  2.76665, 12.15837
-2.54939, -2.58046, 736.04734, 55.14852,  2.76665, 12.15837
-2.54939, -2.58046, 736.04734, 54.61824,  2.76665, 12.15837
-3.25267, -2.58046, 736.04734, 55.14852,  3.22776, 12.15837
-3.25267, -2.58046, 736.04734, 55.14852,  3.22776, 12.15837
-3.25267, -2.58046, 736.04734, 55.14852,  3.22776, 12.15837
-3.25267, -1.86861, 736.04734, 55.14852,  3.22776, 12.15837
-3.95595, -1.86861, 732.98526, 55.67879,  3.22776, 12.15837
-3.95595, -1.15676, 732.98526, 55.67879,  3.68886, 12.15837
-3.95595, -1.86861, 736.04734, 56.20907,  3.68886, 12.61717
-3.95595, -1.86861, 732.98526, 56.20907,  3.68886, 12.38777
-4.65923, -1.15676, 736.04734, 56.73934,  3.68886, 12.15837
-3.25267, -1.86861, 736.04734, 56.73934,  3.22776, 11.92896
-3.25267, -1.15676, 732.98526, 57.26961,  3.22776, 12.15837
-3.25267, -1.15676, 736.04734, 56.73934,  3.68886, 11.92896
-3.25267, -1.15676, 732.98526, 56.73934,  3.22776, 11.92896
-3.25267, -1.15676, 732.98526, 56.73934,  3.22776, 11.92896
-3.25267, -1.15676, 736.04734, 56.20907,  3.22776, 11.92896
-3.25267, -1.15676, 736.04734, 56.73934,  2.76665, 12.15837
-2.54939, -1.15676, 736.04734, 56.73934,  2.76665, 11.92896
-2.54939, -1.15676, 732.98526, 56.20907,  3.22776, 11.92896
-2.54939, -1.15676, 732.98526, 56.73934,  3.22776, 11.69956
-1.84611, -1.86861, 729.92318, 56.73934,  2.76665, 11.69956
-1.84611, -1.86861, 732.98526, 56.73934,  2.76665, 11.47016
-2.54939, -1.15676, 732.98526, 57.26961,  3.68886, 11.47016
-2.54939, -1.86861, 736.04734, 57.26961,  3.68886, 11.69956
-2.54939, -1.15676, 732.98526, 56.73934,  3.68886, 11.69956
-2.54939, -1.86861, 732.98526, 56.73934,  4.14997, 11.69956
-3.25267, -1.15676, 732.98526, 56.73934,  4.61108, 11.92896
-3.25267, -1.15676, 736.04734, 57.26961,  4.61108, 11.92896
-3.95595, -1.15676, 732.98526, 57.26961,  4.61108, 12.38777
-4.65923, -1.15676, 736.04734, 56.20907,  5.07219, 12.38777
-4.65923, -1.86861, 736.04734, 56.20907,  5.07219, 12.38777
-4.65923, -1.86861, 732.98526, 55.67879,  5.07219, 12.38777
-5.36250, -1.86861, 732.98526, 55.14852,  5.07219, 12.38777
-4.65923, -2.58046, 732.98526, 55.67879,  5.53330, 12.61717
-4.65923, -2.58046, 736.04734, 55.14852,  5.07219, 12.38777
-3.95595, -2.58046, 736.04734, 55.67879,  5.07219, 12.15837
-3.95595, -3.29231, 736.04734, 55.14852,  5.07219, 12.15837
-3.25267, -3.29231, 736.04734, 54.61824,  5.07219, 12.38777
-2.54939, -2.58046, 732.98526, 55.14852,  5.07219, 11.92896
-2.54939, -2.58046, 736.04734, 55.67879,  4.61108, 11.92896
-2.54939, -2.58046, 732.98526, 56.20907,  4.61108, 11.92896
-2.54939, -1.86861, 736.04734, 56.20907,  5.07219, 12.15837
-3.95595, -1.15676, 732.98526, 57.26961,  4.61108, 11.92896
-3.95595, -1.15676, 732.98526, 57.26961,  5.07219, 11.92896
-3.95595, -1.15676, 732.98526, 57.26961,  5.07219, 11.92896
-3.25267, -0.44491, 736.04734, 57.26961,  4.61108, 12.15837
-3.95595, -0.44491, 736.04734, 56.73934,  5.07219, 12.38777
-4.65923,  0.26694, 732.98526, 57.26961,  5.53330, 12.15837
-4.65923, -0.44491, 736.04734, 56.73934,  5.07219, 12.38777
-3.95595, -0.44491, 732.98526, 57.26961,  5.53330, 12.38777
-3.25267, -1.15676, 732.98526, 56.73934,  5.07219, 12.15837
-3.25267, -1.15676, 736.04734, 56.73934,  5.07219, 12.15837
-3.95595, -1.15676, 736.04734, 56.20907,  5.07219, 12.15837
-3.25267, -0.44491, 732.98526, 56.20907,  5.07219, 12.15837
-3.25267, -1.86861, 736.04734, 56.73934,  5.53330, 11.92896
-2.54939, -2.58046, 736.04734, 56.20907,  5.07219, 11.92896
-2.54939, -2.58046, 732.98526, 55.67879,  5.07219, 11.69956
-2.54939, -1.86861, 732.98526, 55.67879,  5.53330, 11.92896
-3.95595, -1.86861, 732.98526, 55.67879,  5.07219, 11.92896
-3.25267, -1.86861, 732.98526, 55.67879,  5.07219, 11.92896
-3.25267, -2.58046, 736.04734, 56.20907,  5.53330, 12.15837
-3.25267, -1.86861, 736.04734, 55.67879,  5.53330, 11.92896
-3.25267, -1.86861, 736.04734, 55.67879,  5.07219, 12.15837
-3.95595, -1.86861, 736.04734, 56.20907,  5.53330, 12.15837
-3.95595, -1.86861, 736.04734, 56.20907,  5.53330, 12.15837
-3.95595, -1.86861, 736.04734, 56.73934,  5.53330, 12.15837
-3.95595, -1.15676, 736.04734, 56.73934,  5.07219, 12.38777
-3.25267, -1.86861, 736.04734, 57.26961,  5.53330, 12.15837
-3.25267, -1.86861, 736.04734, 57.26961,  5.07219, 12.15837
-3.95595, -1.15676, 736.04734, 56.73934,  5.53330, 12.15837
-3.95595, -1.15676, 732.98526, 56.73934,  5.53330, 11.92896
-3.25267, -1.15676, 732.98526, 56.73934,  5.53330, 12.15837
-3.95595, -1.15676, 736.04734, 56.73934,  5.53330, 12.15837
-3.95595, -1.86861, 736.04734, 56.20907,  5.53330, 12.15837
-3.95595, -1.86861, 732.98526, 56.20907,  5.53330, 12.38777
-3.95595, -1.15676, 732.98526, 55.67879,  5.53330, 12.38777
-3.95595, -1.86861, 732.98526, 55.67879,  5.99440, 12.38777
-3.25267, -1.86861, 732.98526, 56.20907,  5.53330, 12.38777
-3.25267, -1.86861, 732.98526, 55.14852,  5.53330, 12.38777
-3.25267, -2.58046, 736.04734, 55.14852,  5.53330, 12.38777
-3.25267, -2.58046, 736.04734, 54.61824,  5.53330, 12.38777
-3.25267, -2.58046, 736.04734, 54.61824,  5.53330, 12.15837
-3.25267, -1.86861, 736.04734, 54.61824,  5.53330, 12.15837
-3.95595, -1.86861, 732.98526, 55.14852,  5.53330, 12.15837
-3.25267, -2.58046, 736.04734, 54.61824,  5.53330, 12.15837
-3.95595, -2.58046, 732.98526, 54.08797,  5.53330, 12.38777
-3.95595, -1.86861, 732.98526, 54.08797,  5.07219, 12.15837
-3.95595, -2.58046, 736.04734, 54.61824,  5.07219, 12.15837
-3.25267, -2.58046, 736.04734, 54.61824,  5.07219, 11.92896
-2.54939, -2.58046, 736.04734, 55.14852,  5.07219, 11.92896
-2.54939, -2.58046, 736.04734, 54.61824,  5.07219, 11.92896
-2.54939, -2.58046, 736.04734, 54.61824,  5.07219, 11.92896
-2.54939, -1.86861, 736.04734, 55.67879,  5.07219, 12.15837
-3.25267, -2.58046, 736.04734, 56.20907,  5.53330, 12.15837
-3.25267, -1.15676, 732.98526, 56.20907,  5.53330, 12.15837
-3.95595, -1.15676, 732.98526, 56.73934,  5.53330, 11.92896
-3.95595, -1.15676, 732.98526, 56.73934,  5.53330, 11.92896
-3.95595, -1.15676, 732.98526, 57.26961,  5.53330, 11.69956
-4.65923, -1.15676, 732.98526, 57.26961,  5.53330, 11.69956
-4.65923, -0.44491, 732.98526, 56.73934,  5.53330, 11.92896
-3.95595, -1.15676, 736.04734, 57.26961,  5.53330, 12.15837
-4.65923, -1.15676, 736.04734, 57.26961,  5.53330, 12.15837
-4.65923, -1.15676, 732.98526, 56.73934,  5.53330, 12.15837
-3.95595, -1.15676, 732.98526, 56.20907,  5.07219, 12.38777
-3.25267, -1.15676, 736.04734, 56.73934,  4.61108, 12.15837
-3.95595, -1.86861, 736.04734, 56.73934,  4.61108, 12.15837
-3.95595, -1.86861, 736.04734, 56.20907,  4.14997, 11.92896
-3.95595, -1.15676, 732.98526, 55.67879,  4.14997, 12.15837
-3.25267, -1.86861, 732.98526, 54.61824,  3.22776, 12.15837
-1.84611, -2.58046, 732.98526, 54.08797,  2.76665, 12.15837
-1.14283, -3.29231, 736.04734, 53.02742,  2.30554, 12.15837
-1.14283, -2.58046, 732.98526, 53.55769,  2.30554, 12.15837
-1.14283, -2.58046, 736.04734, 53.55769,  1.84443, 11.92896
-1.14283, -2.58046, 736.04734, 54.61824,  1.84443, 12.15837
-1.14283, -2.58046, 736.04734, 54.08797,  1.84443, 11.92896
-1.14283, -1.86861, 729.92318, 54.61824,  2.30554, 11.92896
-1.14283, -1.86861, 732.98526, 55.14852,  2.30554, 12.15837
-1.84611, -2.58046, 736.04734, 55.14852,  2.76665, 12.15837
-2.54939, -1.86861, 736.04734, 55.14852,  2.76665, 12.38777
-3.25267, -1.15676, 732.98526, 55.14852,  3.22776, 12.38777
-2.54939, -1.15676, 736.04734, 55.67879,  3.22776, 12.38777
-2.54939, -1.86861, 736.04734, 55.67879,  3.22776, 12.38777
-3.25267, -1.86861, 732.98526, 56.20907,  3.22776, 12.38777
-3.95595, -1.15676, 732.98526, 55.67879,  3.22776, 12.38777
-3.25267, -1.15676, 732.98526, 55.67879,  3.68886, 12.15837
-3.25267, -1.86861, 732.98526, 55.67879,  3.68886, 12.15837
-3.25267, -1.86861, 732.98526, 56.20907,  3.68886, 12.15837
-3.25267, -1.86861, 732.98526, 56.20907,  3.22776, 11.92896
-3.25267, -1.15676, 736.04734, 57.26961,  3.68886, 11.92896
-2.54939, -1.15676, 736.04734, 56.73934,  3.68886, 11.92896
-2.54939, -1.15676, 736.04734, 56.73934,  3.22776, 11.92896
-2.54939, -1.15676, 739.10942, 57.26961,  3.22776, 11.69956
-1.84611, -1.86861, 736.04734, 56.73934,  3.22776, 11.47016
-2.54939, -1.15676, 732.98526, 56.73934,  3.68886, 11.47016
-3.95595, -0.44491, 732.98526, 56.73934,  3.68886, 11.69956
-3.95595, -1.15676, 732.98526, 56.73934,  3.68886, 11.69956
-4.65923, -1.15676, 732.98526, 56.73934,  3.68886, 11.69956
-3.95595, -1.86861, 732.98526, 56.73934,  3.68886, 11.69956
-3.25267, -1.86861, 736.04734, 56.20907,  3.68886, 11.69956
-3.25267, -1.86861, 736.04734, 56.20907,  3.22776, 11.92896
-2.54939, -1.86861, 732.98526, 56.20907,  3.68886, 11.92896
-2.54939, -2.58046, 732.98526, 56.73934,  3.22776, 11.92896
-2.54939, -1.86861, 732.98526, 56.20907,  3.22776, 12.15837
-2.54939, -1.86861, 732.98526, 56.73934,  3.22776, 11.92896
-1.84611, -1.86861, 736.04734, 56.73934,  3.22776, 12.15837
-2.54939, -1.15676, 736.04734, 56.73934,  3.22776, 12.15837
-2.54939, -1.15676, 732.98526, 56.73934,  3.68886, 12.15837
-2.54939, -1.15676, 732.98526, 56.73934,  3.68886, 12.15837
-2.54939, -1.15676, 736.04734, 56.73934,  3.68886, 12.15837
-2.54939, -1.15676, 736.04734, 56.73934,  3.68886, 12.15837
-3.95595, -0.44491, 736.04734, 56.73934,  4.14997, 12.38777
-3.95595, -0.44491, 732.98526, 56.73934,  4.14997, 12.38777
-3.95595, -0.44491, 732.98526, 56.73934,  4.14997, 12.38777
-2.54939, -1.15676, 732.98526, 56.73934,  3.68886, 12.38777
-1.84611, -1.15676, 736.04734, 57.26961,  3.68886, 12.38777
-1.84611, -1.15676, 736.04734, 57.26961,  3.68886, 12.15837
-1.84611, -1.15676, 736.04734, 57.26961,  3.68886, 12.15837
-2.54939, -1.15676, 732.98526, 57.26961,  4.14997, 12.15837
-2.54939, -1.15676, 732.98526, 56.73934,  4.61108, 12.15837
-2.54939, -1.15676, 732.98526, 57.26961,  4.61108, 12.15837
-2.54939, -1.86861, 736.04734, 56.73934,  4.14997, 12.15837
-3.25267, -1.15676, 736.04734, 56.73934,  4.61108, 11.92896
-2.54939, -1.15676, 736.04734, 56.73934,  4.61108, 11.92896
-3.95595, -1.15676, 736.04734, 56.73934,  5.07219, 11.92896
-4.65923, -1.86861, 736.04734, 56.20907,  5.07219, 11.92896
-4.65923, -1.15676, 736.04734, 56.20907,  5.53330, 12.15837
-5.36250, -1.15676, 732.98526, 56.20907,  5.53330, 12.15837
-4.65923, -1.15676, 732.98526, 56.20907,  5.53330, 11.92896
-3.95595, -1.86861, 732.98526, 55.67879,  5.07219, 12.15837
-3.25267, -3.29231, 736.04734, 55.14852,  4.61108, 11.92896
-3.25267, -2.58046, 736.04734, 55.14852,  4.61108, 11.92896
-2.54939, -2.58046, 732.98526, 54.61824,  4.61108, 11.92896
-3.25267, -2.58046, 729.92318, 54.61824,  4.61108, 11.92896
-3.25267, -2.58046, 729.92318, 55.14852,  4.61108, 11.69956
-2.54939, -3.29231, 732.98526, 54.61824,  4.14997, 11.92896
-2.54939, -2.58046, 736.04734, 55.14852,  4.14997, 11.92896
-1.84611, -2.58046, 732.98526, 55.14852,  4.14997, 11.69956
-1.84611, -2.58046, 736.04734, 55.14852,  4.14997, 11.69956
-1.84611, -1.86861, 732.98526, 55.67879,  4.14997, 11.92896
-1.84611, -1.86861, 732.98526, 55.14852,  4.61108, 11.92896
-2.54939, -1.86861, 732.98526, 55.67879,  4.14997, 11.92896
-1.84611, -1.86861, 736.04734, 55.67879,  4.14997, 12.15837
-1.84611, -1.86861, 736.04734, 55.67879,  4.14997, 12.38777
-2.54939, -1.15676, 736.04734, 55.67879,  4.61108, 12.38777
-3.95595, -1.15676, 732.98526, 55.67879,  4.61108, 12.38777
-3.95595, -1.15676, 732.98526, 55.67879,  5.07219, 12.38777
-2.54939, -1.15676, 732.98526, 56.20907,  4.61108, 12.61717
-3.25267, -1.15676, 732.98526, 56.20907,  4.61108, 12.61717
-2.54939, -1.86861, 736.04734, 56.20907,  5.07219, 12.61717
-2.54939, -1.86861, 736.04734, 56.20907,  5.53330, 12.61717
-2.54939, -1.86861, 736.04734, 56.73934,  5.53330, 12.38777
-3.25267, -1.15676, 736.04734, 57.26961,  5.53330, 12.38777
-2.54939, -1.15676, 736.04734, 57.26961,  5.99440, 12.15837
-2.54939, -1.86861, 736.04734, 57.26961,  5.99440, 11.92896
-2.54939, -1.86861, 736.04734, 57.26961,  5.99440, 11.92896
-2.54939, -1.86861, 736.04734, 56.73934,  6.45551, 11.69956
-3.95595, -1.15676, 732.98526, 56.73934,  6.45551, 11.92896
-3.95595, -1.15676, 732.98526, 56.73934,  6.91662, 12.15837
-3.95595, -1.86861, 732.98526, 56.73934,  6.91662, 12.15837
-3.95595, -1.86861, 732.98526, 56.73934,  6.45551, 12.15837
-3.25267, -1.86861, 732.98526, 56.20907,  7.37773, 11.92896
-3.95595, -1.15676, 732.98526, 56.73934,  6.91662, 12.15837
-4.65923, -1.15676, 732.98526, 56.73934,  7.83884, 12.15837
-4.65923, -0.44491, 732.98526, 56.73934,  7.83884, 11.92896
-4.65923, -1.15676, 732.98526, 56.73934,  7.83884, 11.92896
-4.65923, -0.44491, 736.04734, 56.73934,  8.29994, 11.92896
-4.65923, -1.15676, 736.04734, 56.73934,  7.83884, 11.69956
-4.65923, -1.15676, 736.04734, 56.73934,  8.29994, 11.69956
-4.65923, -1.15676, 732.98526, 56.73934,  8.29994, 11.69956
-4.65923, -1.15676, 732.98526, 56.73934,  8.29994, 11.92896
-3.95595, -1.15676, 729.92318, 55.67879,  8.29994, 11.69956
-3.95595, -1.15676, 732.98526, 55.67879,  8.29994, 11.92896
-3.95595, -1.86861, 732.98526, 56.20907,  7.83884, 11.92896
-3.95595, -2.58046, 732.98526, 56.20907,  7.83884, 11.69956
-3.95595, -2.58046, 736.04734, 56.20907,  7.83884, 11.69956
-3.95595, -2.58046, 736.04734, 56.20907,  7.37773, 11.69956
-3.95595, -1.86861, 732.98526, 56.20907,  7.83884, 11.69956
-3.95595, -2.58046, 732.98526, 56.20907,  7.83884, 11.69956
-3.95595, -1.86861, 732.98526, 55.67879,  7.37773, 11.69956
-3.25267, -2.58046, 732.98526, 55.14852,  6.91662, 11.92896
-3.25267, -2.58046, 736.04734, 55.14852,  6.91662, 12.15837
-3.25267, -1.86861, 736.04734, 55.67879,  6.45551, 11.92896
-2.54939, -2.58046, 732.98526, 55.14852,  6.91662, 11.92896
-2.54939, -2.58046, 732.98526, 54.61824,  6.45551, 11.92896
-1.84611, -2.58046, 732.98526, 54.61824,  6.45551, 11.92896
-2.54939, -1.86861, 732.98526, 55.14852,  6.45551, 12.15837
-2.54939, -1.86861, 736.04734, 55.14852,  6.45551, 11.92896
-1.84611, -1.86861, 736.04734, 56.20907,  6.45551, 11.69956
-1.84611, -2.58046, 736.04734, 56.20907,  6.45551, 11.69956
-1.84611, -1.86861, 732.98526, 56.73934,  6.45551, 11.69956
-1.14283, -1.86861, 732.98526, 56.20907,  6.45551, 11.69956
-1.84611, -1.86861, 732.98526, 56.73934,  6.91662, 11.92896
-1.84611, -1.86861, 732.98526, 57.26961,  6.91662, 11.92896
-2.54939, -1.86861, 732.98526, 56.73934,  7.37773, 11.92896
-2.54939, -1.15676, 732.98526, 56.73934,  7.83884, 11.92896
-1.84611, -1.15676, 732.98526, 57.26961,  7.83884, 11.92896
-3.25267, -1.15676, 732.98526, 57.79989,  8.29994, 11.92896
-3.25267, -0.44491, 732.98526, 57.26961,  8.29994, 11.92896
-3.95595, -0.44491, 736.04734, 57.26961,  8.76105, 11.92896
-3.95595, -0.44491, 732.98526, 57.26961,  8.76105, 11.92896
-3.95595, -0.44491, 732.98526, 57.26961,  9.22216, 11.92896
-3.95595, -0.44491, 732.98526, 56.73934,  9.22216, 11.92896
-3.25267, -0.44491, 732.98526, 57.79989,  9.68327, 11.92896
-3.95595, -0.44491, 732.98526, 57.26961,  9.68327, 11.92896
-3.95595, -1.86861, 732.98526, 56.73934,  9.68327, 11.92896
-3.95595, -1.86861, 732.98526, 55.67879,  9.68327, 11.92896
-3.95595, -2.58046, 732.98526, 55.14852,  9.68327, 11.92896
-3.25267, -2.58046, 732.98526, 55.14852,  9.68327, 11.92896
-3.95595, -3.29231, 732.98526, 54.61824,  9.68327, 11.69956
-3.25267, -3.29231, 729.92318, 54.61824,  9.68327, 11.69956
-2.54939, -3.29231, 732.98526, 55.14852,  9.68327, 11.69956
-2.54939, -2.58046, 732.98526, 55.67879,  9.68327, 11.47016
-2.54939, -2.58046, 732.98526, 56.20907,  9.68327, 11.47016
-3.25267, -2.58046, 732.98526, 56.73934,  9.68327, 11.47016
-3.25267, -1.86861, 736.04734, 56.73934, 10.14438, 11.47016
-3.25267, -1.15676, 732.98526, 56.73934, 10.60548, 11.47016
-3.95595, -1.15676, 729.92318, 57.26961, 10.60548, 11.69956
-3.25267, -1.15676, 732.98526, 57.26961, 10.14438, 11.69956
-3.25267, -1.15676, 736.04734, 57.26961, 10.60548, 11.69956
-2.54939, -1.15676, 736.04734, 56.73934, 10.60548, 11.92896
-2.54939, -1.15676, 736.04734, 56.73934, 11.06659, 11.92896
-2.54939, -1.15676, 732.98526, 56.73934, 11.06659, 11.92896
-3.25267, -1.15676, 732.98526, 56.73934, 11.52770, 11.69956
-2.54939, -1.86861, 732.98526, 56.20907, 11.52770, 11.92896
-2.54939, -1.86861, 736.04734, 56.20907, 11.98881, 11.92896
-3.25267, -1.86861, 732.98526, 56.73934, 12.44992, 11.92896
-3.95595, -1.15676, 732.98526, 57.26961, 13.37213, 11.92896
-4.65923, -1.86861, 732.98526, 57.26961, 13.83324, 11.92896
-4.65923, -1.15676, 732.98526, 57.26961, 14.29435, 11.92896
-5.36250, -1.15676, 732.98526, 56.73934, 14.75546, 11.92896
-6.06578, -1.15676, 732.98526, 57.26961, 14.75546, 11.92896
-6.06578, -1.15676, 732.98526, 56.73934, 15.21656, 11.92896
-5.36250, -1.15676, 736.04734, 56.73934, 15.67767, 11.92896
-5.36250, -1.15676, 736.04734, 56.20907, 15.67767, 11.92896
-6.06578, -1.15676, 732.98526, 56.20907, 15.21656, 11.92896
-5.36250, -1.86861, 732.98526, 55.67879, 14.75546, 12.15837
-4.65923, -1.86861, 732.98526, 56.20907, 14.75546, 11.92896
-4.65923, -1.86861, 732.98526, 56.20907, 14.29435, 11.69956
-4.65923, -1.86861, 732.98526, 56.20907, 14.29435, 11.69956
-3.95595, -2.58046, 736.04734, 55.67879, 13.83324, 11.69956
-3.25267, -2.58046, 732.98526, 55.14852, 13.37213, 11.47016
-2.54939, -1.86861, 732.98526, 55.14852, 12.91102, 11.24075
-1.84611, -2.58046, 736.04734, 55.67879, 12.91102, 11.24075
-1.84611, -3.29231, 736.04734, 55.67879, 12.44992, 11.24075
-1.14283, -2.58046, 732.98526, 55.67879, 12.44992, 11.47016
-1.84611, -1.86861, 736.04734, 55.67879, 13.37213, 11.47016
-1.84611, -0.44491, 732.98526, 56.20907, 13.83324, 11.47016
-3.25267, -1.15676, 732.98526, 56.20907, 14.29435, 11.24075
-3.95595, -1.15676, 736.04734, 56.73934, 14.29435, 11.24075
-3.25267, -1.15676, 732.98526, 56.73934, 14.75546, 11.24075
-3.95595, -1.15676, 736.04734, 56.73934, 14.75546, 11.47016
-3.95595, -1.15676, 736.04734, 57.26961, 14.75546, 11.69956
-3.95595, -1.15676, 736.04734, 56.20907, 15.67767, 11.92896
-3.95595, -1.15676, 732.98526, 56.20907, 16.13878, 11.92896
-4.65923, -1.86861, 732.98526, 55.67879, 16.13878, 11.92896
-5.36250, -1.86861, 732.98526, 55.67879, 16.13878, 11.92896
-4.65923, -1.86861, 732.98526, 56.20907, 16.59989, 11.92896
-4.65923, -1.86861, 732.98526, 56.20907, 15.67767, 11.69956
-4.65923, -1.86861, 736.04734, 55.67879, 15.67767, 11.92896
-4.65923, -2.58046, 736.04734, 55.67879, 15.67767, 11.92896
-4.65923, -1.86861, 736.04734, 55.67879, 15.67767, 11.69956
-3.25267, -3.29231, 732.98526, 55.14852, 15.21656, 11.69956
-3.25267, -2.58046, 736.04734, 55.14852, 14.75546, 11.69956
-3.25267, -2.58046, 736.04734, 56.20907, 15.21656, 11.69956
-3.25267, -2.58046, 736.04734, 55.67879, 15.21656, 11.69956
-3.25267, -3.29231, 736.04734, 55.67879, 14.75546, 11.69956
-2.54939, -2.58046, 736.04734, 55.67879, 14.75546, 11.69956
-2.54939, -1.86861, 736.04734, 56.20907, 14.75546, 11.47016
-3.25267, -1.86861, 736.04734, 56.20907, 14.75546, 11.69956
-3.25267, -1.86861, 736.04734, 56.20907, 14.75546, 11.47016
-3.95595, -1.15676, 732.98526, 56.73934, 14.75546, 11.47016
-3.95595, -1.15676, 732.98526, 56.20907, 14.29435, 11.47016
-3.25267, -1.15676, 732.98526, 56.73934, 13.83324, 11.69956
-3.25267, -1.15676, 736.04734, 56.73934, 13.83324, 11.47016
-3.25267, -1.15676, 736.04734, 56.73934, 13.83324, 11.24075
-3.25267, -1.15676, 736.04734, 56.73934, 13.83324, 11.47016
-3.25267, -1.15676, 736.04734, 56.73934, 13.37213, 11.47016
-2.54939, -1.15676, 732.98526, 56.73934, 12.91102, 11.47016
-2.54939, -1.15676, 736.04734, 56.73934, 12.91102, 11.69956
-1.84611, -1.15676, 736.04734, 56.73934, 12.91102, 11.69956
-1.84611, -1.86861, 736.04734, 56.20907, 13.37213, 11.69956
-2.54939, -1.86861, 736.04734, 55.67879, 12.91102, 11.47016
-3.25267, -1.15676, 736.04734, 56.20907, 12.91102, 11.47016
-3.25267, -1.15676, 736.04734, 56.73934, 12.91102, 11.47016
-2.54939, -1.15676, 732.98526, 56.20907, 12.44992, 11.47016
-2.54939, -1.86861, 732.98526, 56.20907, 12.91102, 11.47016
-2.54939, -1.86861, 736.04734, 55.67879, 12.91102, 11.69956
-3.25267, -1.86861, 736.04734, 55.67879, 12.91102, 11.69956
-3.25267, -1.15676, 736.04734, 55.67879, 12.91102, 11.92896
-3.25267, -1.86861, 736.04734, 55.67879, 12.91102, 11.69956
-2.54939, -2.58046, 736.04734, 55.14852, 12.44992, 11.69956
-2.54939, -2.58046, 736.04734, 55.14852, 12.44992, 11.69956
-3.25267, -1.86861, 732.98526, 55.14852, 12.91102, 11.92896
-3.25267, -1.86861, 732.98526, 54.61824, 12.44992, 11.92896
-3.25267, -2.58046, 736.04734, 54.61824, 12.44992, 11.92896
-2.54939, -2.58046, 736.04734, 54.61824, 11.98881, 11.92896
-2.54939, -2.58046, 736.04734, 54.61824, 11.98881, 11.69956
-2.54939, -3.29231, 736.04734, 54.61824, 11.98881, 11.92896
-3.25267, -3.29231, 736.04734, 54.61824, 11.98881, 11.92896
-3.95595, -1.86861, 732.98526, 54.61824, 11.98881, 11.92896
-3.95595, -2.58046, 732.98526, 54.61824, 11.98881, 11.92896
-3.25267, -2.58046, 736.04734, 54.61824, 11.06659, 11.92896
-2.54939, -2.58046, 736.04734, 55.14852, 11.06659, 11.69956
-2.54939, -3.29231, 739.10942, 54.61824, 11.06659, 11.69956
-3.25267, -1.86861, 732.98526, 54.61824, 10.60548, 11.69956
-3.25267, -1.86861, 732.98526, 54.61824, 10.60548, 11.47016
-3.25267, -1.86861, 732.98526, 55.67879, 10.14438, 11.69956
-2.54939, -1.86861, 732.98526, 55.67879,  9.68327, 11.69956
-1.84611, -1.86861, 736.04734, 55.67879,  9.22216, 11.47016
-1.84611, -1.86861, 736.04734, 56.20907,  9.22216, 11.24075
-1.14283, -2.58046, 736.04734, 56.20907,  8.29994, 11.01135
-1.14283, -2.58046, 736.04734, 56.20907,  7.83884, 11.01135
-1.14283, -1.86861, 736.04734, 56.73934,  7.83884, 11.01135
-1.84611, -1.15676, 732.98526, 56.73934,  7.83884, 11.24075
-1.84611, -1.15676, 732.98526, 57.26961,  7.83884, 11.24075
-2.54939, -1.15676, 736.04734, 56.73934,  7.83884, 11.47016
-1.84611, -1.15676, 732.98526, 56.73934,  7.37773, 11.47016
-1.84611, -1.15676, 736.04734, 56.20907,  7.37773, 11.24075
-1.84611, -1.86861, 736.04734, 55.67879,  7.37773, 11.69956
-2.54939, -1.86861, 736.04734, 55.67879,  7.83884, 11.69956
-2.54939, -1.86861, 736.04734, 55.67879,  7.37773, 11.92896
-2.54939, -1.86861, 736.04734, 55.14852,  7.83884, 11.92896
-2.54939, -2.58046, 736.04734, 55.67879,  7.83884, 11.92896
-3.25267, -1.86861, 732.98526, 55.67879,  8.29994, 11.69956
-3.95595, -1.15676, 732.98526, 56.20907,  8.29994, 11.69956
-3.25267, -1.15676, 732.98526, 56.73934,  8.76105, 11.69956
-3.25267, -1.15676, 736.04734, 57.26961,  8.29994, 11.47016
-1.84611, -1.86861, 736.04734, 57.26961,  7.83884, 11.47016
-1.14283, -1.86861, 736.04734, 56.73934,  7.37773, 11.47016
-1.14283, -2.58046, 736.04734, 57.26961,  7.37773, 11.24075
-1.14283, -1.86861, 736.04734, 56.73934,  6.91662, 11.47016
-1.14283, -1.86861, 732.98526, 56.73934,  7.37773, 11.69956
-1.84611, -1.15676, 732.98526, 56.73934,  7.37773, 11.69956
-1.84611, -1.15676, 736.04734, 56.73934,  7.37773, 11.69956
-1.84611, -1.15676, 736.04734, 57.26961,  7.37773, 11.69956
-2.54939, -1.15676, 739.10942, 56.73934,  7.37773, 11.69956
-2.54939, -1.15676, 732.98526, 56.73934,  7.83884, 11.69956
-2.54939, -0.44491, 736.04734, 57.26961,  7.83884, 11.69956
-2.54939, -0.44491, 732.98526, 57.79989,  7.83884, 11.92896
-3.25267, -0.44491, 736.04734, 57.79989,  7.83884, 11.92896
-2.54939, -0.44491, 736.04734, 57.79989,  7.83884, 11.92896
-2.54939, -1.15676, 736.04734, 57.79989,  8.29994, 11.69956
-3.25267, -1.15676, 732.98526, 57.26961,  8.76105, 11.69956
-3.25267, -1.15676, 736.04734, 56.73934,  8.76105, 11.69956
-3.25267, -1.86861, 736.04734, 56.73934,  8.29994, 11.47016
-3.25267, -1.86861, 732.98526, 56.73934,  9.22216, 11.69956
-3.25267, -1.86861, 739.10942, 56.20907,  9.22216, 11.69956
-3.95595, -2.58046, 736.04734, 56.20907,  9.22216, 11.69956
-4.65923, -2.58046, 736.04734, 56.20907,  9.22216, 11.47016
-3.95595, -1.86861, 736.04734, 56.73934,  9.68327, 11.47016
-4.65923, -1.86861, 736.04734, 56.20907, 10.14438, 11.24075
-4.65923, -1.86861, 736.04734, 56.20907,  9.68327, 11.47016
-4.65923, -1.86861, 739.10942, 55.67879,  9.68327, 11.47016
-4.65923, -1.86861, 736.04734, 55.14852,  9.68327, 11.47016
-5.36250, -1.15676, 736.04734, 55.14852,  9.68327, 11.69956
-4.65923, -1.86861, 736.04734, 55.67879,  9.68327, 11.69956
-3.95595, -2.58046, 732.98526, 55.67879,  9.22216, 11.92896
-2.54939, -3.29231, 736.04734, 55.14852,  8.76105, 11.69956
-1.84611, -3.29231, 739.10942, 55.14852,  8.29994, 11.92896
-1.84611, -3.29231, 736.04734, 55.67879,  8.29994, 12.15837
-2.54939, -2.58046, 736.04734, 56.20907,  8.76105, 11.92896
-2.54939, -1.15676, 732.98526, 56.20907,  8.29994, 11.69956
-2.54939, -1.15676, 732.98526, 56.73934,  8.29994, 11.47016
-2.54939, -1.15676, 732.98526, 56.20907,  7.83884, 11.47016
-2.54939, -1.15676, 736.04734, 56.20907,  7.37773, 11.47016
-1.84611, -1.15676, 736.04734, 56.73934,  6.91662, 11.24075
-1.84611, -1.15676, 736.04734, 56.73934,  6.91662, 11.47016
-2.54939, -1.15676, 736.04734, 56.73934,  6.91662, 11.69956
-2.54939, -1.15676, 736.04734, 56.73934,  6.91662, 11.69956
-1.84611, -1.15676, 736.04734, 56.73934,  6.91662, 11.69956
-1.14283, -1.86861, 739.10942, 56.73934,  6.91662, 11.92896
-3.25267, -1.15676, 736.04734, 57.26961,  7.37773, 11.92896
-3.25267, -1.15676, 736.04734, 57.26961,  7.37773, 11.92896
-2.54939, -1.86861, 736.04734, 56.20907,  7.37773, 11.92896
-2.54939, -1.86861, 736.04734, 56.20907,  7.37773, 11.92896
-3.25267, -1.86861, 736.04734, 56.73934,  7.37773, 11.92896
-3.25267, -1.86861, 736.04734, 56.73934,  7.37773, 11.69956
-3.95595, -1.86861, 732.98526, 56.20907,  7.37773, 11.69956
-3.25267, -1.86861, 736.04734, 56.20907,  7.37773, 11.69956
-2.54939, -1.86861, 736.04734, 56.20907,  6.91662, 11.69956
-2.54939, -2.58046, 736.04734, 56.20907,  7.37773, 11.69956
-3.25267, -1.86861, 736.04734, 55.67879,  7.37773, 11.69956
-3.25267, -1.86861, 736.04734, 55.67879,  6.91662, 11.69956
-3.25267, -1.86861, 736.04734, 55.14852,  6.91662, 11.47016
-2.54939, -2.58046, 736.04734, 55.67879,  6.45551, 11.47016
-1.14283, -2.58046, 736.04734, 55.67879,  6.45551, 11.47016
-1.84611, -1.86861, 736.04734, 56.20907,  6.45551, 11.47016
-2.54939, -1.86861, 736.04734, 56.20907,  6.45551, 11.47016
-2.54939, -1.15676, 736.04734, 56.20907,  6.45551, 11.24075
-1.84611, -1.86861, 736.04734, 56.20907,  5.99440, 11.47016
-1.84611, -1.86861, 736.04734, 55.67879,  5.99440, 11.47016
-1.84611, -1.86861, 736.04734, 56.20907,  5.99440, 11.24075
-1.84611, -1.86861, 736.04734, 56.20907,  5.53330, 11.47016
-1.84611, -1.86861, 736.04734, 55.67879,  5.53330, 11.47016
-1.84611, -1.86861, 736.04734, 55.14852,  5.53330, 11.69956
-1.84611, -1.15676, 736.04734, 55.67879,  5.99440, 11.92896
-2.54939, -1.86861, 739.10942, 55.67879,  5.99440, 11.69956
-1.84611, -2.58046, 736.04734, 55.67879,  5.99440, 11.69956
-1.14283, -2.58046, 736.04734, 55.67879,  5.53330, 11.69956
-0.43955, -2.58046, 736.04734, 54.61824,  5.53330, 11.47016
-1.14283, -2.58046, 732.98526, 55.67879,  5.53330, 11.69956
-1.14283, -1.86861, 732.98526, 55.67879,  5.53330, 11.69956
-1.14283, -2.58046, 736.04734, 55.67879,  5.53330, 11.47016
-1.14283, -2.58046, 736.04734, 55.67879,  5.53330, 11.47016
-1.14283, -2.58046, 736.04734, 55.67879,  5.07219, 11.47016
-1.14283, -1.86861, 739.10942, 55.67879,  5.07219, 11.69956
-0.43955, -1.86861, 739.10942, 56.73934,  5.53330, 11.69956
-1.14283, -1.86861, 736.04734, 56.73934,  5.53330, 11.92896
-1.14283, -1.15676, 739.10942, 57.26961,  5.99440, 11.92896
-1.14283, -1.15676, 736.04734, 57.79989,  5.53330, 11.69956
-1.14283, -1.15676, 736.04734, 57.79989,  5.99440, 11.69956
-0.43955, -0.44491, 736.04734, 57.79989,  5.99440, 11.69956
-1.84611, -1.15676, 736.04734, 57.79989,  5.99440, 11.69956
-1.84611, -0.44491, 732.98526, 57.26961,  6.45551, 11.69956
-2.54939, -1.15676, 736.04734, 57.26961,  6.91662, 11.69956
-2.54939, -0.44491, 736.04734, 57.26961,  7.37773, 11.69956
-2.54939, -1.15676, 736.04734, 57.26961,  7.37773, 11.69956
-2.54939, -1.15676, 739.10942, 57.26961,  7.83884, 11.69956
-2.54939, -1.86861, 739.10942, 56.73934,  7.83884, 11.69956
-3.25267, -1.86861, 736.04734, 56.73934,  8.29994, 11.47016
-3.95595, -1.15676, 736.04734, 56.73934,  9.22216, 11.69956
-3.95595, -1.86861, 736.04734, 56.20907,  9.22216, 11.69956
-3.25267, -1.86861, 736.04734, 55.67879,  9.22216, 11.69956
-2.54939, -2.58046, 739.10942, 55.67879,  9.22216, 11.69956
-3.25267, -2.58046, 736.04734, 55.14852,  9.22216, 11.69956
-3.25267, -2.58046, 732.98526, 55.14852,  8.76105, 11.47016
-3.25267, -2.58046, 736.04734, 54.61824,  9.22216, 11.69956
-3.25267, -2.58046, 732.98526, 54.08797,  9.22216, 11.69956
-3.25267, -3.29231, 736.04734, 54.08797,  9.68327, 11.69956
-3.25267, -2.58046, 736.04734, 54.08797,  9.22216, 11.92896
-3.95595, -3.29231, 739.10942, 54.08797,  9.68327, 11.69956
-2.54939, -3.29231, 739.10942, 54.08797,  9.68327, 11.92896
-2.54939, -2.58046, 736.04734, 54.08797,  9.68327, 11.69956
-2.54939, -3.29231, 736.04734, 54.61824,  9.68327, 11.69956
-2.54939, -2.58046, 739.10942, 54.61824, 10.14438, 11.69956
-3.25267, -1.86861, 736.04734, 55.14852, 10.14438, 11.69956
-2.54939, -2.58046, 736.04734, 55.14852, 10.14438, 11.47016
-3.25267, -3.29231, 736.04734, 54.08797, 10.14438, 11.47016
-3.25267, -3.29231, 736.04734, 54.61824, 10.60548, 11.69956
-3.25267, -2.58046, 732.98526, 54.61824, 10.60548, 11.69956
-3.25267, -2.58046, 736.04734, 55.14852, 10.60548, 11.92896
-3.95595, -1.86861, 736.04734, 55.67879, 10.60548, 11.92896
-3.25267, -1.86861, 736.04734, 56.73934, 10.60548, 11.92896
-2.54939, -1.86861, 736.04734, 57.79989, 10.60548, 11.69956
-3.25267, -1.15676, 739.10942, 57.79989, 11.06659, 11.69956
-3.95595, -1.15676, 732.98526, 58.33016, 11.52770, 11.69956
-3.95595, -1.15676, 732.98526, 58.33016, 11.52770, 11.92896
-3.95595, -0.44491, 736.04734, 58.86044, 11.52770, 11.92896
-3.95595, -0.44491, 736.04734, 58.86044, 11.52770, 11.69956
-3.95595, -0.44491, 739.10942, 58.86044, 11.98881, 11.92896
-3.95595,  0.26694, 736.04734, 59.39071, 11.98881, 11.92896
-4.65923,  0.26694, 736.04734, 59.39071, 11.98881, 11.69956
-4.65923,  0.26694, 736.04734, 59.39071, 11.98881, 11.47016
-4.65923,  0.26694, 736.04734, 58.86044, 11.98881, 11.47016
-3.95595, -0.44491, 736.04734, 58.33016, 11.98881, 11.47016
-3.25267, -0.44491, 739.10942, 58.33016, 11.52770, 11.69956
-3.25267, -1.15676, 736.04734, 58.33016, 11.98881, 11.47016
-3.95595, -1.86861, 736.04734, 57.79989, 11.52770, 11.47016
-3.25267, -1.86861, 739.10942, 57.79989, 11.98881, 11.47016
-3.25267, -1.86861, 736.04734, 56.73934, 11.52770, 11.47016
-3.25267, -1.86861, 736.04734, 56.73934, 11.52770, 11.47016
-3.25267, -1.86861, 736.04734, 56.20907, 11.52770, 11.47016
-3.95595, -2.58046, 736.04734, 56.20907, 11.52770, 11.47016
-3.95595, -2.58046, 732.98526, 55.14852, 11.06659, 11.24075
-3.25267, -2.58046, 732.98526, 55.14852, 11.06659, 11.47016
-3.25267, -3.29231, 736.04734, 54.61824, 11.06659, 11.47016
-3.25267, -2.58046, 736.04734, 54.61824, 11.06659, 11.47016
-3.25267, -3.29231, 736.04734, 54.61824, 10.60548, 11.47016
-2.54939, -2.58046, 739.10942, 54.61824, 10.60548, 11.69956
-2.54939, -3.29231, 736.04734, 55.14852, 10.14438, 11.92896
-1.84611, -3.29231, 739.10942, 54.61824,  9.68327, 11.69956
-2.54939, -2.58046, 739.10942, 55.14852,  9.68327, 11.92896
-1.84611, -2.58046, 736.04734, 55.67879,  9.68327, 11.92896
-1.84611, -1.86861, 739.10942, 55.67879,  9.68327, 11.69956
-1.14283, -2.58046, 739.10942, 55.14852,  9.68327, 11.69956
-1.14283, -2.58046, 736.04734, 55.14852,  9.68327, 11.69956
-1.84611, -1.86861, 732.98526, 55.67879,  9.22216, 11.69956
-1.14283, -1.86861, 736.04734, 56.20907,  9.22216, 11.69956
-1.14283, -1.86861, 739.10942, 56.73934,  9.68327, 11.69956
-1.14283, -1.15676, 736.04734, 57.79989,  9.22216, 11.69956
-1.84611, -1.15676, 736.04734, 57.79989,  9.68327, 11.69956
-1.84611, -0.44491, 736.04734, 57.79989, 10.14438, 11.92896
-1.84611,  0.26694, 736.04734, 58.33016, 10.14438, 11.69956
-2.54939,  0.26694, 736.04734, 58.33016, 10.14438, 11.92896
-2.54939,  0.26694, 736.04734, 58.86044, 10.60548, 11.92896
-3.25267,  0.97879, 739.10942, 58.86044, 10.60548, 11.69956
-3.25267,  0.26694, 736.04734, 58.33016, 10.60548, 11.69956
-3.25267, -0.44491, 739.10942, 57.79989, 10.60548, 11.69956
-2.54939, -1.15676, 739.10942, 57.26961, 11.06659, 11.69956
-3.25267, -1.15676, 739.10942, 56.73934, 11.06659, 11.92896
-2.54939, -1.15676, 736.04734, 56.20907, 11.52770, 11.69956
-3.25267, -2.58046, 736.04734, 55.14852, 11.52770, 11.92896
-3.95595, -3.29231, 739.10942, 54.61824, 11.52770, 11.69956
-3.25267, -4.00416, 736.04734, 54.08797, 11.52770, 11.69956
-3.25267, -4.00416, 736.04734, 54.08797, 11.06659, 11.69956
-3.25267, -4.00416, 736.04734, 54.08797, 11.06659, 11.69956
-2.54939, -4.71601, 736.04734, 54.08797, 11.06659, 11.69956
-2.54939, -4.71601, 732.98526, 54.61824, 11.06659, 11.69956
-2.54939, -4.00416, 736.04734, 54.08797, 11.06659, 11.69956
-2.54939, -4.00416, 736.04734, 54.61824, 11.06659, 11.47016
-2.54939, -4.00416, 739.10942, 55.14852, 11.06659, 11.47016
-2.54939, -2.58046, 736.04734, 55.67879, 11.06659, 11.47016
-1.84611, -2.58046, 739.10942, 55.67879, 10.60548, 11.47016
-2.54939, -1.86861, 736.04734, 55.67879, 11.06659, 11.69956
-3.25267, -1.15676, 736.04734, 56.73934, 11.06659, 11.69956
-3.25267, -1.15676, 736.04734, 56.73934, 11.06659, 11.69956
-3.25267, -1.15676, 736.04734, 57.26961, 11.06659, 11.69956
-2.54939, -1.15676, 739.10942, 57.26961, 11.06659, 11.69956
-2.54939, -0.44491, 736.04734, 57.26961, 10.60548, 11.69956
-2.54939, -0.44491, 739.10942, 57.26961, 10.60548, 11.69956
-3.95595, -0.44491, 739.10942, 57.79989, 10.60548, 11.92896
-3.25267, -0.44491, 736.04734, 57.79989, 10.14438, 11.69956
-2.54939, -1.15676, 739.10942, 57.26961, 10.14438, 11.69956
-1.14283, -1.86861, 736.04734, 57.26961,  9.68327, 11.69956
-1.14283, -1.86861, 732.98526, 56.73934,  9.68327, 11.69956
-1.14283, -1.86861, 732.98526, 56.73934,  9.68327, 11.47016
-1.14283, -1.86861, 736.04734, 56.73934,  9.68327, 11.47016
-1.84611, -1.86861, 736.04734, 56.73934,  9.68327, 11.47016
-1.84611, -1.86861, 739.10942, 57.26961,  9.68327, 11.69956
-1.84611, -1.86861, 739.10942, 56.73934,  9.22216, 11.47016
-1.84611, -1.86861, 739.10942, 56.73934,  9.68327, 11.69956
-2.54939, -1.15676, 739.10942, 57.26961,  9.68327, 11.69956
-1.84611, -1.15676, 739.10942, 57.26961,  9.68327, 11.69956
-1.84611, -1.15676, 742.17150, 57.79989,  9.22216, 11.69956
-2.54939, -1.86861, 739.10942, 57.26961,  9.68327, 11.47016
-3.25267, -1.86861, 736.04734, 57.79989, 10.14438, 11.69956
-3.25267, -1.15676, 736.04734, 57.26961, 10.14438, 11.92896
-3.25267, -1.86861, 732.98526, 56.20907, 10.14438, 11.92896
-3.25267, -1.86861, 736.04734, 55.67879, 10.14438, 11.69956
-3.25267, -1.86861, 739.10942, 55.14852, 10.14438, 11.69956
-2.54939, -1.86861, 739.10942, 55.67879, 10.14438, 11.69956
-2.54939, -1.86861, 736.04734, 55.14852, 10.14438, 11.92896
-2.54939, -2.58046, 739.10942, 55.67879, 10.14438, 11.69956
-3.25267, -2.58046, 736.04734, 55.67879, 10.14438, 11.69956
-2.54939, -2.58046, 739.10942, 55.67879,  9.68327, 11.69956
-1.84611, -2.58046, 739.10942, 55.14852,  9.22216, 11.47016
-2.54939, -2.58046, 739.10942, 55.14852,  9.68327, 11.69956
-2.54939, -2.58046, 736.04734, 55.14852,  9.22216, 11.47016
-2.54939, -1.86861, 736.04734, 54.61824,  8.76105, 11.69956
-1.84611, -2.58046, 736.04734, 55.14852,  8.29994, 11.69956
-1.14283, -2.58046, 736.04734, 55.14852,  8.29994, 11.69956
-1.14283, -2.58046, 739.10942, 55.67879,  8.29994, 11.69956
-2.54939, -1.86861, 736.04734, 55.67879,  8.29994, 11.69956
-2.54939, -2.58046, 736.04734, 55.67879,  8.29994, 11.92896
-3.25267, -1.86861, 739.10942, 56.20907,  8.76105, 11.69956
-2.54939, -1.86861, 736.04734, 55.67879,  8.29994, 11.69956
-1.14283, -1.86861, 736.04734, 56.20907,  8.29994, 11.69956
-1.14283, -1.86861, 739.10942, 56.20907,  7.83884, 11.47016
-1.14283, -1.86861, 739.10942, 56.73934,  7.83884, 11.69956
-1.84611, -1.86861, 739.10942, 56.20907,  8.29994, 11.69956
-2.54939, -1.86861, 736.04734, 56.20907,  8.76105, 11.92896
-3.25267, -1.15676, 736.04734, 56.73934,  8.76105, 12.15837
-3.25267, -1.15676, 739.10942, 57.26961,  8.29994, 11.92896
-3.25267, -1.86861, 736.04734, 56.73934,  8.29994, 11.92896
-3.25267, -1.86861, 732.98526, 56.73934,  8.29994, 11.92896
-2.54939, -1.86861, 732.98526, 56.20907,  7.83884, 11.69956
-1.84611, -1.15676, 736.04734, 56.73934,  7.83884, 11.69956
-1.84611, -2.58046, 736.04734, 57.26961,  7.83884, 11.47016
-1.84611, -2.58046, 739.10942, 57.26961,  7.83884, 11.47016
